accession,hgvs_nt,hgvs_splice,hgvs_pro,score,score_95CI_low,score_95CI_high
urn:mavedb:00000408-0-1#1,c.=,NA,p.=,1.0667562577449825,1.0277587956633354,1.1404204176492232
urn:mavedb:00000408-0-1#2,c.[63T>C;66G>A],NA,p.=,0.8883059261266908,0.5645132106069641,1.2180546395266696
urn:mavedb:00000408-0-1#3,c.[96C>T;111G>A;114T>C],NA,p.=,1.3808114725047784,1.3274646447141336,1.4339917512139475
urn:mavedb:00000408-0-1#4,c.96C>T,NA,p.=,1.1962391459236907,1.1413618127957137,1.2429331327929694
urn:mavedb:00000408-0-1#5,c.[6T>C;12A>G;90A>G;117G>C],NA,p.=,1.2674388482441192,1.140658522893131,1.3951473779739871
urn:mavedb:00000408-0-1#6,c.[87C>T;126G>A;129G>T],NA,p.=,1.3818598588009965,1.3204970190172918,1.4534079453241218
urn:mavedb:00000408-0-1#7,c.[1G>C;2G>A;3T>G],NA,p.Gly1Gln,1.0381365494301755,0.9840587841210668,1.1363408464268914
urn:mavedb:00000408-0-1#8,c.[2G>A;3T>A],NA,p.Gly1Glu,1.103727353090347,1.0251038263040646,1.1511885312657766
urn:mavedb:00000408-0-1#9,c.[1G>A;2G>A;3T>C],NA,p.Gly1Asn,1.03817512958363,0.9993811083563262,1.082301707497081
urn:mavedb:00000408-0-1#10,c.[1G>C;2G>A;3T>C],NA,p.Gly1His,0.9731860228634424,0.9137483114691092,1.010984116655493
urn:mavedb:00000408-0-1#11,c.[2G>A;3T>C],NA,p.Gly1Asp,1.0977116482540408,1.033241399865351,1.1509519638261525
urn:mavedb:00000408-0-1#12,c.1G>C,NA,p.Gly1Arg,0.548335999670663,0.49383510259977,0.5856548739249596
urn:mavedb:00000408-0-1#13,c.[1G>A;2G>A;3T>A],NA,p.Gly1Lys,0.7763745587539364,0.7362813908690781,0.83395992028059
urn:mavedb:00000408-0-1#14,c.[1G>A;2G>C;3T>C],NA,p.Gly1Thr,1.0770411973501837,1.0152967057566364,1.1350900165382083
urn:mavedb:00000408-0-1#15,c.[1G>T;2G>C],NA,p.Gly1Ser,1.085184646697476,1.018288553497071,1.1435041433703943
urn:mavedb:00000408-0-1#16,c.[2G>C;3T>G],NA,p.Gly1Ala,1.1390813151709538,1.096194099049894,1.1966728745731423
urn:mavedb:00000408-0-1#17,c.[1G>A;2G>T;3T>G],NA,p.Gly1Met,1.168083792680025,1.1286278528821632,1.2161004767335752
urn:mavedb:00000408-0-1#18,c.[1G>C;2G>T;3T>G],NA,p.Gly1Leu,1.1818022408332614,1.1323025372025204,1.2217576078423866
urn:mavedb:00000408-0-1#19,c.2G>T,NA,p.Gly1Val,1.079845487637998,1.032007173110559,1.1510199674570267
urn:mavedb:00000408-0-1#20,c.[1G>A;2G>T;3T>C],NA,p.Gly1Ile,1.1255228885112882,1.0814156273058724,1.1747156175520128
urn:mavedb:00000408-0-1#21,c.[1G>T;3T>G],NA,p.Gly1Trp,0.8562842461378495,0.7995932028391407,0.9029934893088084
urn:mavedb:00000408-0-1#22,c.[1G>T;2G>A;3T>C],NA,p.Gly1Tyr,1.009232753721641,0.9677139224247204,1.090018183270364
urn:mavedb:00000408-0-1#23,c.[1G>T;2G>T;3T>C],NA,p.Gly1Phe,1.103367550605371,1.0419040138299052,1.141697937107805
urn:mavedb:00000408-0-1#24,c.[1G>C;2G>C;3T>G],NA,p.Gly1Pro,1.112278816492092,1.0499251607180624,1.1582017667310092
urn:mavedb:00000408-0-1#25,c.[1_3delinsGGTGGC;51G>T;54G>A],NA,p.Gly1delinsGlyGly,1.3721265087454555,1.2571861214892035,1.4635558338133652
urn:mavedb:00000408-0-1#26,c.[1_3delinsGCTGGT;96C>T;117G>C],NA,p.Gly1delinsAlaGly,1.3348290428578429,1.2759947608990787,1.400511368909832
urn:mavedb:00000408-0-1#27,c.1_3del,NA,p.Gly1del,1.265026515830453,1.15271455865585,1.3521844044936944
urn:mavedb:00000408-0-1#28,c.[4T>C;5C>A;6T>G],NA,p.Ser2Gln,1.20226100641059,1.143473161386195,1.2818527426754414
urn:mavedb:00000408-0-1#29,c.[4T>G;5C>A;6T>A],NA,p.Ser2Glu,0.9898957062938722,0.9096013917130232,1.0681746272073809
urn:mavedb:00000408-0-1#30,c.[4T>A;5C>A;6T>C],NA,p.Ser2Asn,1.0535884987046045,1.0145150782135048,1.111044129309115
urn:mavedb:00000408-0-1#31,c.[4T>C;5C>A;6T>C],NA,p.Ser2His,1.1464535409119634,1.0888685731072762,1.2018882322418805
urn:mavedb:00000408-0-1#32,c.[4T>G;5C>A;6T>C],NA,p.Ser2Asp,1.0732896788322597,1.0151196948071664,1.146979750652482
urn:mavedb:00000408-0-1#33,c.[4T>C;5C>G],NA,p.Ser2Arg,0.8555583195219301,0.7814258248415539,0.9238435825522384
urn:mavedb:00000408-0-1#34,c.[4T>A;5C>A;6T>A],NA,p.Ser2Lys,1.0107455907850138,0.9406182272452472,1.1143286104411851
urn:mavedb:00000408-0-1#35,c.4T>A,NA,p.Ser2Thr,1.1356804647433063,1.1080036468564058,1.1961234208816158
urn:mavedb:00000408-0-1#36,c.[4T>G;6T>G],NA,p.Ser2Ala,1.2065572449769737,1.116590462277178,1.2612366067366312
urn:mavedb:00000408-0-1#37,c.[4T>G;5C>G;6T>C],NA,p.Ser2Gly,1.2147141509534594,1.1642430937609527,1.2534359487687692
urn:mavedb:00000408-0-1#38,c.[4T>A;5C>T;6T>G],NA,p.Ser2Met,1.1369446215559038,1.070050435827919,1.2176459692582566
urn:mavedb:00000408-0-1#39,c.[4T>C;5C>T;6T>G],NA,p.Ser2Leu,1.1162574512148211,1.0368820202189422,1.1778531075069725
urn:mavedb:00000408-0-1#40,c.[4T>G;5C>T],NA,p.Ser2Val,1.1126562537421787,1.027367329185239,1.1650521657701438
urn:mavedb:00000408-0-1#41,c.[4T>A;5C>T;6T>C],NA,p.Ser2Ile,1.1168291058228512,1.0337544389634257,1.1803266448617773
urn:mavedb:00000408-0-1#42,c.[5C>G;6T>G],NA,p.Ser2Trp,1.1793701203274771,1.1117061378880388,1.221624478499704
urn:mavedb:00000408-0-1#43,c.[5C>A;6T>C],NA,p.Ser2Tyr,1.1363042531466436,1.093809147861669,1.1954485701688076
urn:mavedb:00000408-0-1#44,c.[5C>T;6T>C;96C>T],NA,p.Ser2Phe,1.147088194129609,1.0919844178284028,1.1897127541616035
urn:mavedb:00000408-0-1#45,c.[4T>C;6T>G],NA,p.Ser2Pro,1.090867239537947,1.0281637041852714,1.1364407442947355
urn:mavedb:00000408-0-1#46,c.[3T>C;5C>G;6T>C;12A>G;21C>T;27G>A;96C>T;126G>A],NA,p.Ser2Cys,1.277171424306406,1.1544955173080225,1.4166350214338908
urn:mavedb:00000408-0-1#47,c.[3_4insGGC;96C>T;129G>T],NA,p.Gly1_Ser2insGly,1.268802047923939,1.1983615192197774,1.3125021688297105
urn:mavedb:00000408-0-1#48,c.[3_4insGCG;57C>T;120A>G;129G>T],NA,p.Gly1_Ser2insAla,1.239983133372374,1.1882270601271916,1.2938357405222776
urn:mavedb:00000408-0-1#49,c.[4_6del;129G>T],NA,p.Ser2del,1.3030777224444376,1.218684092962638,1.349361284714136
urn:mavedb:00000408-0-1#50,c.[7A>C;8T>A],NA,p.Met3Gln,1.0703382702150073,1.0003036626533064,1.1557354371047
urn:mavedb:00000408-0-1#51,c.[7A>G;8T>A;9G>A;12A>G],NA,p.Met3Glu,0.831719527574877,0.7240114115931426,0.8946341043607827
urn:mavedb:00000408-0-1#52,c.[8T>A;9G>C],NA,p.Met3Asn,1.0048555690781489,0.96760481786879,1.0601087119602768
urn:mavedb:00000408-0-1#53,c.[7A>C;8T>A;9G>C],NA,p.Met3His,0.969227123160014,0.9037522618031764,1.061955527557812
urn:mavedb:00000408-0-1#54,c.[7A>G;8T>A;9G>C;12A>G],NA,p.Met3Asp,1.1403596430649734,1.0860601097839455,1.1913802619837
urn:mavedb:00000408-0-1#55,c.[7A>C;8T>G;9G>T],NA,p.Met3Arg,1.1266983393932726,1.059317031709826,1.1915194626893388
urn:mavedb:00000408-0-1#56,c.[8T>A;9G>A],NA,p.Met3Lys,1.2155532941709342,1.133481558571094,1.2842418346672233
urn:mavedb:00000408-0-1#57,c.[8T>C;9G>C],NA,p.Met3Thr,0.968290973311934,0.8896153530457468,1.0446736475076617
urn:mavedb:00000408-0-1#58,c.[7A>T;8T>C;9G>T],NA,p.Met3Ser,1.0275828580757933,0.968042232099432,1.082034478212924
urn:mavedb:00000408-0-1#59,c.[7A>G;8T>C],NA,p.Met3Ala,1.1420345897654225,1.0623299525055097,1.193652405045808
urn:mavedb:00000408-0-1#60,c.[7A>G;8T>G;9G>T],NA,p.Met3Gly,1.024388005261904,0.976201449364201,1.0890856248703469
urn:mavedb:00000408-0-1#61,c.7A>C,NA,p.Met3Leu,1.1503458264553152,1.1232245768172398,1.2048539581655342
urn:mavedb:00000408-0-1#62,c.[7A>G;9G>T],NA,p.Met3Val,1.0929492588835974,1.0652623847127634,1.1958152287049717
urn:mavedb:00000408-0-1#63,c.9G>C,NA,p.Met3Ile,1.1303237338458454,1.0777878996382964,1.1783675836581002
urn:mavedb:00000408-0-1#64,c.[7A>T;8T>G],NA,p.Met3Trp,1.0613812248841978,1.002980389569165,1.1121517921507689
urn:mavedb:00000408-0-1#65,c.[7A>T;8T>A;9G>C],NA,p.Met3Tyr,1.126522007198152,1.0520279046016243,1.1743804396128776
urn:mavedb:00000408-0-1#66,c.[7A>T;9G>C],NA,p.Met3Phe,1.1906371304750023,1.1385393198127494,1.240982292544602
urn:mavedb:00000408-0-1#67,c.[7A>C;8T>C],NA,p.Met3Pro,1.1418115705802443,1.1064133558240925,1.2017995382240478
urn:mavedb:00000408-0-1#68,c.[7A>T;8T>G;9G>C;27G>A;96C>T],NA,p.Met3Cys,1.208910006463799,1.053391326180525,1.379836914497082
urn:mavedb:00000408-0-1#69,c.[3T>C;6delinsCGGT;30A>G;93C>T],NA,p.Ser2_Met3insGly,1.2215318934399146,1.1108393142238462,1.3600193172887958
urn:mavedb:00000408-0-1#70,c.[3T>C;6_7insGCG;66G>A;96C>T;111G>A;114T>C;120A>G],NA,p.Ser2_Met3insAla,1.26689294904604,1.1777736718927423,1.3604830618981691
urn:mavedb:00000408-0-1#71,c.[6T>C;7_9del;12A>G;90A>G;129G>T],NA,p.Met3del,1.1954601444491737,1.0877885398069258,1.3321476690156318
urn:mavedb:00000408-0-1#72,c.[10G>C;12A>G],NA,p.Glu4Gln,1.2033971608944125,1.1439726555026748,1.268589602818584
urn:mavedb:00000408-0-1#73,c.[10G>A;12A>C],NA,p.Glu4Asn,1.0759110177210558,1.0052166348604612,1.107208563079033
urn:mavedb:00000408-0-1#74,c.[10G>C;12A>C],NA,p.Glu4His,1.2404470256068238,1.1930302359255978,1.2772040224151109
urn:mavedb:00000408-0-1#75,c.12A>C,NA,p.Glu4Asp,1.0995948314953723,1.0143706193993307,1.1911578388605313
urn:mavedb:00000408-0-1#76,c.[10G>C;11A>G;12A>T],NA,p.Glu4Arg,1.049848126014339,0.9944667375450752,1.1056219288413758
urn:mavedb:00000408-0-1#77,c.10G>A,NA,p.Glu4Lys,1.0337647660649354,0.9660831035219356,1.1014612162056732
urn:mavedb:00000408-0-1#78,c.[10G>A;11A>C;12A>C],NA,p.Glu4Thr,1.1670446851294043,1.1222424696200703,1.2342826664162805
urn:mavedb:00000408-0-1#79,c.[10G>T;11A>C;12A>T],NA,p.Glu4Ser,1.1971273553187451,1.1514261975416946,1.2579007108631048
urn:mavedb:00000408-0-1#80,c.[11A>C;12A>G],NA,p.Glu4Ala,1.3170347639490472,1.2681830097568203,1.3890216715297343
urn:mavedb:00000408-0-1#81,c.[11A>G;12A>T],NA,p.Glu4Gly,1.1359008317901509,1.0661742745410543,1.197964859815068
urn:mavedb:00000408-0-1#82,c.[10G>A;11A>T;12A>G],NA,p.Glu4Met,1.2422123775617222,1.1737223873309908,1.3058193357405887
urn:mavedb:00000408-0-1#83,c.[10G>C;11A>T;12A>G],NA,p.Glu4Leu,1.243898640995734,1.195854426791879,1.3270297690156343
urn:mavedb:00000408-0-1#84,c.[11A>T;12A>T],NA,p.Glu4Val,1.2606014762145965,1.1931461015502651,1.3281050085848431
urn:mavedb:00000408-0-1#85,c.[10G>A;11A>T;12A>C],NA,p.Glu4Ile,1.379034638317265,1.2932150589823068,1.4628665959229552
urn:mavedb:00000408-0-1#86,c.[10G>T;11A>G;12A>G],NA,p.Glu4Trp,1.3653267586342828,1.3027562601265048,1.4397973823090018
urn:mavedb:00000408-0-1#87,c.[10G>T;12A>C],NA,p.Glu4Tyr,1.0824371133836448,1.0470406529077656,1.1095963577592076
urn:mavedb:00000408-0-1#88,c.[10G>T;11A>T;12A>C],NA,p.Glu4Phe,1.2298552877153788,1.1658974121282075,1.2812446857551865
urn:mavedb:00000408-0-1#89,c.[10G>C;11A>C;12A>G],NA,p.Glu4Pro,1.2016321187182328,1.1219571409937648,1.248450968168869
urn:mavedb:00000408-0-1#90,c.[10G>T;11A>G;12A>C;90A>G],NA,p.Glu4Cys,1.845026051098405,1.6487356585983506,1.9671797722340765
urn:mavedb:00000408-0-1#91,c.[3T>C;9_10insGGT;93C>T;96C>T;108C>T;111G>A;117G>C;129G>T],NA,p.Met3_Glu4insGly,1.2526105357689492,1.180246464543954,1.3136465302756184
urn:mavedb:00000408-0-1#92,c.[3T>C;9_10insGCG;108C>T],NA,p.Met3_Glu4insAla,1.173142940247776,1.1253939915451825,1.2129842174529435
urn:mavedb:00000408-0-1#93,c.[10_12del;108C>T],NA,p.Glu4del,1.386214967538407,1.2628869395522604,1.465447762766248
urn:mavedb:00000408-0-1#94,c.[13C>G;15G>A],NA,p.Gln5Glu,1.096251193741633,1.045886943803506,1.166402317133894
urn:mavedb:00000408-0-1#95,c.[13C>A;15G>C],NA,p.Gln5Asn,1.1458755920786097,1.083573626512749,1.1875669020782396
urn:mavedb:00000408-0-1#96,c.15G>C,NA,p.Gln5His,1.175191089766551,1.120517460845443,1.238456336562104
urn:mavedb:00000408-0-1#97,c.[13C>G;15G>C],NA,p.Gln5Asp,1.0626583571912374,0.9882303207869227,1.154478513272058
urn:mavedb:00000408-0-1#98,c.[14A>G;15G>T],NA,p.Gln5Arg,0.9672622849876162,0.8963424110077037,1.0358653114082907
urn:mavedb:00000408-0-1#99,c.[13C>A;15G>A],NA,p.Gln5Lys,1.046812375698443,1.004771638807652,1.0999578507989338
urn:mavedb:00000408-0-1#100,c.[13C>A;14A>C;15G>T],NA,p.Gln5Thr,1.1566700378481758,1.0843817504027102,1.232320907302832
urn:mavedb:00000408-0-1#101,c.[13C>T;14A>C;15G>T],NA,p.Gln5Ser,0.9665966530785222,0.8664617659157842,1.1090189508510464
urn:mavedb:00000408-0-1#102,c.[13C>G;14A>C],NA,p.Gln5Ala,1.114652972124853,1.0596043022628825,1.1730036660560526
urn:mavedb:00000408-0-1#103,c.[13C>G;14A>G;15G>T;96C>T],NA,p.Gln5Gly,1.189729636219063,1.1235382922589938,1.249991860615589
urn:mavedb:00000408-0-1#104,c.[13C>A;14A>T],NA,p.Gln5Met,1.348226920291004,1.2793669482331824,1.4030410997888076
urn:mavedb:00000408-0-1#105,c.14A>T,NA,p.Gln5Leu,1.412207241205958,1.3425201864189271,1.4705734599635267
urn:mavedb:00000408-0-1#106,c.[13C>G;14A>T;15G>T],NA,p.Gln5Val,1.1257958809049664,1.079013605964487,1.2136888236667025
urn:mavedb:00000408-0-1#107,c.[13C>A;14A>T;15G>C],NA,p.Gln5Ile,1.2175137716539577,1.1676475798816082,1.260935179249421
urn:mavedb:00000408-0-1#108,c.[13C>T;14A>G],NA,p.Gln5Trp,1.022148573786666,0.9587127134534684,1.0980807016777958
urn:mavedb:00000408-0-1#109,c.[13C>T;15G>C],NA,p.Gln5Tyr,1.1520734672253623,1.1173970897879206,1.2135575585936995
urn:mavedb:00000408-0-1#110,c.[13C>T;14A>T;15G>C],NA,p.Gln5Phe,1.236445707471315,1.1641789077874485,1.2900884805368755
urn:mavedb:00000408-0-1#111,c.14A>C,NA,p.Gln5Pro,1.0225805174792106,0.9837621998198126,1.0504226637837462
urn:mavedb:00000408-0-1#112,c.[13C>T;14A>G;15G>C;81C>T;87C>T],NA,p.Gln5Cys,1.973507965372706,1.7065957171906512,2.2868136688105
urn:mavedb:00000408-0-1#113,c.[3T>C;12_13insGGT;126G>A;129G>T],NA,p.Glu4_Gln5insGly,1.2944357808961806,1.2215397599016802,1.3838802204780534
urn:mavedb:00000408-0-1#114,c.[3T>C;12delinsGGCG;93C>T],NA,p.Glu4_Gln5insAla,1.3339377278071132,1.235096072331101,1.4094486500178869
urn:mavedb:00000408-0-1#115,c.[13_15del;93C>T;111G>A;126G>A;129G>T],NA,p.Gln5del,1.270348217754658,1.1948022080133889,1.3215145215115196
urn:mavedb:00000408-0-1#116,c.[16G>C;17G>A;18T>G],NA,p.Gly6Gln,0.958519804885386,0.8895911924642493,1.0129740141414465
urn:mavedb:00000408-0-1#117,c.[17G>A;18T>G;24G>C],NA,p.Gly6Glu,0.8916070347729517,0.8280886249188479,0.9488373684116824
urn:mavedb:00000408-0-1#118,c.[16G>A;17G>A;18T>C;21C>T],NA,p.Gly6Asn,0.9793176927983868,0.9182001667866644,1.0128842692087396
urn:mavedb:00000408-0-1#119,c.[16G>C;17G>A;18T>C],NA,p.Gly6His,0.9993781090930758,0.9474015708854308,1.0600585626296262
urn:mavedb:00000408-0-1#120,c.[17G>A;18T>C],NA,p.Gly6Asp,0.9344560372162548,0.8737908054778577,0.9985800816338184
urn:mavedb:00000408-0-1#121,c.16G>C,NA,p.Gly6Arg,0.9719230749230244,0.9343419552082374,1.053389042058646
urn:mavedb:00000408-0-1#122,c.[16G>A;17G>A;18T>A],NA,p.Gly6Lys,0.9345921659361638,0.8641311820722485,0.9893905042232566
urn:mavedb:00000408-0-1#123,c.[16G>A;17G>C;18T>C],NA,p.Gly6Thr,1.0196394289775774,0.9770999819217124,1.0869094714265792
urn:mavedb:00000408-0-1#124,c.[16G>T;17G>C],NA,p.Gly6Ser,1.0214484996660929,0.9721480060324892,1.0640844193754506
urn:mavedb:00000408-0-1#125,c.[17G>C;18T>G],NA,p.Gly6Ala,0.9702918686488784,0.916000080881297,1.069818438370428
urn:mavedb:00000408-0-1#126,c.[16G>A;17G>T;18T>G],NA,p.Gly6Met,1.0932333615574112,1.0305262025754087,1.2139229668285758
urn:mavedb:00000408-0-1#127,c.[15G>A;16G>C;17G>T;18T>G],NA,p.Gly6Leu,1.205840518411046,1.1619993904055432,1.3148707615419868
urn:mavedb:00000408-0-1#128,c.17G>T,NA,p.Gly6Val,1.061138995100127,1.0135732415994014,1.1235933654498165
urn:mavedb:00000408-0-1#129,c.[16G>A;17G>T;18T>C],NA,p.Gly6Ile,0.8602905087158154,0.8049535324531619,0.9402420133502344
urn:mavedb:00000408-0-1#130,c.[16G>T;18T>G],NA,p.Gly6Trp,1.1974187169732775,1.1378175015209866,1.2356784402346803
urn:mavedb:00000408-0-1#131,c.[16G>T;17G>A;18T>C],NA,p.Gly6Tyr,1.067278489302649,1.027360074751685,1.1625827626435483
urn:mavedb:00000408-0-1#132,c.[16G>T;17G>T;18T>C],NA,p.Gly6Phe,1.060091567490244,1.0294485739524186,1.109070545961533
urn:mavedb:00000408-0-1#133,c.[16G>C;17G>C;18T>G],NA,p.Gly6Pro,0.8563759879261053,0.7907748408935057,0.938413539847032
urn:mavedb:00000408-0-1#134,c.[3T>C;15_16insGGC;18T>C;69C>T;93C>T;117G>C;129G>T],NA,p.Gln5_Gly6insGly,1.3114136631076996,1.2689896003032652,1.3559314943779943
urn:mavedb:00000408-0-1#135,c.[3T>C;15_16insGCG;27G>A],NA,p.Gln5_Gly6insAla,1.2515266187109082,1.179242398586069,1.320738890294241
urn:mavedb:00000408-0-1#136,c.[3T>C;16_18del;24G>C;57C>T;108C>T],NA,p.Gly6del,1.110816666022461,0.982956201718328,1.2316809148737629
urn:mavedb:00000408-0-1#137,c.[19T>C;20T>A;21C>G],NA,p.Phe7Gln,1.4509687775989204,1.3996479759331215,1.500250629167031
urn:mavedb:00000408-0-1#138,c.[19T>G;20T>A;21C>A],NA,p.Phe7Glu,1.492584188605227,1.454757801139151,1.5234989360881868
urn:mavedb:00000408-0-1#139,c.[19T>A;20T>A],NA,p.Phe7Asn,1.3076211022900448,1.2542699373654729,1.385081330776619
urn:mavedb:00000408-0-1#140,c.[19T>C;20T>A;21C>T],NA,p.Phe7His,1.215908342763916,1.1304037982696151,1.2600904352063262
urn:mavedb:00000408-0-1#141,c.[19T>G;20T>A],NA,p.Phe7Asp,1.6253059325231611,1.5416952785980151,1.6794081909091971
urn:mavedb:00000408-0-1#142,c.[19T>C;20T>G;21C>T],NA,p.Phe7Arg,1.4176590400439553,1.353756300309378,1.45482622072307
urn:mavedb:00000408-0-1#143,c.[19T>A;20T>A;21C>A],NA,p.Phe7Lys,1.408352363796985,1.348763213705075,1.4492931669780909
urn:mavedb:00000408-0-1#144,c.[18T>C;19T>A;20T>C;24G>C;57C>T],NA,p.Phe7Thr,1.4256963805957956,1.3714620150146457,1.4884999572889643
urn:mavedb:00000408-0-1#145,c.[20T>C;21C>T],NA,p.Phe7Ser,1.5253257324180252,1.4702290491134289,1.5758400860352668
urn:mavedb:00000408-0-1#146,c.[19T>G;20T>C;21C>G],NA,p.Phe7Ala,1.580375624396123,1.546915066447308,1.6538362805410711
urn:mavedb:00000408-0-1#147,c.[19T>G;20T>G;21C>T],NA,p.Phe7Gly,1.3681454860851536,1.3015513523065054,1.4137026040452585
urn:mavedb:00000408-0-1#148,c.[19T>A;21C>G],NA,p.Phe7Met,1.313781066952854,1.2295460812622618,1.3963491758830768
urn:mavedb:00000408-0-1#149,c.[19T>C;21C>G],NA,p.Phe7Leu,1.315787273585567,1.2478978152797997,1.3840448538617431
urn:mavedb:00000408-0-1#150,c.[19T>G;21C>T],NA,p.Phe7Val,1.3014831816145886,1.2353329829864654,1.361469725822401
urn:mavedb:00000408-0-1#151,c.19T>A,NA,p.Phe7Ile,1.2202576710661317,1.1688865143967326,1.2778509312932396
urn:mavedb:00000408-0-1#152,c.[20T>G;21C>G],NA,p.Phe7Trp,1.27250980769892,1.2020432321741152,1.3299228844041484
urn:mavedb:00000408-0-1#153,c.20T>A,NA,p.Phe7Tyr,1.040301991193674,0.9809496724337212,1.0820118698637005
urn:mavedb:00000408-0-1#154,c.[19T>C;20T>C;21C>G],NA,p.Phe7Pro,1.8841294800889736,1.83820605359064,1.9388656638633623
urn:mavedb:00000408-0-1#155,c.[3T>C;12A>G;15G>A;18_19insGGT;21C>T;39A>G;42T>G;90A>G;93C>T;105A>G;129G>T],NA,p.Gly6_Phe7insGly,1.278965276596176,1.197648409037427,1.3592547747903665
urn:mavedb:00000408-0-1#156,c.[18_19insGCG;90A>G],NA,p.Gly6_Phe7insAla,1.1956927418572558,1.1153441620438795,1.254950412151345
urn:mavedb:00000408-0-1#157,c.[19_21del;84C>T;111G>A],NA,p.Phe7del,1.5450169316488886,1.4384683775761542,1.6277158217395185
urn:mavedb:00000408-0-1#158,c.23T>A,NA,p.Leu8Gln,-4.179982157887778,-4.489420914008094,-3.3991582005054086
urn:mavedb:00000408-0-1#159,c.[22C>G;23T>A;24G>A],NA,p.Leu8Glu,-4.439201035065183,-4.830730207659864,-3.5941472898414872
urn:mavedb:00000408-0-1#160,c.[22C>A;23T>A;24G>C],NA,p.Leu8Asn,-3.4016116626588584,-3.950730400104447,-2.713187805021376
urn:mavedb:00000408-0-1#161,c.[23T>A;24G>C],NA,p.Leu8His,-3.400950112047473,-4.1728141534853895,-2.872737219681825
urn:mavedb:00000408-0-1#162,c.[22C>G;23T>A;24G>C],NA,p.Leu8Asp,-4.728054242134974,-5.236992540839915,-3.80464282180984
urn:mavedb:00000408-0-1#163,c.[23T>G;24G>T],NA,p.Leu8Arg,-2.275973114671153,-2.751769516738854,-1.7406800701267726
urn:mavedb:00000408-0-1#164,c.[22C>A;23T>A;24G>A],NA,p.Leu8Lys,-3.495144111654048,-5.182660185785173,-2.9393267425399827
urn:mavedb:00000408-0-1#165,c.[22C>A;23T>C;24G>C],NA,p.Leu8Thr,-5.173080901439535,-5.921794088544259,-4.439930830195089
urn:mavedb:00000408-0-1#166,c.[22C>T;23T>C;24G>T],NA,p.Leu8Ser,-5.517221715954471,-7.0022022098387104,-4.9003867074680505
urn:mavedb:00000408-0-1#167,c.[22C>G;23T>C;27G>A],NA,p.Leu8Ala,-2.667136796976631,-2.888066672202513,-2.034369276326479
urn:mavedb:00000408-0-1#168,c.[22C>G;23T>G;24G>T],NA,p.Leu8Gly,-2.6175659680880528,-3.107526622764324,-2.367008048615336
urn:mavedb:00000408-0-1#169,c.22C>A,NA,p.Leu8Met,0.7053942589432777,0.6138782686132394,0.7869992479913274
urn:mavedb:00000408-0-1#170,c.[22C>G;24G>T],NA,p.Leu8Val,-1.3595179274524418,-1.4615992109896012,-1.1291638946616145
urn:mavedb:00000408-0-1#171,c.[22C>A;24G>C],NA,p.Leu8Ile,-0.6558537077010398,-0.7589567196823935,-0.5746306039331902
urn:mavedb:00000408-0-1#172,c.[22C>T;23T>G],NA,p.Leu8Trp,-0.9299830313990014,-0.9789291457321624,-0.8298248066194022
urn:mavedb:00000408-0-1#173,c.[22C>T;23T>A;24G>C],NA,p.Leu8Tyr,-1.2523671929402906,-1.4580907778358712,-1.0934055083662977
urn:mavedb:00000408-0-1#174,c.[22C>T;24G>C],NA,p.Leu8Phe,0.1072836562459255,0.0755483754876695,0.1617072798465077
urn:mavedb:00000408-0-1#175,c.23T>C,NA,p.Leu8Pro,-5.531900203753762,-6.255309528016748,-5.1357677000472925
urn:mavedb:00000408-0-1#176,c.[22C>T;23T>G;24G>C],NA,p.Leu8Cys,0.8529636830168101,0.6603455665363926,1.069966876319364
urn:mavedb:00000408-0-1#177,c.21_22insGGT,NA,p.Phe7_Leu8insGly,1.8210408177605024,1.7423088973685708,1.879622836487017
urn:mavedb:00000408-0-1#178,c.[21_22insGCG;66G>A;72C>T],NA,p.Phe7_Leu8insAla,1.692487916508004,1.6164721824959385,1.7561713354004176
urn:mavedb:00000408-0-1#179,c.[15G>A;22_24del;90A>G],NA,p.Leu8del,0.4942046330679315,0.435464048390333,0.5792279494427955
urn:mavedb:00000408-0-1#180,c.26C>A,NA,p.Pro9Gln,-0.953831449345725,-1.1310549632477542,-0.8073329620625205
urn:mavedb:00000408-0-1#181,c.[25C>G;26C>A;27G>A],NA,p.Pro9Glu,-0.8241635940714688,-0.8920192133968996,-0.6854156109732042
urn:mavedb:00000408-0-1#182,c.[25C>A;26C>A;27G>C],NA,p.Pro9Asn,-0.4927729813847877,-0.57380717648805,-0.4018706199651535
urn:mavedb:00000408-0-1#183,c.[26C>A;27G>C],NA,p.Pro9His,-0.6510169904165404,-0.8487644408412726,-0.5518090828309958
urn:mavedb:00000408-0-1#184,c.[25C>G;26C>A;27G>C],NA,p.Pro9Asp,-2.802839920404084,-2.9791622474392816,-2.70246837471681
urn:mavedb:00000408-0-1#185,c.[26C>G;27G>T],NA,p.Pro9Arg,-0.3078575587730568,-0.3393807217226524,-0.2649953627401641
urn:mavedb:00000408-0-1#186,c.[25C>A;26C>A;27G>A],NA,p.Pro9Lys,-0.6453382049178495,-0.7211256995365454,-0.5897040357703535
urn:mavedb:00000408-0-1#187,c.[25C>A;27G>C],NA,p.Pro9Thr,-1.0063480873418145,-1.1232089795202416,-0.9190074987703892
urn:mavedb:00000408-0-1#188,c.[25C>T;27G>T],NA,p.Pro9Ser,-0.6877474591806132,-0.9198867040186628,-0.6162265171497567
urn:mavedb:00000408-0-1#189,c.25C>G,NA,p.Pro9Ala,-0.6101916526447957,-0.734839404950731,-0.5737214706923762
urn:mavedb:00000408-0-1#190,c.[25C>G;26C>G;27G>T],NA,p.Pro9Gly,-0.8336809726680305,-1.0932235492374445,-0.5738387731049206
urn:mavedb:00000408-0-1#191,c.[25C>A;26C>T],NA,p.Pro9Met,0.191079148208715,0.1651451733675095,0.2401225785016272
urn:mavedb:00000408-0-1#192,c.26C>T,NA,p.Pro9Leu,0.3136421271788518,0.1748984059289907,0.3748337277472835
urn:mavedb:00000408-0-1#193,c.[25C>G;26C>T;27G>T],NA,p.Pro9Val,-0.4893605504189539,-0.5822125827415959,-0.3415648084283965
urn:mavedb:00000408-0-1#194,c.[25C>A;26C>T;27G>C],NA,p.Pro9Ile,-0.2982485977395966,-0.3408467790925162,-0.24734006151735
urn:mavedb:00000408-0-1#195,c.[25C>T;26C>G],NA,p.Pro9Trp,0.2084884003679953,0.137882188544121,0.2779640741863587
urn:mavedb:00000408-0-1#196,c.[25C>T;26C>A;27G>C],NA,p.Pro9Tyr,-0.2947998982113659,-0.323937367216315,-0.238530116188721
urn:mavedb:00000408-0-1#197,c.[25C>T;26C>T;27G>C],NA,p.Pro9Phe,-0.0791281091849128,-0.1551097492434483,-0.0124520189162376
urn:mavedb:00000408-0-1#198,c.[25C>T;26C>G;27G>C;51G>T;93C>T;111G>A],NA,p.Pro9Cys,0.4623961167428598,0.2997132585684242,0.8819318502936965
urn:mavedb:00000408-0-1#199,c.[12A>G;24_25insGGT;84C>T;96C>T;111G>A;117G>C;126G>A;129G>T],NA,p.Leu8_Pro9insGly,-0.611444001086628,-0.6329888894470355,-0.5363380792373326
urn:mavedb:00000408-0-1#200,c.[3T>C;24_25insGCG;51G>T;90A>G],NA,p.Leu8_Pro9insAla,-0.2847496319994274,-0.3341317617210168,-0.2583769288780653
urn:mavedb:00000408-0-1#201,c.[3T>C;25_27del;96C>T;105A>G;123C>T;129G>T],NA,p.Pro9del,0.0278863677544439,0.005514539872773,0.0550185278282894
urn:mavedb:00000408-0-1#202,c.[28A>C;30A>G],NA,p.Lys10Gln,1.132898124158082,1.077899872426549,1.2059858607803595
urn:mavedb:00000408-0-1#203,c.28A>G,NA,p.Lys10Glu,1.035222780840252,0.9952217126889084,1.0928587545250068
urn:mavedb:00000408-0-1#204,c.[27G>A;30A>C],NA,p.Lys10Asn,0.8807479500364126,0.7937867640320275,0.9830458173664132
urn:mavedb:00000408-0-1#205,c.[28A>C;30A>C],NA,p.Lys10His,0.9143110388797404,0.821572011820802,0.9928230383172248
urn:mavedb:00000408-0-1#206,c.[28A>G;30A>C],NA,p.Lys10Asp,0.9452206496990064,0.8812321567253302,1.0142906062766692
urn:mavedb:00000408-0-1#207,c.[28A>C;29A>G;30A>T],NA,p.Lys10Arg,1.0327023080535458,0.97990150370992,1.115749873614682
urn:mavedb:00000408-0-1#208,c.[29A>C;30A>C],NA,p.Lys10Thr,0.952540435057102,0.9069446775510742,0.9915316805700258
urn:mavedb:00000408-0-1#209,c.[28A>T;29A>C;30A>T],NA,p.Lys10Ser,1.096931728022561,1.04408474840825,1.1314315232407743
urn:mavedb:00000408-0-1#210,c.[27G>A;28A>G;29A>C;30A>G],NA,p.Lys10Ala,1.4044851433083938,1.3531026406986488,1.4720081334629291
urn:mavedb:00000408-0-1#211,c.[28A>G;29A>G;30A>T],NA,p.Lys10Gly,0.5206593320741468,0.3949329796281052,0.5975500745623602
urn:mavedb:00000408-0-1#212,c.[29A>T;30A>G],NA,p.Lys10Met,1.1007583005795598,1.0070272987324298,1.1493508535429589
urn:mavedb:00000408-0-1#213,c.[28A>C;29A>T;30A>G],NA,p.Lys10Leu,0.9902669902310124,0.9209272706617292,1.0837332787839298
urn:mavedb:00000408-0-1#214,c.[28A>G;29A>T;30A>T],NA,p.Lys10Val,0.9654470638947952,0.9033120849056387,1.0530126427627635
urn:mavedb:00000408-0-1#215,c.[27G>A;29A>T;30A>C],NA,p.Lys10Ile,0.9116213894921223,0.843158337960717,0.9841511358967584
urn:mavedb:00000408-0-1#216,c.[28A>T;29A>G;30A>G],NA,p.Lys10Trp,0.9558790848016092,0.8953777620874321,1.0069369590748352
urn:mavedb:00000408-0-1#217,c.[27G>A;28A>T;30A>C],NA,p.Lys10Tyr,1.0314066557519983,0.9744918888027484,1.0739506590325354
urn:mavedb:00000408-0-1#218,c.[28A>T;29A>T;30A>T],NA,p.Lys10Phe,1.1005859884578322,1.0454114478222944,1.189485219831781
urn:mavedb:00000408-0-1#219,c.[27G>A;28A>C;29A>C;30A>G],NA,p.Lys10Pro,1.1794472057069534,1.1205804159157835,1.2767250548812528
urn:mavedb:00000408-0-1#220,c.[28A>T;29A>G;30A>C;126G>A],NA,p.Lys10Cys,1.4633457147416296,1.3286549326314532,1.602756816794885
urn:mavedb:00000408-0-1#221,c.[3T>C;12A>G;27_28insGGT;42T>G;87C>T;93C>T;117G>C;126G>A],NA,p.Pro9_Lys10insGly,-0.7109159535490921,-0.9020894873616704,-0.5016777860106268
urn:mavedb:00000408-0-1#222,c.[27_28insGCG;69C>T;126G>A],NA,p.Pro9_Lys10insAla,-1.0380514924416038,-1.262846009715248,-0.8838908893254845
urn:mavedb:00000408-0-1#223,c.[28_30del;96C>T],NA,p.Lys10del,-0.3225734955437738,-0.3766655925695681,-0.2736747230917335
urn:mavedb:00000408-0-1#224,c.[31G>C;32G>A;33T>G],NA,p.Gly11Gln,-2.847222890802631,-3.4582537961409274,-2.450627495383172
urn:mavedb:00000408-0-1#225,c.[32G>A;33T>A],NA,p.Gly11Glu,-4.763700694709042,-5.446962917454544,-4.104776486441995
urn:mavedb:00000408-0-1#226,c.[31G>A;32G>A;33T>C;39A>G],NA,p.Gly11Asn,0.1697907200136179,0.1247459314124488,0.2409394066275848
urn:mavedb:00000408-0-1#227,c.[31G>C;32G>A;33T>C;39A>G],NA,p.Gly11His,-1.9483851136924089,-2.155958541462592,-1.6798331306384269
urn:mavedb:00000408-0-1#228,c.[32G>A;33T>C;39A>G],NA,p.Gly11Asp,-4.907636752733348,-5.33945578993236,-4.367017989635066
urn:mavedb:00000408-0-1#229,c.31G>C,NA,p.Gly11Arg,-3.8820964639951017,-4.278402063027117,-2.874440951659268
urn:mavedb:00000408-0-1#230,c.[31G>A;32G>A;33T>A],NA,p.Gly11Lys,-3.06068034982796,-3.992587802258893,-2.497008426625126
urn:mavedb:00000408-0-1#231,c.[31G>A;32G>C;39A>G],NA,p.Gly11Thr,-3.988299950919107,-4.579448979078006,-2.868116583296312
urn:mavedb:00000408-0-1#232,c.[31G>T;32G>C],NA,p.Gly11Ser,-2.928616073015592,-3.13145940997753,-2.644479595178196
urn:mavedb:00000408-0-1#233,c.[32G>C;33T>G],NA,p.Gly11Ala,-4.707037654582814,-5.227785473247889,-3.788866126247644
urn:mavedb:00000408-0-1#234,c.[31G>A;32G>T;33T>G],NA,p.Gly11Met,-2.4657735827457343,-2.889189524981688,-2.060999138465136
urn:mavedb:00000408-0-1#235,c.[31G>C;32G>T;33T>G],NA,p.Gly11Leu,-3.607895753481426,-3.903709916852773,-3.127116611165061
urn:mavedb:00000408-0-1#236,c.32G>T,NA,p.Gly11Val,-4.997182829555322,-6.506912239706768,-4.139353070761637
urn:mavedb:00000408-0-1#237,c.[31G>A;32G>T;33T>C;39A>G],NA,p.Gly11Ile,-4.143627846478392,-4.43153499384322,-3.569875322352936
urn:mavedb:00000408-0-1#238,c.[31G>T;33T>G],NA,p.Gly11Trp,-1.9002430342008525,-2.4480815380498933,-1.5160611510177149
urn:mavedb:00000408-0-1#239,c.[31G>T;32G>A;33T>C;39A>G],NA,p.Gly11Tyr,-2.473154384446544,-2.6506975311561507,-2.2166876211303923
urn:mavedb:00000408-0-1#240,c.[31G>T;32G>T;33T>C;39A>G],NA,p.Gly11Phe,-1.1049807704975048,-1.3467765386470414,-0.7855431255353232
urn:mavedb:00000408-0-1#241,c.[31G>C;32G>C;33T>G],NA,p.Gly11Pro,-2.952804669491134,-3.4381968027130623,-2.701153256062566
urn:mavedb:00000408-0-1#242,c.[30A>G;31G>T],NA,p.Gly11Cys,0.2242056245020515,-0.1465980667758459,1.0002848675158764
urn:mavedb:00000408-0-1#243,c.[12A>G;30_31insGGT;51G>T;93C>T],NA,p.Lys10_Gly11insGly,-2.099758285909006,-3.151119435532557,-1.3464626209952937
urn:mavedb:00000408-0-1#244,c.[30_31insGCG;75C>T],NA,p.Lys10_Gly11insAla,-0.7597745018917341,-0.9298169238815528,-0.5411920766790511
urn:mavedb:00000408-0-1#245,c.[15G>A;31_33del;54G>A;90A>G],NA,p.Gly11del,-4.451503322482921,-4.878055691875512,-4.102533997818491
urn:mavedb:00000408-0-1#246,c.[34T>C;35G>A],NA,p.Trp12Gln,-3.961447118181204,-4.567759990401635,-3.3019767207867994
urn:mavedb:00000408-0-1#247,c.[34T>G;35G>A;36G>A],NA,p.Trp12Glu,-2.4509516731191745,-3.432205745220413,-1.9598725285030163
urn:mavedb:00000408-0-1#248,c.[34T>A;35G>A;36G>C],NA,p.Trp12Asn,-2.8853928100286854,-3.180587957017375,-2.442734603945336
urn:mavedb:00000408-0-1#249,c.[34T>C;35G>A;36G>C],NA,p.Trp12His,-3.060618217682176,-3.607704291447496,-2.6470000903035302
urn:mavedb:00000408-0-1#250,c.[34T>G;35G>A;36G>C;48C>T],NA,p.Trp12Asp,-3.5248752061572963,-4.080813229082886,-2.833750591465152
urn:mavedb:00000408-0-1#251,c.[34T>C;36G>T],NA,p.Trp12Arg,-3.0162168293325102,-3.8960670600831806,-2.6896188477108334
urn:mavedb:00000408-0-1#252,c.[34T>A;35G>A;36G>A],NA,p.Trp12Lys,-3.490887854166865,-3.7866868175974826,-2.8519587757461173
urn:mavedb:00000408-0-1#253,c.[34T>A;35G>C;36G>C],NA,p.Trp12Thr,-3.684051656328517,-4.136032211129074,-3.0928890970255094
urn:mavedb:00000408-0-1#254,c.[35G>C;36G>T],NA,p.Trp12Ser,-3.035929301024653,-4.103813498343785,-2.57961067255261
urn:mavedb:00000408-0-1#255,c.[34T>G;35G>C],NA,p.Trp12Ala,-4.576880606851473,-4.970230376891268,-4.382639589514602
urn:mavedb:00000408-0-1#256,c.[34T>G;36G>T;99C>T],NA,p.Trp12Gly,-6.1086979131519925,-6.517965807210829,-4.921069508822689
urn:mavedb:00000408-0-1#257,c.[34T>A;35G>T],NA,p.Trp12Met,-5.6282791372569445,-6.562198529423641,-4.61769525590171
urn:mavedb:00000408-0-1#258,c.[34T>C;35G>T],NA,p.Trp12Leu,-4.939766789861961,-5.650079875198948,-4.327708959989772
urn:mavedb:00000408-0-1#259,c.[34T>G;35G>T;36G>T],NA,p.Trp12Val,-3.314128855644797,-4.236745639812082,-3.0894431990826248
urn:mavedb:00000408-0-1#260,c.[34T>A;35G>T;36G>C],NA,p.Trp12Ile,-3.649995537216875,-3.997811924712461,-2.7033783865581813
urn:mavedb:00000408-0-1#261,c.[35G>A;36G>C],NA,p.Trp12Tyr,-2.2237903587736456,-2.995966443196321,-1.8818359030935987
urn:mavedb:00000408-0-1#262,c.[35G>T;36G>C],NA,p.Trp12Phe,-1.6520017186641085,-1.961473057746368,-1.1751891318577607
urn:mavedb:00000408-0-1#263,c.[34T>C;35G>C],NA,p.Trp12Pro,-3.1567502069349587,-4.288587428217765,-2.6932507448541925
urn:mavedb:00000408-0-1#264,c.[12A>G;36G>C;93C>T],NA,p.Trp12Cys,-2.255106521158421,-2.934829789530237,-1.8907671415601373
urn:mavedb:00000408-0-1#265,c.[3T>C;12A>G;33_34insGGT;45T>C;93C>T;129G>T],NA,p.Gly11_Trp12insGly,-1.1225597127120612,-1.3788802327314824,-0.8975208018199116
urn:mavedb:00000408-0-1#266,c.[3T>C;6T>C;15G>A;33_34insGCG;45T>C;63T>C;90A>G],NA,p.Gly11_Trp12insAla,-0.777333227692008,-0.9393584513856608,-0.6278218897797504
urn:mavedb:00000408-0-1#267,c.[12A>G;34_36del;93C>T;99C>T;111G>A],NA,p.Trp12del,-2.19558982696144,-2.7767711970005,-1.806169888610431
urn:mavedb:00000408-0-1#268,c.[37G>C;39A>G],NA,p.Glu13Gln,-0.3250476029102684,-0.4134583673827082,-0.2331532320388225
urn:mavedb:00000408-0-1#269,c.[37G>A;39A>T],NA,p.Glu13Asn,-4.620524654025132,-5.294009922110528,-3.182711356074762
urn:mavedb:00000408-0-1#270,c.[37G>C;39A>C],NA,p.Glu13His,-3.4081771175482825,-3.9567372352429264,-2.912746503216934
urn:mavedb:00000408-0-1#271,c.39A>C,NA,p.Glu13Asp,-2.939295370907018,-3.416028254069221,-2.635615387063927
urn:mavedb:00000408-0-1#272,c.[37G>C;38A>G;39A>T],NA,p.Glu13Arg,-3.0117700322405314,-3.7339602055929126,-2.4236397911799354
urn:mavedb:00000408-0-1#273,c.37G>A,NA,p.Glu13Lys,-3.47492819776455,-4.127438566528644,-3.0225552626156045
urn:mavedb:00000408-0-1#274,c.[37G>A;38A>C;39A>T;45T>C],NA,p.Glu13Thr,-0.5505076176487511,-0.8007361765589569,-0.437212735234989
urn:mavedb:00000408-0-1#275,c.[37G>T;38A>C;39A>T],NA,p.Glu13Ser,-0.3621509826248418,-0.3885721669644853,-0.3042311547130468
urn:mavedb:00000408-0-1#276,c.[38A>C;39A>G],NA,p.Glu13Ala,-3.0581981475268973,-4.896274396682272,-2.7297380127700976
urn:mavedb:00000408-0-1#277,c.[38A>G;39A>T],NA,p.Glu13Gly,-3.8157929335392353,-4.031867049881162,-3.312591832611063
urn:mavedb:00000408-0-1#278,c.[37G>A;38A>T;39A>G],NA,p.Glu13Met,-3.101939503720857,-3.7185811482922353,-2.585069724604083
urn:mavedb:00000408-0-1#279,c.[37G>C;38A>T;39A>G],NA,p.Glu13Leu,-2.6690944279480187,-3.047289520175129,-2.232083166743901
urn:mavedb:00000408-0-1#280,c.[38A>T;39A>T],NA,p.Glu13Val,-0.6817722905882322,-0.9499138545525936,-0.4523930221107011
urn:mavedb:00000408-0-1#281,c.[37G>A;38A>T;39A>C],NA,p.Glu13Ile,-0.8674768054130275,-1.0427777092307535,-0.7633445821749413
urn:mavedb:00000408-0-1#282,c.[37G>T;38A>G;39A>G],NA,p.Glu13Trp,-1.2112123909920578,-1.438142823207933,-1.0980513788919948
urn:mavedb:00000408-0-1#283,c.[37G>T;39A>C],NA,p.Glu13Tyr,-0.1417777878388578,-0.1692507506320447,-0.1150349178387754
urn:mavedb:00000408-0-1#284,c.[37G>T;38A>T;39A>C],NA,p.Glu13Phe,-0.5078920004298948,-0.5461465137661936,-0.4484151187835167
urn:mavedb:00000408-0-1#285,c.[37G>C;38A>C;39A>G],NA,p.Glu13Pro,-5.460212953610854,-5.986936025143451,-4.649227764609728
urn:mavedb:00000408-0-1#286,c.[3T>C;15G>A;37G>T;38A>G;39A>C;93C>T],NA,p.Glu13Cys,-0.112674742095133,-0.6641866633746967,0.0674565195203889
urn:mavedb:00000408-0-1#287,c.[36_37insGGT;90A>G;105A>G],NA,p.Trp12_Glu13insGly,-1.7147164729285178,-2.02017067351252,-1.291119953070835
urn:mavedb:00000408-0-1#288,c.[3T>C;30A>G;36_37insGCG;90A>G],NA,p.Trp12_Glu13insAla,-2.1818796704956807,-2.653378653653633,-1.5236279973340234
urn:mavedb:00000408-0-1#289,c.[3T>C;37_39del;93C>T;108C>T],NA,p.Glu13del,-2.4259308265909665,-3.11760413890172,-2.2046453656834264
urn:mavedb:00000408-0-1#290,c.[40G>C;41T>A;42T>G],NA,p.Val14Gln,0.827484586537639,0.7754097462895568,0.9004434122636764
urn:mavedb:00000408-0-1#291,c.[39A>G;41T>A;42T>G],NA,p.Val14Glu,0.6816690673057976,0.62578577554524,0.7477156808976648
urn:mavedb:00000408-0-1#292,c.[40G>A;41T>A;42T>C],NA,p.Val14Asn,-6.024101914745689,-7.0609697399148965,-5.12299194135866
urn:mavedb:00000408-0-1#293,c.[40G>C;41T>A;42T>C],NA,p.Val14His,-0.2462279080110077,-0.3942588182605134,-0.1757863166599112
urn:mavedb:00000408-0-1#294,c.[39A>G;41T>A],NA,p.Val14Asp,-4.431371405614293,-5.07763244750918,-3.7264641005844608
urn:mavedb:00000408-0-1#295,c.[40G>C;41T>G],NA,p.Val14Arg,0.1157469128163841,0.0598572077767113,0.1390515677604079
urn:mavedb:00000408-0-1#296,c.[40G>A;41T>A;42T>A],NA,p.Val14Lys,0.399588792474099,0.3096828428946204,0.4850161485631399
urn:mavedb:00000408-0-1#297,c.[21C>T;40G>A;41T>C;42T>C],NA,p.Val14Thr,-0.5620348124583442,-0.6380980356023425,-0.4621180916342459
urn:mavedb:00000408-0-1#298,c.[40G>T;41T>C],NA,p.Val14Ser,-0.8166598460461301,-0.8915041828679375,-0.7231063386979617
urn:mavedb:00000408-0-1#299,c.[41T>C;42T>G],NA,p.Val14Ala,-0.0421014930568754,-0.0867499725600014,0.0400108010048448
urn:mavedb:00000408-0-1#300,c.41T>G,NA,p.Val14Gly,-3.09297451757452,-3.412339987362928,-2.92418041148186
urn:mavedb:00000408-0-1#301,c.[40G>A;42T>G],NA,p.Val14Met,1.6116465333936827,1.5779741609272522,1.6551580852237462
urn:mavedb:00000408-0-1#302,c.[40G>C;42T>G],NA,p.Val14Leu,1.051896069370637,0.9719184780138356,1.1275927492354412
urn:mavedb:00000408-0-1#303,c.[40G>A;42T>C],NA,p.Val14Ile,1.3605763922934204,1.2856495896264517,1.4098869951738222
urn:mavedb:00000408-0-1#304,c.[40G>T;41T>G;42T>G],NA,p.Val14Trp,-2.107328665727312,-2.346753749091865,-1.7253071611181203
urn:mavedb:00000408-0-1#305,c.[40G>T;41T>A;42T>C],NA,p.Val14Tyr,-1.0522190209236522,-1.2230256725902393,-0.908541274569371
urn:mavedb:00000408-0-1#306,c.[39A>G;40G>T;42T>C],NA,p.Val14Phe,-0.8663509071724322,-1.13491496761279,-0.5933273718356817
urn:mavedb:00000408-0-1#307,c.[40G>C;41T>C;42T>G],NA,p.Val14Pro,-5.4198207781392185,-6.705566964247494,-4.80336329106029
urn:mavedb:00000408-0-1#308,c.[33T>C;40G>T;41T>G;54G>A;93C>T;126G>A],NA,p.Val14Cys,1.6581515535716085,1.5061270984501935,1.835864532536623
urn:mavedb:00000408-0-1#309,c.[39_40insGGT;90A>G],NA,p.Glu13_Val14insGly,-2.9551705084634623,-3.6559093706618295,-2.366495425237689
urn:mavedb:00000408-0-1#310,c.[39_40insGCG;54G>A;93C>T;96C>T;111G>A;120A>G;129G>T],NA,p.Glu13_Val14insAla,-2.8097187449978467,-3.308123601955139,-2.232178208751724
urn:mavedb:00000408-0-1#311,c.[40_42del;45T>C;93C>T;99C>T],NA,p.Val14del,-5.096639557361996,-5.368240293164873,-4.602075185926317
urn:mavedb:00000408-0-1#312,c.[44G>A;45T>G],NA,p.Arg15Gln,0.3675729491411278,0.3034220315548661,0.4633081145057948
urn:mavedb:00000408-0-1#313,c.[43C>G;44G>A;45T>A],NA,p.Arg15Glu,-1.8849575037617503,-2.211661910179457,-1.686146478469719
urn:mavedb:00000408-0-1#314,c.[43C>A;44G>A;45T>C],NA,p.Arg15Asn,-1.246304039309126,-1.3651009511807648,-1.054206795204807
urn:mavedb:00000408-0-1#315,c.[44G>A;45T>C],NA,p.Arg15His,0.2328039781858044,0.1144746650955737,0.2990465913025004
urn:mavedb:00000408-0-1#316,c.[43C>G;44G>A;45T>C],NA,p.Arg15Asp,-2.3342961519161403,-2.630592654059309,-2.087377515015505
urn:mavedb:00000408-0-1#317,c.[43C>A;44G>A;45T>A],NA,p.Arg15Lys,0.725991195282718,0.6535983917129032,0.7768612282783498
urn:mavedb:00000408-0-1#318,c.[43C>A;44G>C;45T>C],NA,p.Arg15Thr,-0.6361326994754956,-0.6747479308404161,-0.5934542010298923
urn:mavedb:00000408-0-1#319,c.[43C>T;44G>C],NA,p.Arg15Ser,0.0605126546224888,-0.1791998618462099,0.1013348476272643
urn:mavedb:00000408-0-1#320,c.[43C>G;44G>C;45T>G],NA,p.Arg15Ala,0.4190344225944719,0.3551525821920343,0.4964040347444515
urn:mavedb:00000408-0-1#321,c.43C>G,NA,p.Arg15Gly,0.2962336526556993,0.1762064515602348,0.3763459539119001
urn:mavedb:00000408-0-1#322,c.[43C>A;44G>T;45T>G],NA,p.Arg15Met,0.337098865246664,0.2773874143156845,0.395316852897625
urn:mavedb:00000408-0-1#323,c.[44G>T;45T>G],NA,p.Arg15Leu,0.5382850326847202,0.4234121594131871,0.6233538367182709
urn:mavedb:00000408-0-1#324,c.[43C>G;44G>T],NA,p.Arg15Val,0.4817676407321017,0.4278654167670813,0.5656249132728957
urn:mavedb:00000408-0-1#325,c.[43C>A;44G>T;45T>C],NA,p.Arg15Ile,0.4577114587951168,0.3455268501018854,0.5493431134878841
urn:mavedb:00000408-0-1#326,c.[43C>T;45T>G],NA,p.Arg15Trp,-0.2226209154071961,-0.281859322776358,-0.1496730405549937
urn:mavedb:00000408-0-1#327,c.[43C>T;44G>A;45T>C],NA,p.Arg15Tyr,0.2996834437253658,0.2609190606365109,0.3482453562976927
urn:mavedb:00000408-0-1#328,c.[43C>T;44G>T;45T>C],NA,p.Arg15Phe,0.4326323949558069,0.3057570039490032,0.4726911978780741
urn:mavedb:00000408-0-1#329,c.[44G>C;45T>G],NA,p.Arg15Pro,-4.048181121646033,-4.874475452894672,-3.446448704410713
urn:mavedb:00000408-0-1#330,c.[42_43insGGT;45T>C],NA,p.Val14_Arg15insGly,-0.5383069234389504,-0.5792670408432281,-0.476841393169246
urn:mavedb:00000408-0-1#331,c.[3T>C;42_43insGCG;93C>T;96C>T;129G>T],NA,p.Val14_Arg15insAla,-0.1383107561234434,-0.4702532630608562,0.0430469372313237
urn:mavedb:00000408-0-1#332,c.[3T>C;12A>G;43_45del;96C>T],NA,p.Arg15del,-3.312243110120732,-4.134922594429337,-2.8571986280978523
urn:mavedb:00000408-0-1#333,c.48C>G,NA,p.His16Gln,0.8659919295916559,0.8177534973626088,0.940658213607318
urn:mavedb:00000408-0-1#334,c.[46C>G;48C>A],NA,p.His16Glu,0.3836558728236397,0.3202331249430243,0.4956440700411395
urn:mavedb:00000408-0-1#335,c.46C>A,NA,p.His16Asn,0.573590930713286,0.5099433890266173,0.660739779300228
urn:mavedb:00000408-0-1#336,c.46C>G,NA,p.His16Asp,-0.0743337007828854,-0.1337496492272994,-0.0313276280716809
urn:mavedb:00000408-0-1#337,c.[47A>G;48C>T],NA,p.His16Arg,1.3476692139574822,1.2521057783545066,1.4439777203141553
urn:mavedb:00000408-0-1#338,c.[46C>A;48C>A],NA,p.His16Lys,0.8563789880603208,0.8139239869275974,0.8890154943870597
urn:mavedb:00000408-0-1#339,c.[46C>A;47A>C;54G>A],NA,p.His16Thr,1.2396399506601603,1.183179896691206,1.2903551277496237
urn:mavedb:00000408-0-1#340,c.[46C>T;47A>C;48C>T],NA,p.His16Ser,0.5316191830291872,0.4533899363724284,0.6104764567255532
urn:mavedb:00000408-0-1#341,c.[46C>G;47A>C;48C>T;54G>A],NA,p.His16Ala,0.4980512638166409,0.4624699680110142,0.5659144092327235
urn:mavedb:00000408-0-1#342,c.[46C>G;47A>G;48C>T],NA,p.His16Gly,-1.5245378941765888,-1.6984544215962083,-1.3240214480570287
urn:mavedb:00000408-0-1#343,c.[46C>A;47A>T;48C>G],NA,p.His16Met,1.490692219535125,1.4435115755770511,1.559060088080275
urn:mavedb:00000408-0-1#344,c.[47A>T;48C>G],NA,p.His16Leu,1.4561743688827118,1.4231232943126937,1.5005086671036758
urn:mavedb:00000408-0-1#345,c.[46C>G;47A>T;48C>T],NA,p.His16Val,1.4259750488701477,1.361431372407342,1.5096320552094873
urn:mavedb:00000408-0-1#346,c.[46C>A;47A>T],NA,p.His16Ile,1.7578972303270834,1.6891565664108592,1.812073387955798
urn:mavedb:00000408-0-1#347,c.[46C>T;47A>G;48C>G;54G>A],NA,p.His16Trp,1.6331410698178632,1.5748711933040052,1.672801089309658
urn:mavedb:00000408-0-1#348,c.46C>T,NA,p.His16Tyr,1.825123016748757,1.7828144270421724,1.8536944820975576
urn:mavedb:00000408-0-1#349,c.[46C>T;47A>T],NA,p.His16Phe,1.607349410475796,1.559104402904517,1.6796257657643323
urn:mavedb:00000408-0-1#350,c.[47A>C;48C>A;54G>A],NA,p.His16Pro,-1.188491962806988,-1.2658900179466177,-1.0039786198679943
urn:mavedb:00000408-0-1#351,c.[3T>C;6T>C;45_46insGGT;105A>G;126G>A;129G>T],NA,p.Arg15_His16insGly,-0.8210355826487717,-0.9325222790086036,-0.7250402638332316
urn:mavedb:00000408-0-1#352,c.[45delinsCGCG;51G>T;90A>G],NA,p.Arg15_His16insAla,-1.5619907972091955,-1.678202657753788,-1.434350171725553
urn:mavedb:00000408-0-1#353,c.[3T>C;46_48del;96C>T],NA,p.His16del,-1.8604648146673328,-2.19434460669824,-1.5438613023160568
urn:mavedb:00000408-0-1#354,c.[49G>C;50C>A],NA,p.Ala17Gln,0.125692592979894,0.0719746560546971,0.1836094667641017
urn:mavedb:00000408-0-1#355,c.[50C>A;51G>A],NA,p.Ala17Glu,0.3777368532628559,0.3028467511242943,0.4602190021100202
urn:mavedb:00000408-0-1#356,c.[49G>A;50C>A;51G>C],NA,p.Ala17Asn,0.2631035069509351,0.1614386404334763,0.3123814232491192
urn:mavedb:00000408-0-1#357,c.[49G>C;50C>A;51G>C],NA,p.Ala17His,0.598924723213194,0.5516411159900871,0.6586609334741949
urn:mavedb:00000408-0-1#358,c.[50C>A;51G>C],NA,p.Ala17Asp,1.18617726644809,1.1402339578586234,1.245059620862633
urn:mavedb:00000408-0-1#359,c.[49G>C;50C>G;51G>T],NA,p.Ala17Arg,-0.2902765478664921,-0.3072830786837573,-0.2587498159688543
urn:mavedb:00000408-0-1#360,c.[49G>A;50C>A;51G>A],NA,p.Ala17Lys,-0.1722178115708774,-0.2086262964315783,-0.1155309243302502
urn:mavedb:00000408-0-1#361,c.[49G>A;51G>C],NA,p.Ala17Thr,1.1828604806446994,1.1078086606246125,1.2373870266865847
urn:mavedb:00000408-0-1#362,c.[49G>T;51G>T],NA,p.Ala17Ser,0.7689447787648145,0.7369031497494158,0.8174521559418073
urn:mavedb:00000408-0-1#363,c.[50C>G;51G>T],NA,p.Ala17Gly,0.7500611708994199,0.6783627710721687,0.8462696980739226
urn:mavedb:00000408-0-1#364,c.[49G>A;50C>T],NA,p.Ala17Met,1.1464012347734207,1.098453179872354,1.2236686171149829
urn:mavedb:00000408-0-1#365,c.[24G>C;48C>T;49G>C;50C>T],NA,p.Ala17Leu,1.0004686922882189,0.922382943605306,1.037889353160069
urn:mavedb:00000408-0-1#366,c.[50C>T;51G>T],NA,p.Ala17Val,-0.2587426201977926,-0.3051734943311801,-0.1945702619745575
urn:mavedb:00000408-0-1#367,c.[49G>A;50C>T;51G>C],NA,p.Ala17Ile,-0.638344457104072,-0.7327290865802862,-0.550016223710287
urn:mavedb:00000408-0-1#368,c.[49G>T;50C>G],NA,p.Ala17Trp,-0.1187012139473073,-0.168434444041489,-0.0692781655133587
urn:mavedb:00000408-0-1#369,c.[49G>T;50C>A;51G>C],NA,p.Ala17Tyr,0.1388155653282577,0.0777479909016423,0.2297066538948372
urn:mavedb:00000408-0-1#370,c.[49G>T;50C>T;51G>C],NA,p.Ala17Phe,-0.1204128809527396,-0.148527400745331,-0.0699279536355832
urn:mavedb:00000408-0-1#371,c.49G>C,NA,p.Ala17Pro,-0.6604940874678569,-0.6916948319003973,-0.6242802310206272
urn:mavedb:00000408-0-1#372,c.[3T>C;49G>T;50C>G;51G>C;129G>T],NA,p.Ala17Cys,1.715144034780837,1.6366703630628054,1.928425915911232
urn:mavedb:00000408-0-1#373,c.[3T>C;12A>G;48_49insGGT;96C>T],NA,p.His16_Ala17insGly,-0.4477606799236425,-0.5651789878336584,-0.3819193545660979
urn:mavedb:00000408-0-1#374,c.[48_49insGCT;81C>T;108C>T;129G>T],NA,p.His16_Ala17insAla,-0.3316648651277111,-0.4038123648514893,-0.2853420593019818
urn:mavedb:00000408-0-1#375,c.[3T>C;49_51del;93C>T;108C>T],NA,p.Ala17del,-0.9380188873020776,-1.086833653927682,-0.8726895504703578
urn:mavedb:00000408-0-1#376,c.53C>A,NA,p.Pro18Gln,0.6733411018584985,0.6015864607642877,0.7453817253129805
urn:mavedb:00000408-0-1#377,c.[52C>G;53C>A;54G>A],NA,p.Pro18Glu,0.795724021581498,0.7497483849322653,0.8397340270930276
urn:mavedb:00000408-0-1#378,c.[52C>A;53C>A;54G>C],NA,p.Pro18Asn,0.4620187502298413,0.3891494734001275,0.5759231048645437
urn:mavedb:00000408-0-1#379,c.[53C>A;54G>C],NA,p.Pro18His,0.4678144131139141,0.4057878509354902,0.5107512468615559
urn:mavedb:00000408-0-1#380,c.[52C>G;53C>A;54G>C],NA,p.Pro18Asp,0.4480460644145519,0.3773525887241429,0.5145292646694699
urn:mavedb:00000408-0-1#381,c.[53C>G;54G>C],NA,p.Pro18Arg,0.8396535141678272,0.7732187930081568,0.9332366439091404
urn:mavedb:00000408-0-1#382,c.[52C>A;53C>A;54G>A],NA,p.Pro18Lys,0.9683001578030046,0.9156903506033462,1.0334051570663154
urn:mavedb:00000408-0-1#383,c.[52C>A;54G>C],NA,p.Pro18Thr,0.6396575213661261,0.5751094010286055,0.7059138553964925
urn:mavedb:00000408-0-1#384,c.[52C>T;54G>T],NA,p.Pro18Ser,0.9039425835513022,0.803365550615575,0.951804755678245
urn:mavedb:00000408-0-1#385,c.52C>G,NA,p.Pro18Ala,1.034919245436551,0.9635522318341336,1.0900577249408974
urn:mavedb:00000408-0-1#386,c.[52C>G;53C>G;54G>T;111G>A;114T>C;117G>C],NA,p.Pro18Gly,0.4707331020530727,0.3939673814880778,0.5158016105714214
urn:mavedb:00000408-0-1#387,c.[52C>A;53C>T],NA,p.Pro18Met,0.6794474990729483,0.6138344263776777,0.7377832792653409
urn:mavedb:00000408-0-1#388,c.53C>T,NA,p.Pro18Leu,0.6705713714631818,0.6206091283678568,0.7326763979633746
urn:mavedb:00000408-0-1#389,c.[52C>G;53C>T;54G>T],NA,p.Pro18Val,0.5981459866936547,0.5439951364992655,0.6622164762304293
urn:mavedb:00000408-0-1#390,c.[52C>A;53C>T;54G>C],NA,p.Pro18Ile,0.5566745607018562,0.5029357498202385,0.6160037631958528
urn:mavedb:00000408-0-1#391,c.[51G>T;52C>T;53C>G],NA,p.Pro18Trp,0.8336572872253354,0.7591908671753594,0.8958286539924378
urn:mavedb:00000408-0-1#392,c.[52C>T;53C>A;54G>C],NA,p.Pro18Tyr,0.6677280589054333,0.608906522366171,0.7777790641451497
urn:mavedb:00000408-0-1#393,c.[52C>T;53C>T;54G>C],NA,p.Pro18Phe,0.6411458460737219,0.5696513995505641,0.6782288133090225
urn:mavedb:00000408-0-1#394,c.[3T>C;51delinsTGGT;81C>T;93C>T],NA,p.Ala17_Pro18insGly,0.0716551733163669,-0.0019046508140469,0.1294682714077577
urn:mavedb:00000408-0-1#395,c.[51delinsTGCG;54G>A;93C>T],NA,p.Ala17_Pro18insAla,-0.3454006906237539,-0.394526635339795,-0.2659564448266717
urn:mavedb:00000408-0-1#396,c.[3T>C;45T>C;52_54del;105A>G],NA,p.Pro18del,0.2994066740550558,0.255225989868717,0.3506108596492633
urn:mavedb:00000408-0-1#397,c.[51G>T;55A>C;57C>G],NA,p.Asn19Gln,-2.5263542099080434,-3.0092982691405115,-2.28636642949366
urn:mavedb:00000408-0-1#398,c.[51G>T;55A>G;57C>A],NA,p.Asn19Glu,-2.628272593111433,-2.8886572592599284,-2.2677990727257904
urn:mavedb:00000408-0-1#399,c.[51G>T;55A>C],NA,p.Asn19His,-0.8528128849507477,-0.9050578593978308,-0.7485453532780968
urn:mavedb:00000408-0-1#400,c.[51G>T;55A>G],NA,p.Asn19Asp,1.2768878857978505,1.2352112235277173,1.3478392555003726
urn:mavedb:00000408-0-1#401,c.[51G>T;55A>C;56A>G;57C>T],NA,p.Asn19Arg,-5.326776480156397,-5.79966553780073,-4.239724083180093
urn:mavedb:00000408-0-1#402,c.[30A>G;57C>A;60T>C],NA,p.Asn19Lys,-3.906308905564521,-4.572005736975641,-3.437775741216831
urn:mavedb:00000408-0-1#403,c.[56A>C;57C>T],NA,p.Asn19Thr,-0.0719883400884453,-0.1296963488591682,-0.0420209001296481
urn:mavedb:00000408-0-1#404,c.[55A>T;56A>C;57C>T],NA,p.Asn19Ser,0.94004023501038,0.8641529322330491,1.0451961562071137
urn:mavedb:00000408-0-1#405,c.[54G>A;55A>G;56A>C;57C>G],NA,p.Asn19Ala,-4.06210371288868,-4.704065825532244,-3.4209243300093006
urn:mavedb:00000408-0-1#406,c.[51G>T;55A>G;56A>G;57C>T],NA,p.Asn19Gly,0.6233985044974533,0.5404288629799898,0.7372382158688512
urn:mavedb:00000408-0-1#407,c.[56A>T;57C>G],NA,p.Asn19Met,-3.855723117796456,-4.5081860006076,-2.8278479942969232
urn:mavedb:00000408-0-1#408,c.[51G>T;55A>C;56A>T;57C>G],NA,p.Asn19Leu,-3.738932572661045,-4.23222484928278,-3.47911853662932
urn:mavedb:00000408-0-1#409,c.[51G>T;55A>G;56A>T;57C>T],NA,p.Asn19Val,-3.835463217317064,-4.125877961515665,-3.440422095083145
urn:mavedb:00000408-0-1#410,c.[54G>A;56A>T],NA,p.Asn19Ile,-2.626466427488112,-2.918710513822581,-2.417425641347156
urn:mavedb:00000408-0-1#411,c.[55A>T;56A>G;57C>G],NA,p.Asn19Trp,-0.1737142713713296,-0.218575703401443,-0.1230262993692896
urn:mavedb:00000408-0-1#412,c.[54G>A;55A>T],NA,p.Asn19Tyr,-0.7961112417862392,-0.9326889358042209,-0.7255627137328892
urn:mavedb:00000408-0-1#413,c.[55A>T;56A>T],NA,p.Asn19Phe,-2.682598979424107,-3.2580266340931296,-2.226017127529891
urn:mavedb:00000408-0-1#414,c.[54G>A;55A>C;56A>C;57C>G],NA,p.Asn19Pro,-3.140808771163922,-3.4833656545690053,-1.9692506357817243
urn:mavedb:00000408-0-1#415,c.[30A>G;55A>T;56A>G;60T>C;93C>T],NA,p.Asn19Cys,1.237225578256354,0.8433117089211187,1.4252550165920463
urn:mavedb:00000408-0-1#416,c.[51G>T;54_55insGGT;96C>T],NA,p.Pro18_Asn19insGly,0.2214079208021913,0.0588683931969247,0.2984849070708225
urn:mavedb:00000408-0-1#417,c.[3T>C;12A>G;54delinsAGCT;93C>T;96C>T],NA,p.Pro18_Asn19insAla,-0.7865313299080463,-0.885805244874412,-0.7079129287540912
urn:mavedb:00000408-0-1#418,c.[54G>A;55_57del;87C>T;96C>T;129G>T],NA,p.Asn19del,-1.736487991384972,-2.237248717251548,-1.06634671696281
urn:mavedb:00000408-0-1#419,c.[58G>C;59G>A;60T>G],NA,p.Gly20Gln,-1.4251486560150028,-1.5355496192664662,-1.1934116692433547
urn:mavedb:00000408-0-1#420,c.[59G>A;60T>A],NA,p.Gly20Glu,-1.820899837691333,-1.964527876413083,-1.4898250281788628
urn:mavedb:00000408-0-1#421,c.[58G>A;59G>A;60T>C],NA,p.Gly20Asn,-0.7480139746334145,-0.8953877755668119,-0.5851372713975436
urn:mavedb:00000408-0-1#422,c.[3T>C;58G>C;59G>A;60T>C],NA,p.Gly20His,-0.3520144312914501,-0.4207573415036726,-0.2481225882184256
urn:mavedb:00000408-0-1#423,c.[59G>A;60T>C],NA,p.Gly20Asp,-1.4965350663181023,-1.954872956720341,-1.290690416126825
urn:mavedb:00000408-0-1#424,c.58G>C,NA,p.Gly20Arg,-1.4549627998458947,-1.649056736013872,-1.0786712493675823
urn:mavedb:00000408-0-1#425,c.[58G>A;59G>A;60T>A],NA,p.Gly20Lys,-0.2679464099821066,-0.3201178902194614,-0.208093878311967
urn:mavedb:00000408-0-1#426,c.[58G>A;59G>C;60T>C],NA,p.Gly20Thr,1.6116215250988866,1.419455116304379,1.9100621490488496
urn:mavedb:00000408-0-1#427,c.[58G>T;59G>C],NA,p.Gly20Ser,-0.743810681376454,-0.863291699488433,-0.6153056427775632
urn:mavedb:00000408-0-1#428,c.59G>C,NA,p.Gly20Ala,-4.262832671259305,-5.087022993223758,-2.639737098661094
urn:mavedb:00000408-0-1#429,c.[58G>A;59G>T;60T>G],NA,p.Gly20Met,-2.707930500911192,-2.9964654643940127,-2.0812837176756376
urn:mavedb:00000408-0-1#430,c.[58G>C;59G>T;60T>G],NA,p.Gly20Leu,-2.1694889798561747,-2.512295294596597,-1.93459499662548
urn:mavedb:00000408-0-1#431,c.[57C>T;59G>T],NA,p.Gly20Val,-4.114361261575919,-4.5612923718848455,-3.643493681168344
urn:mavedb:00000408-0-1#432,c.[58G>A;59G>T;60T>C],NA,p.Gly20Ile,-4.373272363481055,-4.966686630293474,-3.771621611314508
urn:mavedb:00000408-0-1#433,c.[58G>T;60T>G],NA,p.Gly20Trp,-5.076969095769572,-5.409634001685078,-4.658592712785619
urn:mavedb:00000408-0-1#434,c.[58G>T;59G>A;60T>C],NA,p.Gly20Tyr,-3.413582447437925,-3.663672056350953,-3.1341103893006137
urn:mavedb:00000408-0-1#435,c.[39A>G;45T>C;58G>T;59G>T;60T>C],NA,p.Gly20Phe,-3.184720427202042,-3.659357019958679,-1.929769478755284
urn:mavedb:00000408-0-1#436,c.[57C>T;58G>C;59G>C;60T>G],NA,p.Gly20Pro,-2.7435513368798,-3.771105801366621,-1.9983488426866405
urn:mavedb:00000408-0-1#437,c.[58G>T;60T>C],NA,p.Gly20Cys,0.8758171592897334,0.7249884345614572,1.015259554372729
urn:mavedb:00000408-0-1#438,c.[3T>C;57_58insGGT;93C>T],NA,p.Asn19_Gly20insGly,0.0112372611327617,-0.0275239427068825,0.0409798355992758
urn:mavedb:00000408-0-1#439,c.[57_58insGCT;60T>C;66G>A;87C>T;96C>T],NA,p.Asn19_Gly20insAla,-1.0511983927279944,-1.1674960802789769,-0.8050240629365085
urn:mavedb:00000408-0-1#440,c.[3T>C;12A>G;58_60del;90A>G;105A>G],NA,p.Gly20del,-1.1605996427160608,-1.375403515168191,-1.003255248664544
urn:mavedb:00000408-0-1#441,c.[62G>A;63T>G],NA,p.Arg21Gln,0.7958465585091011,0.6962510917661324,0.8929388381423977
urn:mavedb:00000408-0-1#442,c.[61C>G;62G>A;63T>A],NA,p.Arg21Glu,0.4992554349481115,0.4537729059813382,0.535070098877137
urn:mavedb:00000408-0-1#443,c.[61C>A;62G>A;63T>C],NA,p.Arg21Asn,0.0279783433608941,-0.0459865387028939,0.0665014121521815
urn:mavedb:00000408-0-1#444,c.[62G>A;63T>C],NA,p.Arg21His,0.2631111094125201,0.1934397004886161,0.3192903729760954
urn:mavedb:00000408-0-1#445,c.[61C>G;62G>A;63T>C],NA,p.Arg21Asp,0.3443249061044656,0.2527803747792025,0.4503559536828531
urn:mavedb:00000408-0-1#446,c.[61C>A;62G>A;63T>A],NA,p.Arg21Lys,0.9357042277428208,0.8482952070283519,0.9821472729311328
urn:mavedb:00000408-0-1#447,c.[61C>A;62G>C;63T>C],NA,p.Arg21Thr,0.7313147904659132,0.6697387942287445,0.8377466511723821
urn:mavedb:00000408-0-1#448,c.[61C>T;62G>C],NA,p.Arg21Ser,0.0784355425169089,0.0072886015826897,0.1579638977302103
urn:mavedb:00000408-0-1#449,c.[61C>G;62G>C;63T>G],NA,p.Arg21Ala,0.2696101133990189,0.2164302469957633,0.3951312052130104
urn:mavedb:00000408-0-1#450,c.61C>G,NA,p.Arg21Gly,-1.564079119564774,-1.8442027414668287,-1.433094081963023
urn:mavedb:00000408-0-1#451,c.[61C>A;62G>T;63T>G],NA,p.Arg21Met,0.769898599609568,0.6935039186485257,0.8347071875230877
urn:mavedb:00000408-0-1#452,c.[62G>T;63T>G],NA,p.Arg21Leu,0.3329392498148681,0.2697703571284914,0.4143575268118493
urn:mavedb:00000408-0-1#453,c.[61C>G;62G>T],NA,p.Arg21Val,0.7592355863389104,0.6438101348455365,0.8716146527476083
urn:mavedb:00000408-0-1#454,c.[61C>A;62G>T;63T>C],NA,p.Arg21Ile,0.6315105685807667,0.5711137491379694,0.7187384635886807
urn:mavedb:00000408-0-1#455,c.[61C>T;63T>G],NA,p.Arg21Trp,0.2424834799348617,0.1401754596082656,0.3132262453748622
urn:mavedb:00000408-0-1#456,c.[61C>T;62G>A;63T>C],NA,p.Arg21Tyr,0.0736607342688866,-0.0308618296763354,0.0982336057868977
urn:mavedb:00000408-0-1#457,c.[61C>T;62G>T;63T>C],NA,p.Arg21Phe,0.2455472943242897,0.1277192008597834,0.3507592942603257
urn:mavedb:00000408-0-1#458,c.[62G>C;63T>G],NA,p.Arg21Pro,-1.1735397282763371,-1.2198051919885675,-0.9981704948683966
urn:mavedb:00000408-0-1#459,c.[3T>C;60_61insGGT;96C>T],NA,p.Gly20_Arg21insGly,0.078635155698768,0.0226963084613479,0.1227813808178308
urn:mavedb:00000408-0-1#460,c.[3T>C;57C>T;60_61insGCG;72C>T;81C>T;93C>T;105A>G;117G>C;129G>T],NA,p.Gly20_Arg21insAla,-1.2018857475717986,-1.5323702586143435,-1.085149243038691
urn:mavedb:00000408-0-1#461,c.[12A>G;15G>A;18T>C;61_63del;90A>G;129G>T],NA,p.Arg21del,-0.3738852530027441,-0.4129193152621497,-0.257222159228317
urn:mavedb:00000408-0-1#462,c.65C>A,NA,p.Pro22Gln,0.8594828104100074,0.7472104129259306,0.9395826585736378
urn:mavedb:00000408-0-1#463,c.[64C>G;65C>A;66G>A],NA,p.Pro22Glu,0.8084608732063105,0.7421396143107879,0.8686206136014044
urn:mavedb:00000408-0-1#464,c.[64C>A;65C>A;66G>C],NA,p.Pro22Asn,0.0846016376267308,0.0318290873124917,0.1446074167643329
urn:mavedb:00000408-0-1#465,c.[65C>A;66G>C],NA,p.Pro22His,1.3584369185139025,1.2972957376442562,1.4301564378833391
urn:mavedb:00000408-0-1#466,c.[64C>G;65C>A;66G>C],NA,p.Pro22Asp,0.2230349588993586,0.1205435788739563,0.3023574705736913
urn:mavedb:00000408-0-1#467,c.[65C>G;66G>T],NA,p.Pro22Arg,0.918477756231559,0.8639172873141344,0.9446226774522228
urn:mavedb:00000408-0-1#468,c.[64C>A;65C>A;66G>A],NA,p.Pro22Lys,0.9518954312559568,0.914896649202923,1.0215367185943247
urn:mavedb:00000408-0-1#469,c.[64C>A;66G>C],NA,p.Pro22Thr,0.6298180422799033,0.5438973232520186,0.6762779885372235
urn:mavedb:00000408-0-1#470,c.[64C>T;66G>T],NA,p.Pro22Ser,0.2577303983921501,0.2166542370318804,0.3358238062863643
urn:mavedb:00000408-0-1#471,c.64C>G,NA,p.Pro22Ala,0.8062838268216895,0.7683767495829318,0.8570263273283777
urn:mavedb:00000408-0-1#472,c.[64C>G;65C>G;66G>T],NA,p.Pro22Gly,-0.7889759934107214,-0.9274411233271116,-0.6736994737487931
urn:mavedb:00000408-0-1#473,c.[64C>A;65C>T],NA,p.Pro22Met,0.9325069386932352,0.8641530020790551,0.985120854502326
urn:mavedb:00000408-0-1#474,c.65C>T,NA,p.Pro22Leu,1.1649321502983492,1.103995282573246,1.1960207070557138
urn:mavedb:00000408-0-1#475,c.[64C>G;65C>T;66G>T],NA,p.Pro22Val,1.2586922825501834,1.2031106305954715,1.346710567550537
urn:mavedb:00000408-0-1#476,c.[64C>A;65C>T;66G>C],NA,p.Pro22Ile,1.2539379948566791,1.198480048303308,1.331424287029267
urn:mavedb:00000408-0-1#477,c.[64C>T;65C>G],NA,p.Pro22Trp,0.3830672671972353,0.2924560530146107,0.5402928106399681
urn:mavedb:00000408-0-1#478,c.[64C>T;65C>A;66G>C],NA,p.Pro22Tyr,0.5912704754311167,0.5509689491431151,0.6727830226288412
urn:mavedb:00000408-0-1#479,c.[64C>T;65C>T;66G>C],NA,p.Pro22Phe,0.5382207413216544,0.4787667937318226,0.5708268978045679
urn:mavedb:00000408-0-1#480,c.[12A>G;27G>A;30A>G;64C>T;65C>G;66G>C],NA,p.Pro22Cys,1.3119196165470364,1.2036186318935946,1.6033285637000343
urn:mavedb:00000408-0-1#481,c.[63_64insGGT;96C>T;108C>T;129G>T],NA,p.Arg21_Pro22insGly,-0.1495951916175976,-0.1701068037537454,-0.122852293471321
urn:mavedb:00000408-0-1#482,c.[3T>C;63delinsCGCT],NA,p.Arg21_Pro22insAla,-0.4969975524944581,-0.5895665219472408,-0.4456697329615918
urn:mavedb:00000408-0-1#483,c.64_66del,NA,p.Pro22del,-0.3054365561090691,-0.3435692707777916,-0.2401020779253767
urn:mavedb:00000408-0-1#484,c.[67T>C;68T>A;69C>G],NA,p.Phe23Gln,-0.1940861295515931,-0.282493674262214,-0.1348674230217979
urn:mavedb:00000408-0-1#485,c.[67T>G;68T>A;69C>A],NA,p.Phe23Glu,-0.4702397735359283,-0.5254591275393569,-0.4444071823806118
urn:mavedb:00000408-0-1#486,c.[67T>A;68T>A;72C>T],NA,p.Phe23Asn,-2.77584834962424,-3.1659880637519127,-2.336349437240554
urn:mavedb:00000408-0-1#487,c.[67T>C;68T>A],NA,p.Phe23His,-2.544655909048004,-2.88589126316001,-2.3045316600713024
urn:mavedb:00000408-0-1#488,c.[67T>G;68T>A;69C>T],NA,p.Phe23Asp,-2.8258013441406327,-3.231349153084821,-2.177101869498645
urn:mavedb:00000408-0-1#489,c.[67T>C;68T>G;69C>T],NA,p.Phe23Arg,-4.122058280618872,-4.477698299507429,-3.76272003730886
urn:mavedb:00000408-0-1#490,c.[67T>A;68T>A;69C>A],NA,p.Phe23Lys,-1.3109681121182413,-1.57864670887042,-1.164583923592741
urn:mavedb:00000408-0-1#491,c.[67T>A;68T>C],NA,p.Phe23Thr,-1.845879637669983,-2.337036299599795,-1.6284342160746206
urn:mavedb:00000408-0-1#492,c.[68T>C;69C>T],NA,p.Phe23Ser,-2.707543835585528,-3.312813194868718,-2.2714527866588283
urn:mavedb:00000408-0-1#493,c.[67T>G;68T>C;69C>G],NA,p.Phe23Ala,-5.216490603335631,-5.680322720315496,-4.198031279856202
urn:mavedb:00000408-0-1#494,c.[67T>G;68T>G;69C>T],NA,p.Phe23Gly,-3.3770592069443506,-3.679651732078224,-2.584058198583675
urn:mavedb:00000408-0-1#495,c.[67T>A;69C>G],NA,p.Phe23Met,0.3326065014787334,0.2669762097763898,0.391319257484556
urn:mavedb:00000408-0-1#496,c.[67T>C;69C>G],NA,p.Phe23Leu,0.5604850805578889,0.4557724728282509,0.6133703579432346
urn:mavedb:00000408-0-1#497,c.[67T>G;69C>T],NA,p.Phe23Val,0.2477023489482951,0.1470586304879504,0.4115682877915668
urn:mavedb:00000408-0-1#498,c.67T>A,NA,p.Phe23Ile,0.6785667821718331,0.6227735411631826,0.752557932762047
urn:mavedb:00000408-0-1#499,c.[68T>G;69C>G],NA,p.Phe23Trp,0.2052397813191021,0.1437150910539777,0.2751344764341787
urn:mavedb:00000408-0-1#500,c.68T>A,NA,p.Phe23Tyr,1.628946735797225,1.565903362482307,1.7003277726490753
urn:mavedb:00000408-0-1#501,c.[67T>C;68T>C;69C>G],NA,p.Phe23Pro,-4.859557168642109,-5.319768381831558,-4.045406575389048
urn:mavedb:00000408-0-1#502,c.68T>G,NA,p.Phe23Cys,1.3981010957603508,1.1943499889598912,1.6283403528242273
urn:mavedb:00000408-0-1#503,c.[66_67insGGT;90A>G;129G>T],NA,p.Pro22_Phe23insGly,-0.780346344348587,-0.8914293382133109,-0.6582568482216347
urn:mavedb:00000408-0-1#504,c.[66_67insGCG;93C>T],NA,p.Pro22_Phe23insAla,-0.4668752149382383,-0.5270828270861865,-0.3771544671412457
urn:mavedb:00000408-0-1#505,c.[12A>G;27G>A;67_69del;90A>G;108C>T;129G>T],NA,p.Phe23del,-0.582980648041793,-0.8192108081096487,-0.3493901408555553
urn:mavedb:00000408-0-1#506,c.[70T>C;71T>A;72C>G],NA,p.Phe24Gln,-2.961768762123005,-3.277929871757726,-2.730892318729795
urn:mavedb:00000408-0-1#507,c.[70T>G;71T>A;72C>A],NA,p.Phe24Glu,-3.023554601299015,-3.6669207465282185,-2.5460403762398847
urn:mavedb:00000408-0-1#508,c.[70T>A;71T>A],NA,p.Phe24Asn,-3.356907624410752,-3.856992939634575,-2.7309770554321866
urn:mavedb:00000408-0-1#509,c.[70T>C;71T>A],NA,p.Phe24His,-4.832126555671721,-5.418957938323098,-3.2465362748329847
urn:mavedb:00000408-0-1#510,c.[70T>G;71T>A],NA,p.Phe24Asp,-1.3555956794959547,-1.7197068330073524,-1.172975694287468
urn:mavedb:00000408-0-1#511,c.[70T>C;71T>G;72C>T],NA,p.Phe24Arg,-4.832255942781135,-5.675238590384442,-4.543019504670675
urn:mavedb:00000408-0-1#512,c.[70T>A;71T>A;72C>A],NA,p.Phe24Lys,-2.905269643621885,-4.24339293596284,-2.5196937230014407
urn:mavedb:00000408-0-1#513,c.[70T>A;71T>C],NA,p.Phe24Thr,-3.637515476235669,-4.208455633318405,-3.04487148786654
urn:mavedb:00000408-0-1#514,c.[71T>C;72C>T],NA,p.Phe24Ser,-4.579291586212058,-5.273819922319704,-4.010143012444166
urn:mavedb:00000408-0-1#515,c.[70T>G;71T>C;72C>G],NA,p.Phe24Ala,-3.303832040471146,-4.2905623553854095,-3.0030550481640605
urn:mavedb:00000408-0-1#516,c.[57C>T;70T>G;71T>G;72C>T],NA,p.Phe24Gly,-4.170407101396803,-5.106355389790503,-2.874758966701464
urn:mavedb:00000408-0-1#517,c.[70T>A;72C>G],NA,p.Phe24Met,-3.593480115572339,-4.062770903025204,-2.858724205095315
urn:mavedb:00000408-0-1#518,c.[70T>C;72C>G],NA,p.Phe24Leu,-5.339416165694776,-5.921023465558972,-4.68872440149297
urn:mavedb:00000408-0-1#519,c.[70T>G;72C>T],NA,p.Phe24Val,-4.182902816041137,-5.119502622204567,-3.2049787659629603
urn:mavedb:00000408-0-1#520,c.70T>A,NA,p.Phe24Ile,-3.658108691517697,-4.648250179742096,-2.852635097863604
urn:mavedb:00000408-0-1#521,c.[71T>G;72C>G],NA,p.Phe24Trp,0.9241378216032592,0.8693441539219562,1.0250889632224065
urn:mavedb:00000408-0-1#522,c.71T>A,NA,p.Phe24Tyr,1.0716930859247529,1.006520012696392,1.1384069129762011
urn:mavedb:00000408-0-1#523,c.[70T>C;71T>C;72C>G],NA,p.Phe24Pro,-2.9413739365770386,-3.425311221456951,-2.320473304951044
urn:mavedb:00000408-0-1#524,c.[71T>G;108C>T],NA,p.Phe24Cys,0.8720220999388739,0.5004417831944423,1.1764389844908252
urn:mavedb:00000408-0-1#525,c.[3T>C;57C>T;69_70insGGT;87C>T;96C>T;129G>T],NA,p.Phe23_Phe24insGly,-1.2663337832604555,-1.401848927125344,-1.066888659895494
urn:mavedb:00000408-0-1#526,c.[3T>C;69_70insGCG;90A>G],NA,p.Phe23_Phe24insAla,-0.6666793795064996,-0.8201206503008552,-0.4598070987265268
urn:mavedb:00000408-0-1#527,c.70_72del,NA,p.Phe24del,-0.2640236370800511,-0.3789148549185985,-0.1991015993745662
urn:mavedb:00000408-0-1#528,c.[73A>C;74T>A;75C>G],NA,p.Ile25Gln,-2.182997969327608,-2.440046075134778,-1.9187858979990804
urn:mavedb:00000408-0-1#529,c.[72C>T;73A>G;74T>A;75C>A],NA,p.Ile25Glu,-2.846419311720189,-3.325317199223039,-2.5702851505464657
urn:mavedb:00000408-0-1#530,c.74T>A,NA,p.Ile25Asn,-4.4813846230645495,-4.843556495019647,-4.099239012686746
urn:mavedb:00000408-0-1#531,c.[73A>C;74T>A],NA,p.Ile25His,-0.3544994259781781,-0.4116911956586084,-0.2938742440407446
urn:mavedb:00000408-0-1#532,c.[73A>G;74T>A],NA,p.Ile25Asp,-2.6725768545173283,-2.914559860552573,-2.2917744283232624
urn:mavedb:00000408-0-1#533,c.[73A>C;74T>G;75C>T],NA,p.Ile25Arg,-5.199010016660779,-6.131440158908618,-3.5681399225118287
urn:mavedb:00000408-0-1#534,c.[74T>A;75C>A],NA,p.Ile25Lys,-2.0149701958903146,-2.635894949225773,-1.6597446942707217
urn:mavedb:00000408-0-1#535,c.74T>C,NA,p.Ile25Thr,-0.8022021938261226,-0.8944019561035625,-0.701991329819684
urn:mavedb:00000408-0-1#536,c.[73A>T;74T>C;75C>T],NA,p.Ile25Ser,-3.040312173114686,-3.479603589658772,-2.4191703554055306
urn:mavedb:00000408-0-1#537,c.[73A>G;74T>C;75C>G],NA,p.Ile25Ala,-2.275582594144556,-3.943985641906137,-1.7976736026766018
urn:mavedb:00000408-0-1#538,c.[73A>G;74T>G;75C>T],NA,p.Ile25Gly,-2.7714867610158462,-3.090304621325197,-2.583035000113652
urn:mavedb:00000408-0-1#539,c.75C>G,NA,p.Ile25Met,-0.0973415521013847,-0.1419332819554738,-0.0642956270063746
urn:mavedb:00000408-0-1#540,c.[73A>C;75C>G],NA,p.Ile25Leu,-0.0025418165684689,-0.0587249593699704,0.1459657110088771
urn:mavedb:00000408-0-1#541,c.[73A>G;75C>T],NA,p.Ile25Val,0.8635494732363163,0.8059500418951073,0.9198723928439332
urn:mavedb:00000408-0-1#542,c.[73A>T;74T>G;75C>G],NA,p.Ile25Trp,0.3009910617578546,0.251841858220531,0.3699983080581999
urn:mavedb:00000408-0-1#543,c.[73A>T;74T>A],NA,p.Ile25Tyr,1.355691098836212,1.3012246551334967,1.4141344584475235
urn:mavedb:00000408-0-1#544,c.73A>T,NA,p.Ile25Phe,0.9988408388480888,0.9377192734162304,1.063241438768242
urn:mavedb:00000408-0-1#545,c.[73A>C;74T>C;75C>G],NA,p.Ile25Pro,-2.654624867792001,-2.953581567769308,-2.255202031531516
urn:mavedb:00000408-0-1#546,c.[72_73insGGT;93C>T;96C>T;129G>T],NA,p.Phe24_Ile25insGly,-0.3981001640668939,-0.5307801389124857,-0.2681330227791292
urn:mavedb:00000408-0-1#547,c.[3T>C;72_73insGCG;93C>T;96C>T;129G>T],NA,p.Phe24_Ile25insAla,-1.171530740032518,-1.289647973854294,-0.9993054708018136
urn:mavedb:00000408-0-1#548,c.[73_75del;90A>G;129G>T],NA,p.Ile25del,-1.254901153243611,-1.4553512922203062,-0.8965619246974926
urn:mavedb:00000408-0-1#549,c.[76G>C;78C>G],NA,p.Asp26Gln,-4.382834990589175,-4.624795637550565,-4.121735118625009
urn:mavedb:00000408-0-1#550,c.78C>A,NA,p.Asp26Glu,-3.226773429482167,-3.566308363797211,-2.7505156722815385
urn:mavedb:00000408-0-1#551,c.76G>A,NA,p.Asp26Asn,1.0012876208780668,0.9139121957396352,1.0429350975550051
urn:mavedb:00000408-0-1#552,c.76G>C,NA,p.Asp26His,0.198304931009138,0.1452067519543872,0.260042210319953
urn:mavedb:00000408-0-1#553,c.[76G>C;77A>G;78C>T],NA,p.Asp26Arg,-6.569654885313858,-8.05345915514536,-3.432236087250212
urn:mavedb:00000408-0-1#554,c.[76G>A;78C>A],NA,p.Asp26Lys,-4.532755374537475,-5.61711523930293,-4.063109752994709
urn:mavedb:00000408-0-1#555,c.[76G>A;77A>C],NA,p.Asp26Thr,-3.706372675286474,-4.141166308993551,-3.2886930710265374
urn:mavedb:00000408-0-1#556,c.[76G>T;77A>C;78C>T],NA,p.Asp26Ser,-4.935291986980407,-5.353757632381858,-4.279516597566856
urn:mavedb:00000408-0-1#557,c.[77A>C;78C>G],NA,p.Asp26Ala,-3.1947565284348265,-4.232143376579598,-2.340405357702643
urn:mavedb:00000408-0-1#558,c.[77A>G;78C>T],NA,p.Asp26Gly,-4.6086060565924765,-5.618679742380402,-3.316092455892915
urn:mavedb:00000408-0-1#559,c.[76G>A;77A>T;78C>G],NA,p.Asp26Met,-3.8641783577138336,-4.086511490727429,-3.534714414791011
urn:mavedb:00000408-0-1#560,c.[76G>C;77A>T;78C>G],NA,p.Asp26Leu,-4.804510975961987,-5.567746486076015,-4.008343913826063
urn:mavedb:00000408-0-1#561,c.[77A>T;78C>T],NA,p.Asp26Val,-3.1928974743918284,-4.219116870183187,-2.655920584827295
urn:mavedb:00000408-0-1#562,c.[76G>A;77A>T],NA,p.Asp26Ile,-4.087829308068965,-5.084082934740963,-3.738788615575109
urn:mavedb:00000408-0-1#563,c.[76G>T;77A>G;78C>G],NA,p.Asp26Trp,-1.2588249962297429,-1.3854625465039705,-0.9476434087118232
urn:mavedb:00000408-0-1#564,c.76G>T,NA,p.Asp26Tyr,-0.1983194648594885,-0.226438825416959,-0.1628035083242095
urn:mavedb:00000408-0-1#565,c.[76G>T;77A>T],NA,p.Asp26Phe,-0.0631980845342973,-0.1115584376135457,-0.0306437010721542
urn:mavedb:00000408-0-1#566,c.[76G>C;77A>C;78C>G],NA,p.Asp26Pro,-2.911733065824744,-3.402072530407489,-2.5318372400901685
urn:mavedb:00000408-0-1#567,c.[45T>C;76G>T;77A>G;111G>A],NA,p.Asp26Cys,0.8325002887238655,0.7340885561857116,0.9746421433995252
urn:mavedb:00000408-0-1#568,c.75_76insGGT,NA,p.Ile25_Asp26insGly,-2.5837887627801703,-3.060118259549624,-1.790929350083596
urn:mavedb:00000408-0-1#569,c.[3T>C;63T>C;75_76insGCG;90A>G;96C>T],NA,p.Ile25_Asp26insAla,-0.7005441822085544,-0.9906514737866038,-0.3496283807959336
urn:mavedb:00000408-0-1#570,c.[3T>C;57C>T;76_78del;129G>T],NA,p.Asp26del,-0.7832883244484031,-0.9048389813367878,-0.6387856205663132
urn:mavedb:00000408-0-1#571,c.81C>G,NA,p.His27Gln,0.0635905236196045,0.0129521309977259,0.0974054187747879
urn:mavedb:00000408-0-1#572,c.[79C>G;81C>A],NA,p.His27Glu,-0.3283235953295237,-0.3657557576420918,-0.2832852158817563
urn:mavedb:00000408-0-1#573,c.79C>A,NA,p.His27Asn,0.5528988479542376,0.5157247746877602,0.6078007990691358
urn:mavedb:00000408-0-1#574,c.79C>G,NA,p.His27Asp,-1.6640601589411572,-2.1091008716059783,-1.353307509895572
urn:mavedb:00000408-0-1#575,c.[80A>G;81C>T],NA,p.His27Arg,-1.256166374439402,-1.5223904001385082,-1.079737289213204
urn:mavedb:00000408-0-1#576,c.[79C>A;81C>A],NA,p.His27Lys,-0.0434122451583887,-0.102656227460438,-0.0067096833671254
urn:mavedb:00000408-0-1#577,c.[79C>A;80A>C],NA,p.His27Thr,0.6473826162475154,0.5838872818488414,0.6890281450350246
urn:mavedb:00000408-0-1#578,c.[79C>T;80A>C;81C>T],NA,p.His27Ser,0.1399417461251947,0.0613996267867638,0.1934683261508602
urn:mavedb:00000408-0-1#579,c.[79C>G;80A>C;81C>G],NA,p.His27Ala,-0.4531781295874272,-0.517657979120565,-0.4117150553366764
urn:mavedb:00000408-0-1#580,c.[79C>G;80A>G;81C>T],NA,p.His27Gly,-0.312305219788301,-0.3369735300228385,-0.2288278846953009
urn:mavedb:00000408-0-1#581,c.[79C>A;80A>T;81C>G],NA,p.His27Met,0.602818765302846,0.5256026479367115,0.6480105929017614
urn:mavedb:00000408-0-1#582,c.[80A>T;81C>G],NA,p.His27Leu,0.6519003385141933,0.6108105744260734,0.7306497931984602
urn:mavedb:00000408-0-1#583,c.[79C>G;80A>T;81C>T],NA,p.His27Val,0.4676320280962744,0.3789557234078279,0.5621679527307785
urn:mavedb:00000408-0-1#584,c.[79C>A;80A>T],NA,p.His27Ile,0.4247067109093009,0.3544207245696177,0.4665239099763867
urn:mavedb:00000408-0-1#585,c.[79C>T;80A>G;81C>G],NA,p.His27Trp,1.2581267493282255,1.215174291473695,1.3264547206788606
urn:mavedb:00000408-0-1#586,c.79C>T,NA,p.His27Tyr,0.4637676710738588,0.4149566326100452,0.5540722947948991
urn:mavedb:00000408-0-1#587,c.[79C>T;80A>T],NA,p.His27Phe,0.2901778891595169,0.2289617152695065,0.3281749022562285
urn:mavedb:00000408-0-1#588,c.[80A>C;81C>G],NA,p.His27Pro,-0.3012216603505328,-0.3534625745788998,-0.1996507654733216
urn:mavedb:00000408-0-1#589,c.[79C>T;80A>G;84C>T;93C>T;108C>T;129G>T],NA,p.His27Cys,1.0758776784262776,0.9079094360069232,1.267933524328985
urn:mavedb:00000408-0-1#590,c.[3T>C;30A>G;78_79insGGT;81C>T;93C>T;105A>G;129G>T],NA,p.Asp26_His27insGly,-0.4753882767477424,-0.5965706069953256,-0.3947390364643922
urn:mavedb:00000408-0-1#591,c.[78_79insGCG;90A>G;96C>T;129G>T],NA,p.Asp26_His27insAla,-1.2550724689905908,-1.5323695936503618,-0.8329970093392324
urn:mavedb:00000408-0-1#592,c.[3T>C;79_81del;93C>T],NA,p.His27del,-0.6730670093577987,-0.8236930588768381,-0.485601185855243
urn:mavedb:00000408-0-1#593,c.[82A>C;84C>G],NA,p.Asn28Gln,0.0846960034497095,0.0292118717147899,0.1167772407511845
urn:mavedb:00000408-0-1#594,c.[82A>G;84C>A],NA,p.Asn28Glu,0.2320989813239948,0.1728574066965077,0.2989674717495106
urn:mavedb:00000408-0-1#595,c.[82A>C;84C>T],NA,p.Asn28His,0.1336744645057099,0.0581679893590457,0.2215214391703209
urn:mavedb:00000408-0-1#596,c.82A>G,NA,p.Asn28Asp,-0.1192977887163238,-0.1510903052887312,-0.0950797808746933
urn:mavedb:00000408-0-1#597,c.[82A>C;83A>G;84C>T],NA,p.Asn28Arg,-0.3290904299955424,-0.3690545729361624,-0.262965576644581
urn:mavedb:00000408-0-1#598,c.[84C>A;87C>T],NA,p.Asn28Lys,0.3559897706559572,0.3185983187901831,0.4090300626001471
urn:mavedb:00000408-0-1#599,c.83A>C,NA,p.Asn28Thr,0.44425479473294,0.345173247140606,0.4954079612740679
urn:mavedb:00000408-0-1#600,c.[82A>T;83A>C;84C>T],NA,p.Asn28Ser,0.1534553720512876,0.0962609374523496,0.230449547761083
urn:mavedb:00000408-0-1#601,c.[82A>G;83A>C;84C>G],NA,p.Asn28Ala,0.2903165494227957,0.2273334127607003,0.351702148956464
urn:mavedb:00000408-0-1#602,c.[82A>G;83A>G;84C>T],NA,p.Asn28Gly,-0.4482528619689665,-0.5655179860057415,-0.3602035232716596
urn:mavedb:00000408-0-1#603,c.[83A>T;84C>G],NA,p.Asn28Met,0.1546814276374281,0.1010540775804153,0.2150493852350251
urn:mavedb:00000408-0-1#604,c.[39A>G;82A>C;83A>T;84C>G;99C>T;108C>T],NA,p.Asn28Leu,0.4815573191898208,0.4358533480741722,0.5617866185793395
urn:mavedb:00000408-0-1#605,c.[82A>G;83A>T;84C>T],NA,p.Asn28Val,0.4778658656732985,0.4084703682332722,0.5312442978668698
urn:mavedb:00000408-0-1#606,c.83A>T,NA,p.Asn28Ile,0.6314372100793468,0.577250070019288,0.7098569693212151
urn:mavedb:00000408-0-1#607,c.[82A>T;83A>G;84C>G],NA,p.Asn28Trp,0.0972071162188558,0.0320759636933122,0.15283560947416
urn:mavedb:00000408-0-1#608,c.82A>T,NA,p.Asn28Tyr,0.2262551607146594,0.1258185770224475,0.2910720749488493
urn:mavedb:00000408-0-1#609,c.[82A>T;83A>T],NA,p.Asn28Phe,0.3895659103132254,0.2785008041181244,0.4656396906500131
urn:mavedb:00000408-0-1#610,c.[82A>C;83A>C;84C>G],NA,p.Asn28Pro,-2.571688760419129,-3.238823358120439,-2.097627167794148
urn:mavedb:00000408-0-1#611,c.[51G>T;63T>C;82A>T;83A>G;123C>T;126G>A],NA,p.Asn28Cys,1.1840050422208768,1.079369359865445,1.5186251957991943
urn:mavedb:00000408-0-1#612,c.[57C>T;81_82insGGT],NA,p.His27_Asn28insGly,-2.3628074516308004,-2.616131539877124,-1.8662317710146463
urn:mavedb:00000408-0-1#613,c.[51G>T;81_82insGCG;96C>T],NA,p.His27_Asn28insAla,-1.7398634016841046,-2.152799366043864,-1.388056017268428
urn:mavedb:00000408-0-1#614,c.[45T>C;82_84del;90A>G;123C>T;126G>A],NA,p.Asn28del,-3.208744643984713,-3.6866946665456455,-2.699286872541127
urn:mavedb:00000408-0-1#615,c.[85A>C;86C>A;87C>G],NA,p.Thr29Gln,-0.3479671101666908,-0.3921982448582469,-0.2703234751468468
urn:mavedb:00000408-0-1#616,c.[85A>G;86C>A;87C>A],NA,p.Thr29Glu,-0.3795313810126904,-0.4212330238495937,-0.3004973316345399
urn:mavedb:00000408-0-1#617,c.86C>A,NA,p.Thr29Asn,0.7389939483337563,0.6786323142452674,0.7827524566042224
urn:mavedb:00000408-0-1#618,c.[85A>C;86C>A],NA,p.Thr29His,-0.172009144701877,-0.2578941200480295,-0.1051229891611152
urn:mavedb:00000408-0-1#619,c.[85A>G;86C>A],NA,p.Thr29Asp,-1.8708214007720405,-2.304956062680168,-1.6501952117532237
urn:mavedb:00000408-0-1#620,c.[85A>C;86C>G;87C>T],NA,p.Thr29Arg,0.0245208491183911,-0.0677587488982452,0.0893196959329832
urn:mavedb:00000408-0-1#621,c.[86C>A;87C>A],NA,p.Thr29Lys,0.0552068459236072,-0.0386480260056701,0.0964831670083015
urn:mavedb:00000408-0-1#622,c.[85A>T;87C>T],NA,p.Thr29Ser,0.545112328471167,0.5009332094118643,0.6066860882868846
urn:mavedb:00000408-0-1#623,c.[85A>G;87C>G],NA,p.Thr29Ala,-0.3367419607137712,-0.4003775320817118,-0.2496829663085176
urn:mavedb:00000408-0-1#624,c.[85A>G;86C>G;87C>T],NA,p.Thr29Gly,0.3162701430737425,0.2543209159915879,0.4077332632663395
urn:mavedb:00000408-0-1#625,c.[86C>T;87C>G],NA,p.Thr29Met,-0.3501797540995887,-0.4255912049392721,-0.309473358302546
urn:mavedb:00000408-0-1#626,c.[85A>C;86C>T;87C>G],NA,p.Thr29Leu,-0.2586538027130258,-0.2922635510852333,-0.2260463281216509
urn:mavedb:00000408-0-1#627,c.[85A>G;86C>T;87C>T],NA,p.Thr29Val,-3.4187252669898065,-4.250765269880741,-3.005716621792941
urn:mavedb:00000408-0-1#628,c.86C>T,NA,p.Thr29Ile,-2.603134842640592,-2.9562993289199366,-2.1893075224941025
urn:mavedb:00000408-0-1#629,c.[85A>T;86C>G;87C>G],NA,p.Thr29Trp,-2.1975849477755567,-2.6887195429164152,-1.7952841636930812
urn:mavedb:00000408-0-1#630,c.[85A>T;86C>A],NA,p.Thr29Tyr,-1.441097708598691,-1.6308779487871368,-1.3460488202632053
urn:mavedb:00000408-0-1#631,c.[85A>T;86C>T],NA,p.Thr29Phe,-0.8455578017182883,-0.9726493542612372,-0.6258799127221819
urn:mavedb:00000408-0-1#632,c.[85A>C;87C>G],NA,p.Thr29Pro,-4.213376871036564,-4.674030186134976,-3.422363427156259
urn:mavedb:00000408-0-1#633,c.[85A>T;86C>G;129G>T],NA,p.Thr29Cys,1.0764289607297317,0.95871914518651,1.289454492065288
urn:mavedb:00000408-0-1#634,c.[3T>C;84_85insGGT;90A>G],NA,p.Asn28_Thr29insGly,-0.1332681045330526,-0.1866697365318521,-0.0714779290541089
urn:mavedb:00000408-0-1#635,c.[84_85insGCG;96C>T;129G>T],NA,p.Asn28_Thr29insAla,-1.21006738619539,-1.3320629955923344,-1.0793951065657412
urn:mavedb:00000408-0-1#636,c.[3T>C;12A>G;18T>C;85_87del;93C>T],NA,p.Thr29del,-0.2609021050325267,-0.4117438489751218,-0.19296369085365
urn:mavedb:00000408-0-1#637,c.[88A>C;90A>G],NA,p.Lys30Gln,1.1789952205943894,1.1345235654211248,1.2254019252698225
urn:mavedb:00000408-0-1#638,c.88A>G,NA,p.Lys30Glu,0.7313667124521592,0.6290949285790952,0.7956527223797509
urn:mavedb:00000408-0-1#639,c.[87C>T;90A>C],NA,p.Lys30Asn,1.525809235212389,1.4854583452421417,1.5686020443424615
urn:mavedb:00000408-0-1#640,c.[88A>C;90A>C],NA,p.Lys30His,1.3228736464890516,1.2841308141698604,1.364863547114863
urn:mavedb:00000408-0-1#641,c.[88A>G;90A>C],NA,p.Lys30Asp,0.9426782734518654,0.8929902933067807,0.9977701739928532
urn:mavedb:00000408-0-1#642,c.[88A>C;89A>G;90A>T],NA,p.Lys30Arg,0.8717469786150902,0.8225449217982104,0.9109865409476524
urn:mavedb:00000408-0-1#643,c.[89A>C;90A>T],NA,p.Lys30Thr,0.0364012491106009,-0.0123578487147818,0.0857452669231138
urn:mavedb:00000408-0-1#644,c.[88A>T;89A>C;90A>T],NA,p.Lys30Ser,0.913757275360516,0.8495780440790447,0.9801093327176978
urn:mavedb:00000408-0-1#645,c.[88A>G;89A>C;90A>G],NA,p.Lys30Ala,1.000387937834418,0.887583150297071,1.056586751841392
urn:mavedb:00000408-0-1#646,c.[88A>G;89A>G;90A>T],NA,p.Lys30Gly,1.791587687639923,1.717731154118465,1.9053522206001952
urn:mavedb:00000408-0-1#647,c.[89A>T;90A>G],NA,p.Lys30Met,0.8556305497428662,0.785879233118797,0.9736431476299724
urn:mavedb:00000408-0-1#648,c.[88A>C;89A>T;90A>G],NA,p.Lys30Leu,0.5780895734608426,0.5185275975279175,0.6417509912970917
urn:mavedb:00000408-0-1#649,c.[88A>G;89A>T;90A>T],NA,p.Lys30Val,-1.1799880039313717,-1.257412203370398,-1.1080451311089945
urn:mavedb:00000408-0-1#650,c.[89A>T;90A>C],NA,p.Lys30Ile,-0.7288950093799753,-0.8273297205662026,-0.5653872053104544
urn:mavedb:00000408-0-1#651,c.[88A>T;89A>G;90A>G],NA,p.Lys30Trp,0.2956479072562399,0.2222125898909226,0.3519754512797793
urn:mavedb:00000408-0-1#652,c.[88A>T;90A>C],NA,p.Lys30Tyr,0.3057450474498722,0.2579680229274343,0.3640285866268193
urn:mavedb:00000408-0-1#653,c.[88A>T;89A>T;90A>C],NA,p.Lys30Phe,0.4155843603385261,0.316818749937476,0.4872943416016954
urn:mavedb:00000408-0-1#654,c.[88A>C;89A>C;90A>G],NA,p.Lys30Pro,-5.011986378889663,-5.871361107060228,-4.295298325261792
urn:mavedb:00000408-0-1#655,c.[87_88insGGT;96C>T],NA,p.Thr29_Lys30insGly,-0.3141072264877392,-0.3825431561924383,-0.2466915008673147
urn:mavedb:00000408-0-1#656,c.[87_88insGCG;90A>G],NA,p.Thr29_Lys30insAla,-2.893055760046844,-3.2222960401287035,-2.4512613521530304
urn:mavedb:00000408-0-1#657,c.[3T>C;6T>C;18T>C;84C>T;88_90del;93C>T;108C>T],NA,p.Lys30del,-1.176993991782426,-1.4277127351840488,-0.9578868191756924
urn:mavedb:00000408-0-1#658,c.[91A>C;92C>A;93C>G],NA,p.Thr31Gln,0.4988563039484764,0.4010562860877291,0.5500202785891579
urn:mavedb:00000408-0-1#659,c.[91A>G;92C>A;93C>A],NA,p.Thr31Glu,0.1917473405459671,0.0884538746306078,0.2528628859349656
urn:mavedb:00000408-0-1#660,c.92C>A,NA,p.Thr31Asn,-0.1820964073449585,-0.2278719343429578,-0.1592025687723549
urn:mavedb:00000408-0-1#661,c.[91A>C;92C>A],NA,p.Thr31His,0.2679950864127712,0.1204633739714856,0.3244382519918036
urn:mavedb:00000408-0-1#662,c.[91A>G;92C>A],NA,p.Thr31Asp,-1.428508176122189,-1.622715483102126,-1.2635348717949304
urn:mavedb:00000408-0-1#663,c.[91A>C;92C>G;93C>T],NA,p.Thr31Arg,0.8632872504648657,0.8218160864369469,0.9034430119446134
urn:mavedb:00000408-0-1#664,c.[92C>A;93C>A],NA,p.Thr31Lys,0.5157094611669234,0.4788439260716631,0.5603689456584168
urn:mavedb:00000408-0-1#665,c.[91A>T;93C>T],NA,p.Thr31Ser,0.5532547876010087,0.4736742006425192,0.6163592719046791
urn:mavedb:00000408-0-1#666,c.[91A>G;93C>G],NA,p.Thr31Ala,0.064452294891691,-0.0028932007377743,0.1097740795476687
urn:mavedb:00000408-0-1#667,c.[91A>G;92C>G;93C>T],NA,p.Thr31Gly,-2.776086665723671,-2.91603221296413,-2.5621033616297884
urn:mavedb:00000408-0-1#668,c.[92C>T;93C>G],NA,p.Thr31Met,0.6592656726071381,0.5941389860145647,0.7541120361235123
urn:mavedb:00000408-0-1#669,c.[91A>C;92C>T;93C>G],NA,p.Thr31Leu,0.4885322916692868,0.4135233112958721,0.585339453364029
urn:mavedb:00000408-0-1#670,c.[91A>G;92C>T;93C>T],NA,p.Thr31Val,0.5205081086367965,0.4759985972853048,0.5746137496153914
urn:mavedb:00000408-0-1#671,c.92C>T,NA,p.Thr31Ile,0.6486377543832688,0.562709456556952,0.6925941646937572
urn:mavedb:00000408-0-1#672,c.[91A>T;92C>G;93C>G],NA,p.Thr31Trp,0.309154040164337,0.2702807581248501,0.3438117015644425
urn:mavedb:00000408-0-1#673,c.[91A>T;92C>A],NA,p.Thr31Tyr,0.4199736244319104,0.3341725410522319,0.4667242546768197
urn:mavedb:00000408-0-1#674,c.[91A>T;92C>T],NA,p.Thr31Phe,0.5349519774415317,0.4857376935548422,0.5709137410558963
urn:mavedb:00000408-0-1#675,c.[91A>C;93C>G],NA,p.Thr31Pro,-3.0867144468433283,-3.925763754889717,-2.7157366281425563
urn:mavedb:00000408-0-1#676,c.[3T>C;91A>T;92C>G],NA,p.Thr31Cys,1.1670804213717632,0.8390157513923432,2.0353560505146207
urn:mavedb:00000408-0-1#677,c.90_91insGGT,NA,p.Lys30_Thr31insGly,-0.2755003418995487,-0.3639569095420235,-0.1644686593798579
urn:mavedb:00000408-0-1#678,c.[3T>C;42T>G;90_91insGCG],NA,p.Lys30_Thr31insAla,-1.7606024738193846,-1.9049052549934515,-1.4145393710383745
urn:mavedb:00000408-0-1#679,c.[3T>C;91_93del;111G>A],NA,p.Thr31del,-2.671219191551668,-3.2577407875155693,-2.0831752235672534
urn:mavedb:00000408-0-1#680,c.[94A>C;95C>A;96C>G],NA,p.Thr32Gln,0.9092039242672836,0.795645561558958,1.0402220746979154
urn:mavedb:00000408-0-1#681,c.[94A>G;95C>A;96C>A],NA,p.Thr32Glu,0.2749256997651209,0.2075229092617342,0.3589094957356758
urn:mavedb:00000408-0-1#682,c.95C>A,NA,p.Thr32Asn,-0.4407060635360446,-0.5417059295859077,-0.3860537566572756
urn:mavedb:00000408-0-1#683,c.[94A>C;95C>A],NA,p.Thr32His,0.3154265408432526,0.2390963793262138,0.366853823318898
urn:mavedb:00000408-0-1#684,c.[94A>G;95C>A],NA,p.Thr32Asp,-3.089748859624856,-3.827525233153192,-2.6377271215520666
urn:mavedb:00000408-0-1#685,c.[94A>C;95C>G;96C>T],NA,p.Thr32Arg,1.067582736189185,1.0145389943500265,1.1593198693106348
urn:mavedb:00000408-0-1#686,c.[93C>T;95C>A;96C>A],NA,p.Thr32Lys,0.9388437048607038,0.8774775097534777,1.003111810803119
urn:mavedb:00000408-0-1#687,c.[94A>T;96C>T],NA,p.Thr32Ser,0.8190196294395645,0.7704101964183546,0.8763054788537541
urn:mavedb:00000408-0-1#688,c.[94A>G;96C>G],NA,p.Thr32Ala,0.9680126120089828,0.895028990803403,1.0207097622376375
urn:mavedb:00000408-0-1#689,c.[94A>G;95C>G;96C>T],NA,p.Thr32Gly,0.1963186098373945,0.1262317155527909,0.2520951342388577
urn:mavedb:00000408-0-1#690,c.[95C>T;96C>G],NA,p.Thr32Met,1.6075820852343652,1.5730616267817088,1.6601448733167612
urn:mavedb:00000408-0-1#691,c.[94A>C;95C>T],NA,p.Thr32Leu,1.5815177410822467,1.4305092206428751,1.6608885975267729
urn:mavedb:00000408-0-1#692,c.[94A>G;95C>T;96C>T],NA,p.Thr32Val,1.727818473088328,1.6761401376885916,1.7965548888957312
urn:mavedb:00000408-0-1#693,c.95C>T,NA,p.Thr32Ile,1.737865712117756,1.676644419885025,1.8092066503887367
urn:mavedb:00000408-0-1#694,c.[94A>T;95C>G;96C>G],NA,p.Thr32Trp,2.48500411561992,2.4479355480185707,2.5257558035185035
urn:mavedb:00000408-0-1#695,c.[94A>T;95C>A],NA,p.Thr32Tyr,1.3457119939317397,1.3123421896511178,1.3961988612216552
urn:mavedb:00000408-0-1#696,c.[94A>T;95C>T],NA,p.Thr32Phe,1.314615123641846,1.2322738399669582,1.4263052007682224
urn:mavedb:00000408-0-1#697,c.[94A>C;96C>G],NA,p.Thr32Pro,-2.814803965138804,-3.053306580997278,-2.394353814802995
urn:mavedb:00000408-0-1#698,c.93_94insGGT,NA,p.Thr31_Thr32insGly,-2.3689845178905866,-2.904288375137277,-2.088341662507982
urn:mavedb:00000408-0-1#699,c.[45T>C;93_94insGCG],NA,p.Thr31_Thr32insAla,-1.039310253884851,-1.4277920447922932,-0.9168486653744422
urn:mavedb:00000408-0-1#700,c.[3T>C;94_96del],NA,p.Thr32del,-2.9155787873678234,-3.32717519384615,-2.7344959552830925
urn:mavedb:00000408-0-1#701,c.[97A>C;98C>A;99C>G],NA,p.Thr33Gln,0.4951491294464683,0.3975733706682384,0.5300118220039552
urn:mavedb:00000408-0-1#702,c.[97A>G;98C>A;99C>A],NA,p.Thr33Glu,-2.5930399072566344,-2.9307728584143784,-2.277434239942268
urn:mavedb:00000408-0-1#703,c.98C>A,NA,p.Thr33Asn,-3.289691972257181,-3.611393187068355,-2.637356188818899
urn:mavedb:00000408-0-1#704,c.[97A>C;98C>A],NA,p.Thr33His,0.4960773813252591,0.3897801293793014,0.5667595477959321
urn:mavedb:00000408-0-1#705,c.[97A>G;98C>A],NA,p.Thr33Asp,-3.573741960430292,-5.027485712999223,-2.847053145327413
urn:mavedb:00000408-0-1#706,c.[39A>G;97A>C;98C>G;99C>T],NA,p.Thr33Arg,-1.8448849812642645,-2.3100631378942063,-1.6633101141742832
urn:mavedb:00000408-0-1#707,c.[98C>A;99C>A],NA,p.Thr33Lys,-4.262853965689692,-5.12807367830854,-3.155861867847317
urn:mavedb:00000408-0-1#708,c.[39A>G;97A>T;99C>T],NA,p.Thr33Ser,0.4022521633902542,0.3439575949744961,0.4493121599411927
urn:mavedb:00000408-0-1#709,c.[97A>G;99C>G],NA,p.Thr33Ala,-2.7297700174554094,-3.0977504103572646,-2.2462759118824347
urn:mavedb:00000408-0-1#710,c.[33T>C;39A>G;97A>G;98C>G;99C>T],NA,p.Thr33Gly,-3.610426086445025,-4.09652664690819,-3.3304175728690506
urn:mavedb:00000408-0-1#711,c.[98C>T;99C>G],NA,p.Thr33Met,-0.7600308436166289,-0.8004277089310765,-0.6408664812533879
urn:mavedb:00000408-0-1#712,c.[97A>C;98C>T;99C>G],NA,p.Thr33Leu,-1.4717834182143774,-1.6134375459912205,-1.3146672821483891
urn:mavedb:00000408-0-1#713,c.[39A>G;97A>G;98C>T;99C>T],NA,p.Thr33Val,-0.1515173360635393,-0.2349386660064234,-0.1006237949515544
urn:mavedb:00000408-0-1#714,c.98C>T,NA,p.Thr33Ile,-0.2560132463166882,-0.290922559092099,-0.2020088311215051
urn:mavedb:00000408-0-1#715,c.[97A>T;98C>G;99C>G],NA,p.Thr33Trp,0.5020197048282126,0.376697208137287,0.5735369840457666
urn:mavedb:00000408-0-1#716,c.[97A>T;98C>A],NA,p.Thr33Tyr,0.4885911162470742,0.4023903765509554,0.5958828189578677
urn:mavedb:00000408-0-1#717,c.[97A>T;98C>T],NA,p.Thr33Phe,0.2680926898294838,0.2026875051647052,0.3664272161168009
urn:mavedb:00000408-0-1#718,c.[97A>C;99C>G],NA,p.Thr33Pro,-5.188101143471723,-5.9267777323201605,-3.529816581806544
urn:mavedb:00000408-0-1#719,c.[3T>C;96_97insGGT],NA,p.Thr32_Thr33insGly,-4.025468146406789,-4.649773836439312,-2.726836658721917
urn:mavedb:00000408-0-1#720,c.96_97insGCG,NA,p.Thr32_Thr33insAla,-1.8204307316390065,-2.120353684099157,-1.292797171654627
urn:mavedb:00000408-0-1#721,c.[48C>T;57C>T;97_99del;105A>G;111G>A],NA,p.Thr33del,-1.6001346261309912,-2.048397624683444,-1.2993305648485252
urn:mavedb:00000408-0-1#722,c.[100T>C;101G>A],NA,p.Trp34Gln,-2.5801991151059136,-2.93099296957231,-2.30467965126652
urn:mavedb:00000408-0-1#723,c.[100T>G;101G>A;102G>A],NA,p.Trp34Glu,-2.6905047146064582,-3.080087390806064,-2.3188187377315166
urn:mavedb:00000408-0-1#724,c.[100T>A;101G>A;102G>C],NA,p.Trp34Asn,-2.0919450948193337,-2.490994053920735,-1.8567749524843704
urn:mavedb:00000408-0-1#725,c.[100T>C;101G>A;102G>C],NA,p.Trp34His,-2.981028980095609,-3.29065139009563,-2.80661870971755
urn:mavedb:00000408-0-1#726,c.[100T>G;101G>A;102G>C],NA,p.Trp34Asp,-1.3735892113039547,-1.8770325446921847,-1.01441483558899
urn:mavedb:00000408-0-1#727,c.[100T>C;102G>T],NA,p.Trp34Arg,-3.058163128046492,-3.300138755043432,-2.6001205266772582
urn:mavedb:00000408-0-1#728,c.[100T>A;101G>A;102G>A],NA,p.Trp34Lys,-3.935750869711281,-4.377449406371292,-3.5427933041511865
urn:mavedb:00000408-0-1#729,c.[96C>T;100T>A;101G>C;102G>T],NA,p.Trp34Thr,-0.4210224565202095,-0.4824810501319924,-0.331612753166244
urn:mavedb:00000408-0-1#730,c.[101G>C;102G>T],NA,p.Trp34Ser,-1.2926529063685588,-1.773133190291346,-1.036506451730076
urn:mavedb:00000408-0-1#731,c.[100T>G;101G>C],NA,p.Trp34Ala,-3.2173852668185488,-3.6573576594889,-2.690003665603032
urn:mavedb:00000408-0-1#732,c.[99C>T;100T>G;102G>T],NA,p.Trp34Gly,-5.003879825894705,-5.516315493065289,-4.011231569223768
urn:mavedb:00000408-0-1#733,c.[100T>A;101G>T],NA,p.Trp34Met,-0.6804654336786906,-0.7324636466219202,-0.6242683875485296
urn:mavedb:00000408-0-1#734,c.[100T>C;101G>T],NA,p.Trp34Leu,-0.3134563342733568,-0.3924682832200012,-0.2783285394758283
urn:mavedb:00000408-0-1#735,c.[100T>G;101G>T;102G>T],NA,p.Trp34Val,-3.814608296252814,-4.830376522119321,-3.1116722615581542
urn:mavedb:00000408-0-1#736,c.[100T>A;101G>T;102G>C],NA,p.Trp34Ile,-2.576770055948461,-3.0552995579461646,-2.0273301798849417
urn:mavedb:00000408-0-1#737,c.[101G>A;102G>C],NA,p.Trp34Tyr,0.5051307624429968,0.401157297112221,0.5749056809459341
urn:mavedb:00000408-0-1#738,c.[101G>T;102G>T],NA,p.Trp34Phe,0.5754342495082785,0.5390716904729506,0.6323932287136861
urn:mavedb:00000408-0-1#739,c.[100T>C;101G>C],NA,p.Trp34Pro,-5.066227342560225,-5.464081902861755,-4.839703472832973
urn:mavedb:00000408-0-1#740,c.[3T>C;27G>A;102G>C],NA,p.Trp34Cys,-0.3591914537277301,-0.5313089851909649,-0.1958670574037921
urn:mavedb:00000408-0-1#741,c.[3T>C;33T>C;96C>T;99delinsTGGT;129G>T],NA,p.Thr33_Trp34insGly,-3.3702382256034817,-3.8946378274870175,-2.9553739240563366
urn:mavedb:00000408-0-1#742,c.[93C>T;99_100insGCG;117G>C;126G>A],NA,p.Thr33_Trp34insAla,-1.98045859641801,-2.276652695512334,-1.668049838770672
urn:mavedb:00000408-0-1#743,c.[3T>C;93C>T;100_102del],NA,p.Trp34del,-3.090437025046848,-3.6123001084458894,-2.465053956944143
urn:mavedb:00000408-0-1#744,c.[103G>C;105A>G],NA,p.Glu35Gln,1.174104868539772,1.128669506356199,1.222967337614299
urn:mavedb:00000408-0-1#745,c.[103G>A;105A>C],NA,p.Glu35Asn,0.987925079564165,0.9171558840889262,1.0451127891413128
urn:mavedb:00000408-0-1#746,c.[103G>C;105A>C],NA,p.Glu35His,1.272698590130793,1.2047445236264025,1.3510692181787607
urn:mavedb:00000408-0-1#747,c.[63T>C;105A>C],NA,p.Glu35Asp,1.1460753281135418,1.0769983512304773,1.2104983951917436
urn:mavedb:00000408-0-1#748,c.[103G>C;104A>G;105A>T],NA,p.Glu35Arg,1.1376773675765763,1.0761859526175364,1.1966851339352889
urn:mavedb:00000408-0-1#749,c.103G>A,NA,p.Glu35Lys,1.0052972314790858,0.9476906940892385,1.0720420892133768
urn:mavedb:00000408-0-1#750,c.[103G>A;104A>C;105A>C],NA,p.Glu35Thr,0.9629250100274642,0.9044104254366182,1.0083920433189766
urn:mavedb:00000408-0-1#751,c.[103G>T;104A>C;105A>T],NA,p.Glu35Ser,0.6160643865700866,0.5607758133849415,0.6930232510437017
urn:mavedb:00000408-0-1#752,c.[104A>C;105A>G],NA,p.Glu35Ala,0.7888518168711126,0.7135486340735144,0.90411113273572
urn:mavedb:00000408-0-1#753,c.[104A>G;105A>T],NA,p.Glu35Gly,0.0363581592205266,-0.0210689918133658,0.0956674819338591
urn:mavedb:00000408-0-1#754,c.[103G>A;104A>T;105A>G],NA,p.Glu35Met,1.0386973764604408,0.93239429341973,1.158128909121637
urn:mavedb:00000408-0-1#755,c.[103G>C;104A>T;105A>G],NA,p.Glu35Leu,1.4040505530068317,1.34212169100654,1.4336389003240837
urn:mavedb:00000408-0-1#756,c.[104A>T;105A>T],NA,p.Glu35Val,1.1287292786126923,1.0799973368650286,1.186682809488036
urn:mavedb:00000408-0-1#757,c.[103G>A;104A>T;105A>C],NA,p.Glu35Ile,1.246055648938991,1.2033448972571033,1.3365189157329629
urn:mavedb:00000408-0-1#758,c.[103G>T;104A>G;105A>G],NA,p.Glu35Trp,1.2152262565997582,1.1401842077641475,1.250015478849376
urn:mavedb:00000408-0-1#759,c.[103G>T;105A>C],NA,p.Glu35Tyr,1.1987576382534857,1.1587494483392395,1.2345003698176575
urn:mavedb:00000408-0-1#760,c.[103G>T;104A>T;105A>C],NA,p.Glu35Phe,1.3441611683273855,1.2553360622868794,1.3992785591974075
urn:mavedb:00000408-0-1#761,c.[103G>C;104A>C;105A>G],NA,p.Glu35Pro,-3.0414369506906844,-4.334914620393218,-2.232564291782378
urn:mavedb:00000408-0-1#762,c.[3T>C;54G>A;90A>G;103G>T;104A>G;105A>C;111G>A;129G>T],NA,p.Glu35Cys,2.149543190039711,1.8230048627838271,2.4095147576665976
urn:mavedb:00000408-0-1#763,c.[3T>C;84C>T;102_103insGGC;126G>A;129G>T],NA,p.Trp34_Glu35insGly,-1.4983903497347468,-1.8670137816026824,-1.2455608508960911
urn:mavedb:00000408-0-1#764,c.[3T>C;93C>T;102_103insGCT;129G>T],NA,p.Trp34_Glu35insAla,-1.1241410994963337,-1.2245578216528108,-0.9197149687826288
urn:mavedb:00000408-0-1#765,c.[90A>G;99C>T;103_105del],NA,p.Glu35del,-2.0568755390184874,-2.3949357729878624,-1.2127211760406589
urn:mavedb:00000408-0-1#766,c.[106G>C;108C>G],NA,p.Asp36Gln,-2.3514825068308496,-2.886986880871125,-2.1206462177089778
urn:mavedb:00000408-0-1#767,c.108C>A,NA,p.Asp36Glu,-0.9480467244582542,-1.095360949011399,-0.826753814997607
urn:mavedb:00000408-0-1#768,c.106G>A,NA,p.Asp36Asn,-3.201335449293764,-3.513517791189239,-2.468411635840967
urn:mavedb:00000408-0-1#769,c.106G>C,NA,p.Asp36His,-0.1992315585039641,-0.25269379389308,-0.1637469978486974
urn:mavedb:00000408-0-1#770,c.[106G>C;107A>G;108C>T],NA,p.Asp36Arg,-3.35635540464572,-4.74898335044859,-2.628094988984899
urn:mavedb:00000408-0-1#771,c.[106G>A;108C>A],NA,p.Asp36Lys,-2.029830093696757,-2.4364479236560244,-1.4117558933149614
urn:mavedb:00000408-0-1#772,c.[21C>T;106G>A;107A>C],NA,p.Asp36Thr,-3.7293158360716814,-3.9592079653320815,-3.397548513867611
urn:mavedb:00000408-0-1#773,c.[106G>T;107A>C;108C>T],NA,p.Asp36Ser,-2.080897582991303,-2.621832887592809,-1.7396693355335089
urn:mavedb:00000408-0-1#774,c.[107A>C;108C>T],NA,p.Asp36Ala,-3.35965711699732,-3.520864967700206,-3.153688484456312
urn:mavedb:00000408-0-1#775,c.[107A>G;108C>T],NA,p.Asp36Gly,-3.636340509111678,-3.936178614829424,-2.9847950304128665
urn:mavedb:00000408-0-1#776,c.[106G>A;107A>T;108C>G],NA,p.Asp36Met,-3.3501230737996748,-4.129998377736169,-2.94033629122206
urn:mavedb:00000408-0-1#777,c.[106G>C;107A>T;108C>G],NA,p.Asp36Leu,-3.527732802928743,-4.12750051101899,-2.462088519485856
urn:mavedb:00000408-0-1#778,c.[39A>G;42T>G;107A>T;108C>T],NA,p.Asp36Val,-2.8651449910809688,-3.536529379939399,-2.516805393164818
urn:mavedb:00000408-0-1#779,c.[106G>A;107A>T;126G>A],NA,p.Asp36Ile,-3.111001547235395,-3.5300054020203,-2.444363774380742
urn:mavedb:00000408-0-1#780,c.[106G>T;107A>G;108C>G],NA,p.Asp36Trp,-1.61211531293119,-1.8331729108349069,-1.263972181870392
urn:mavedb:00000408-0-1#781,c.106G>T,NA,p.Asp36Tyr,-0.8855912335094551,-1.037282942789294,-0.7950226191772892
urn:mavedb:00000408-0-1#782,c.[105A>G;106G>T;107A>T],NA,p.Asp36Phe,-1.1799935135625033,-1.2513039758577482,-1.0322433877557438
urn:mavedb:00000408-0-1#783,c.[3T>C;106G>C;107A>C;108C>A],NA,p.Asp36Pro,0.267983517063072,0.2111920479954574,0.3335673544752298
urn:mavedb:00000408-0-1#784,c.[69C>T;93C>T;105_106insGGT;129G>T],NA,p.Glu35_Asp36insGly,-3.247255210518495,-3.4070929984409144,-2.953136519007668
urn:mavedb:00000408-0-1#785,c.[3T>C;93C>T;105_106insGCG;126G>A],NA,p.Glu35_Asp36insAla,-2.815502789943664,-3.277057154655747,-2.284012662012413
urn:mavedb:00000408-0-1#786,c.[63T>C;93C>T;105A>G;106_108del],NA,p.Asp36del,-1.2463642245885715,-1.4436684976868754,-0.9182961761350718
urn:mavedb:00000408-0-1#787,c.110C>A,NA,p.Pro37Gln,-3.075607658147031,-3.51491602396308,-2.4290875406568966
urn:mavedb:00000408-0-1#788,c.[109C>G;110C>A;111G>A],NA,p.Pro37Glu,-2.9740657666972545,-3.3110573252621665,-2.1172438029406755
urn:mavedb:00000408-0-1#789,c.[109C>A;110C>A;111G>C],NA,p.Pro37Asn,-6.151808268912102,-6.443089429433984,-5.596800011200607
urn:mavedb:00000408-0-1#790,c.[110C>A;111G>C],NA,p.Pro37His,-3.6000787928302858,-4.020754456190477,-2.909471771026699
urn:mavedb:00000408-0-1#791,c.[63T>C;109C>G;110C>A;111G>C;114T>C],NA,p.Pro37Asp,-3.198363395055554,-3.978214814182181,-2.851900923068072
urn:mavedb:00000408-0-1#792,c.[110C>G;111G>T],NA,p.Pro37Arg,-2.493117544438232,-2.813365317550149,-2.062647770963052
urn:mavedb:00000408-0-1#793,c.[109C>A;110C>A;111G>A],NA,p.Pro37Lys,-4.165484474696157,-4.580768953810409,-3.416822696160286
urn:mavedb:00000408-0-1#794,c.[109C>A;111G>C],NA,p.Pro37Thr,-5.498122307451032,-6.466832372715201,-4.968027777809094
urn:mavedb:00000408-0-1#795,c.[109C>T;111G>T],NA,p.Pro37Ser,-3.798875017509656,-5.397563961911253,-3.2110607449564728
urn:mavedb:00000408-0-1#796,c.[109C>G;111G>T],NA,p.Pro37Ala,-4.369064887358391,-4.659232655832096,-3.615631065246357
urn:mavedb:00000408-0-1#797,c.[63T>C;109C>G;110C>G;111G>T],NA,p.Pro37Gly,-4.693101843769707,-5.335843637528295,-4.306839910280812
urn:mavedb:00000408-0-1#798,c.[109C>A;110C>T],NA,p.Pro37Met,-3.73539148288107,-3.9537329390545897,-3.0681378082521773
urn:mavedb:00000408-0-1#799,c.110C>T,NA,p.Pro37Leu,-3.256512155635113,-3.8699701649829423,-2.397338906227196
urn:mavedb:00000408-0-1#800,c.[109C>G;110C>T;111G>T],NA,p.Pro37Val,-2.2511648394108312,-2.6473467188648434,-1.998129039730895
urn:mavedb:00000408-0-1#801,c.[109C>A;110C>T;111G>C],NA,p.Pro37Ile,-2.7901721636285552,-3.1912221030193773,-2.1859061252266683
urn:mavedb:00000408-0-1#802,c.[109C>T;110C>G],NA,p.Pro37Trp,-3.187513205027826,-4.031086494246357,-2.553555497476938
urn:mavedb:00000408-0-1#803,c.[109C>T;110C>A;111G>C],NA,p.Pro37Tyr,-2.56461807715258,-2.8119963446177487,-2.229608498197954
urn:mavedb:00000408-0-1#804,c.[109C>T;110C>T;111G>C],NA,p.Pro37Phe,-2.400638266878407,-3.639288339919865,-1.8018041173744068
urn:mavedb:00000408-0-1#805,c.[27G>A;109C>T;110C>G;111G>C],NA,p.Pro37Cys,0.4413616248439917,0.2326911140574736,0.5911693762048232
urn:mavedb:00000408-0-1#806,c.[3T>C;96C>T;108_109insGGT],NA,p.Asp36_Pro37insGly,-4.14106709716501,-4.421162024703645,-3.787841029841009
urn:mavedb:00000408-0-1#807,c.[93C>T;108_109insGCG;111G>A],NA,p.Asp36_Pro37insAla,-2.2184168745848427,-2.400201044080573,-1.3342095172545247
urn:mavedb:00000408-0-1#808,c.[18T>C;39A>G;42T>G;54G>A;90A>G;96C>T;109_111del],NA,p.Pro37del,-4.071907371738855,-4.548982699946511,-3.1431948663977742
urn:mavedb:00000408-0-1#809,c.[113G>A;114T>G],NA,p.Arg38Gln,-3.055998837661698,-3.385540122445694,-2.772076608347249
urn:mavedb:00000408-0-1#810,c.[112C>G;113G>A;114T>A],NA,p.Arg38Glu,-2.736453977799952,-3.3288520439279274,-2.4668521084772608
urn:mavedb:00000408-0-1#811,c.[112C>A;113G>A;114T>C],NA,p.Arg38Asn,-0.9483360606446748,-1.101746003031859,-0.7989997918554043
urn:mavedb:00000408-0-1#812,c.[113G>A;114T>C],NA,p.Arg38His,-3.092991402486339,-3.423739750340102,-2.6589934769114603
urn:mavedb:00000408-0-1#813,c.[112C>G;113G>A;114T>C],NA,p.Arg38Asp,-2.751131698457219,-3.450579228574305,-2.486836281818208
urn:mavedb:00000408-0-1#814,c.[112C>A;113G>A;114T>A],NA,p.Arg38Lys,-4.2056384204184845,-5.223997793748474,-3.083861890479304
urn:mavedb:00000408-0-1#815,c.[112C>A;113G>C;114T>C],NA,p.Arg38Thr,-0.4322996057845632,-0.4822549986463375,-0.3430386002695475
urn:mavedb:00000408-0-1#816,c.[112C>T;113G>C],NA,p.Arg38Ser,-0.8497524646979329,-0.927298776530268,-0.7909220313895768
urn:mavedb:00000408-0-1#817,c.[108C>T;112C>G;113G>C;114T>G],NA,p.Arg38Ala,-2.350405460335785,-3.4393597185018896,-1.7180093777250824
urn:mavedb:00000408-0-1#818,c.[111G>A;112C>G],NA,p.Arg38Gly,-0.7594439453324813,-1.0168633775494875,-0.6293210395542127
urn:mavedb:00000408-0-1#819,c.[112C>A;113G>T;114T>G],NA,p.Arg38Met,-0.5965468900124645,-0.630907587169227,-0.5461994856240033
urn:mavedb:00000408-0-1#820,c.[113G>T;114T>G],NA,p.Arg38Leu,-2.920370089420926,-3.3866643011015123,-2.4525399551146814
urn:mavedb:00000408-0-1#821,c.[112C>G;113G>T],NA,p.Arg38Val,-2.238159140017075,-2.608720731806414,-1.8629242322709445
urn:mavedb:00000408-0-1#822,c.[112C>A;113G>T;114T>C],NA,p.Arg38Ile,-4.1761621736175805,-5.868703205647813,-3.726351135704005
urn:mavedb:00000408-0-1#823,c.[112C>T;114T>G],NA,p.Arg38Trp,-0.3314675684659414,-0.3640038184155192,-0.2486061243344759
urn:mavedb:00000408-0-1#824,c.[112C>T;113G>A;114T>C],NA,p.Arg38Tyr,-2.31993985266208,-2.6379004505414736,-1.960637778053912
urn:mavedb:00000408-0-1#825,c.[112C>T;113G>T;114T>C],NA,p.Arg38Phe,-0.948948439362274,-1.0960463408848278,-0.7340906574949478
urn:mavedb:00000408-0-1#826,c.[111G>A;113G>C;114T>G],NA,p.Arg38Pro,-3.3340552787358435,-3.73106943993914,-2.719610118717763
urn:mavedb:00000408-0-1#827,c.[93C>T;112C>T;114T>C;123C>T;126G>A],NA,p.Arg38Cys,-1.3776829094832972,-1.6119771456322218,-1.2557888692359374
urn:mavedb:00000408-0-1#828,c.[96C>T;111delinsAGGT],NA,p.Pro37_Arg38insGly,0.0816945323490122,0.0312581885155354,0.1223822660075363
urn:mavedb:00000408-0-1#829,c.[63T>C;90A>G;111delinsAGCG],NA,p.Pro37_Arg38insAla,0.3557559711032787,0.3145574823773695,0.4454929611172327
urn:mavedb:00000408-0-1#830,c.[3T>C;93C>T;111G>A;112_114del],NA,p.Arg38del,-1.058766563152136,-1.432103371320154,-0.6632302760149568
urn:mavedb:00000408-0-1#831,c.116T>A,NA,p.Leu39Gln,1.089810787796174,1.0254582913200887,1.152931756967139
urn:mavedb:00000408-0-1#832,c.[115C>G;116T>A;117G>A],NA,p.Leu39Glu,0.790520881134439,0.7271174321617538,0.8722975594712964
urn:mavedb:00000408-0-1#833,c.[115C>A;116T>A;117G>C],NA,p.Leu39Asn,1.0985479038867858,1.0339053635842017,1.1556553779918943
urn:mavedb:00000408-0-1#834,c.[116T>A;117G>C],NA,p.Leu39His,0.9542283914007448,0.8863177172796853,1.014958547764685
urn:mavedb:00000408-0-1#835,c.[115C>G;116T>A;117G>T],NA,p.Leu39Asp,0.8189104292597804,0.7558130768799993,0.8809091651780809
urn:mavedb:00000408-0-1#836,c.[116T>G;117G>T],NA,p.Leu39Arg,0.4309233018705857,0.371547089975915,0.5533149813791249
urn:mavedb:00000408-0-1#837,c.[115C>A;116T>A],NA,p.Leu39Lys,1.1290403341763025,1.060237386871997,1.1796640852900055
urn:mavedb:00000408-0-1#838,c.[115C>A;116T>C;117G>C],NA,p.Leu39Thr,1.08494245442974,1.023472859685962,1.127916573963799
urn:mavedb:00000408-0-1#839,c.[115C>T;116T>C;117G>T],NA,p.Leu39Ser,1.0695942733450732,1.0221883936476184,1.1077014256594442
urn:mavedb:00000408-0-1#840,c.[115C>G;116T>C],NA,p.Leu39Ala,1.031014317025547,0.9844913371171464,1.0982449012567752
urn:mavedb:00000408-0-1#841,c.[115C>G;116T>G;117G>T],NA,p.Leu39Gly,1.1202742763689937,1.0798755148175214,1.1875566367634782
urn:mavedb:00000408-0-1#842,c.115C>A,NA,p.Leu39Met,1.0972019197280805,1.0368661274759032,1.1284932168064166
urn:mavedb:00000408-0-1#843,c.[115C>G;117G>T],NA,p.Leu39Val,0.9330180035589986,0.8927718944790027,0.9939509063554314
urn:mavedb:00000408-0-1#844,c.[115C>A;117G>C],NA,p.Leu39Ile,1.1088485826097316,1.0457354614837189,1.190494899050503
urn:mavedb:00000408-0-1#845,c.[115C>T;116T>G],NA,p.Leu39Trp,0.9555485893657152,0.8680732499230903,1.0544510324441894
urn:mavedb:00000408-0-1#846,c.[115C>T;116T>A;117G>C],NA,p.Leu39Tyr,0.9337023269254888,0.8855440203935344,0.9621248908650776
urn:mavedb:00000408-0-1#847,c.[115C>T;117G>C],NA,p.Leu39Phe,0.8579357678290473,0.8066901955799102,0.9133968390293242
urn:mavedb:00000408-0-1#848,c.116T>C,NA,p.Leu39Pro,0.5952634297150303,0.5335956671333197,0.6860657052478928
urn:mavedb:00000408-0-1#849,c.[90A>G;114_115insGGT],NA,p.Arg38_Leu39insGly,1.2767860852028872,1.224461389899306,1.3227941049993102
urn:mavedb:00000408-0-1#850,c.[93C>T;114_115insGCG],NA,p.Arg38_Leu39insAla,1.3282719479888772,1.2116530413935938,1.4107188777570343
urn:mavedb:00000408-0-1#851,c.[3T>C;12A>G;63T>C;90A>G;108C>T;111G>A;115_117del],NA,p.Leu39del,1.1610517943967025,1.046265340571715,1.2097418101134796
urn:mavedb:00000408-0-1#852,c.[117G>C;118A>C;120A>G],NA,p.Lys40Gln,1.1917376015192804,1.1229068596738356,1.2291990447235266
urn:mavedb:00000408-0-1#853,c.118A>G,NA,p.Lys40Glu,0.7410181669237719,0.6573284807877722,0.8285073692704454
urn:mavedb:00000408-0-1#854,c.120A>C,NA,p.Lys40Asn,1.1142526117354907,1.0765194932189277,1.1789034332975377
urn:mavedb:00000408-0-1#855,c.[118A>C;120A>C],NA,p.Lys40His,1.254007754680747,1.1765992131843417,1.308391578301619
urn:mavedb:00000408-0-1#856,c.[118A>G;120A>C],NA,p.Lys40Asp,0.7755112399081705,0.7136491379868006,0.8737167151282043
urn:mavedb:00000408-0-1#857,c.[118A>C;119A>G;120A>T],NA,p.Lys40Arg,0.9902686631470724,0.9304777964211618,1.0651169359281487
urn:mavedb:00000408-0-1#858,c.[119A>C;120A>C],NA,p.Lys40Thr,1.0775848182923533,0.9617312149748428,1.197084250603528
urn:mavedb:00000408-0-1#859,c.[118A>T;119A>C;120A>T],NA,p.Lys40Ser,1.28063289266674,1.2384156396144803,1.3372863959713783
urn:mavedb:00000408-0-1#860,c.[118A>G;119A>C;120A>G],NA,p.Lys40Ala,1.3467777097702434,1.2711418447397622,1.3914679083152717
urn:mavedb:00000408-0-1#861,c.[118A>G;119A>G;120A>T],NA,p.Lys40Gly,1.0311572808801,0.979526978940395,1.1053897460084343
urn:mavedb:00000408-0-1#862,c.[119A>T;120A>G],NA,p.Lys40Met,1.217798337892444,1.1720552091150889,1.2845450244973415
urn:mavedb:00000408-0-1#863,c.[118A>C;119A>T;120A>G],NA,p.Lys40Leu,1.175492869060545,1.125486276836579,1.2643794939954605
urn:mavedb:00000408-0-1#864,c.[118A>G;119A>T;120A>T],NA,p.Lys40Val,1.0539129111907526,0.9910329064411466,1.129248187455162
urn:mavedb:00000408-0-1#865,c.[119A>T;120A>C],NA,p.Lys40Ile,1.1788825736618604,1.1154118201570729,1.2319927703972329
urn:mavedb:00000408-0-1#866,c.[118A>T;119A>G;120A>G;123C>T],NA,p.Lys40Trp,1.2838129829696707,1.2228530274557814,1.3267431092411073
urn:mavedb:00000408-0-1#867,c.[118A>T;120A>C],NA,p.Lys40Tyr,1.2706341666813006,1.2069463143414414,1.3247257267909271
urn:mavedb:00000408-0-1#868,c.[118A>T;119A>T;120A>C],NA,p.Lys40Phe,1.2438889460339329,1.2016008764077848,1.2769276601647863
urn:mavedb:00000408-0-1#869,c.[118A>C;119A>C;120A>G],NA,p.Lys40Pro,1.1355399662178358,1.0780706852012736,1.1906211994365787
urn:mavedb:00000408-0-1#870,c.[3T>C;96C>T;118A>T;119A>G;120A>C],NA,p.Lys40Cys,1.4113261337330163,1.142836167070994,1.7552880655720664
urn:mavedb:00000408-0-1#871,c.[93C>T;117_118insGGT],NA,p.Leu39_Lys40insGly,1.3108868291396762,1.2316475595758831,1.4016029728939154
urn:mavedb:00000408-0-1#872,c.[87C>T;117_118insGCG],NA,p.Leu39_Lys40insAla,1.4408144254181978,1.365651578632281,1.550748477212671
urn:mavedb:00000408-0-1#873,c.[3T>C;12A>G;66G>A;90A>G;118_120del;126G>A],NA,p.Lys40del,1.069853892521718,0.9573279539400976,1.1737312632145196
urn:mavedb:00000408-0-1#874,c.[121A>C;122T>A;123C>G],NA,p.Ile41Gln,1.1544344748392668,1.0999350176799514,1.2104157036417558
urn:mavedb:00000408-0-1#875,c.[121A>G;122T>A;123C>A],NA,p.Ile41Glu,1.113466326406929,1.0538967358225535,1.1770432066969787
urn:mavedb:00000408-0-1#876,c.122T>A,NA,p.Ile41Asn,1.1374425243143182,1.0581520298986826,1.1865034679355373
urn:mavedb:00000408-0-1#877,c.[121A>C;122T>A],NA,p.Ile41His,1.1594871024468545,1.101714053995583,1.2148847849523403
urn:mavedb:00000408-0-1#878,c.[121A>G;122T>A;126G>A],NA,p.Ile41Asp,1.1344510508575802,1.0985359240729768,1.1815239792542709
urn:mavedb:00000408-0-1#879,c.[121A>C;122T>G;123C>T],NA,p.Ile41Arg,1.0576890500156493,0.9899376839890808,1.1176807141921916
urn:mavedb:00000408-0-1#880,c.[122T>A;123C>A],NA,p.Ile41Lys,0.9913034648661784,0.9333423478980152,1.038183090276567
urn:mavedb:00000408-0-1#881,c.[122T>C;129G>T],NA,p.Ile41Thr,1.10240353542261,1.030554992903625,1.1492909648197132
urn:mavedb:00000408-0-1#882,c.[121A>T;122T>C;123C>T],NA,p.Ile41Ser,1.1345735676738946,1.0917472716062615,1.1740469541956078
urn:mavedb:00000408-0-1#883,c.[121A>G;122T>C;123C>T;129G>T],NA,p.Ile41Ala,1.1447186395542288,1.0875277385816973,1.1899149628828654
urn:mavedb:00000408-0-1#884,c.[121A>G;122T>G;123C>T],NA,p.Ile41Gly,1.123636797557555,1.0245435985226792,1.207067769220998
urn:mavedb:00000408-0-1#885,c.123C>G,NA,p.Ile41Met,1.0778890271808397,1.0131002826368642,1.1562583417183878
urn:mavedb:00000408-0-1#886,c.[121A>C;123C>G],NA,p.Ile41Leu,1.2756304990025191,1.1943947675569624,1.329907398928121
urn:mavedb:00000408-0-1#887,c.[121A>G;123C>T],NA,p.Ile41Val,1.2590531577170792,1.1810255147738271,1.3051939405916693
urn:mavedb:00000408-0-1#888,c.[121A>T;122T>G;123C>G;129G>T],NA,p.Ile41Trp,1.1295899916136205,1.0553317875945534,1.1993854671729676
urn:mavedb:00000408-0-1#889,c.[121A>T;122T>A],NA,p.Ile41Tyr,1.183291045424337,1.1554070520292914,1.2364575228421304
urn:mavedb:00000408-0-1#890,c.121A>T,NA,p.Ile41Phe,1.1329198694556395,1.0609406430410229,1.1668107329226574
urn:mavedb:00000408-0-1#891,c.[96C>T;121A>C;122T>C;123C>A;129G>T],NA,p.Ile41Pro,1.2935888433689124,1.2599085959542862,1.3410453356978047
urn:mavedb:00000408-0-1#892,c.[33T>C;42T>G;105A>G;121A>T;122T>G;129G>T],NA,p.Ile41Cys,1.4653190553105837,1.231666834539432,1.812336018405024
urn:mavedb:00000408-0-1#893,c.[96C>T;120_121insGGT],NA,p.Lys40_Ile41insGly,1.2325566592233823,1.147006846281286,1.298339961997774
urn:mavedb:00000408-0-1#894,c.[3T>C;12A>G;96C>T;120_121insGCG],NA,p.Lys40_Ile41insAla,1.2555673328859391,1.177315209334426,1.2931861223856678
urn:mavedb:00000408-0-1#895,c.[3T>C;96C>T;117G>C;121_123del],NA,p.Ile41del,1.2181164978258725,1.1581554729711043,1.327165139990814
urn:mavedb:00000408-0-1#896,c.125C>A,NA,p.Pro42Gln,1.106223055794059,1.0292921804112356,1.1535894354017096
urn:mavedb:00000408-0-1#897,c.[124C>G;125C>A;126G>A],NA,p.Pro42Glu,1.027520166170746,0.9677821895945328,1.0686154384980266
urn:mavedb:00000408-0-1#898,c.[124C>A;125C>A;126G>C],NA,p.Pro42Asn,1.092302847485975,1.0066029722253824,1.1459493549286994
urn:mavedb:00000408-0-1#899,c.[125C>A;126G>C],NA,p.Pro42His,0.9956942246339358,0.9583322046568415,1.0253112713257977
urn:mavedb:00000408-0-1#900,c.[124C>G;125C>A;126G>C],NA,p.Pro42Asp,0.9753396922793562,0.908406733724247,1.045624316325638
urn:mavedb:00000408-0-1#901,c.[125C>G;126G>T],NA,p.Pro42Arg,0.704055849104477,0.6386775332971797,0.757436227433081
urn:mavedb:00000408-0-1#902,c.[124C>A;125C>A;126G>A],NA,p.Pro42Lys,0.892165911018042,0.8370794544178408,0.9625374745487256
urn:mavedb:00000408-0-1#903,c.[124C>A;126G>C],NA,p.Pro42Thr,1.027483843527845,0.9858607026824736,1.0700199143620917
urn:mavedb:00000408-0-1#904,c.[124C>T;126G>T],NA,p.Pro42Ser,0.988821597768439,0.9432179765381328,1.0344459636702676
urn:mavedb:00000408-0-1#905,c.124C>G,NA,p.Pro42Ala,1.1685018248917831,1.0436731519807112,1.2143516722670016
urn:mavedb:00000408-0-1#906,c.[124C>G;125C>G;126G>T],NA,p.Pro42Gly,1.029626024780082,0.9641303923287328,1.0993420685450734
urn:mavedb:00000408-0-1#907,c.[124C>A;125C>T],NA,p.Pro42Met,0.9272732062541936,0.8683926114483301,0.962348035808414
urn:mavedb:00000408-0-1#908,c.125C>T,NA,p.Pro42Leu,0.9794518588858152,0.9159266776654584,1.0367407953271552
urn:mavedb:00000408-0-1#909,c.[124C>G;125C>T;126G>T],NA,p.Pro42Val,1.137426286209288,1.0756397112274123,1.2462161077674845
urn:mavedb:00000408-0-1#910,c.[124C>A;125C>T;126G>C],NA,p.Pro42Ile,1.060434307489079,0.9851152796568696,1.1100667162417033
urn:mavedb:00000408-0-1#911,c.[124C>T;125C>G],NA,p.Pro42Trp,0.6843669155995655,0.6397725232985129,0.7362425607049529
urn:mavedb:00000408-0-1#912,c.[124C>T;125C>A;126G>C],NA,p.Pro42Tyr,1.0013165049623445,0.9661500203713258,1.0428697994460037
urn:mavedb:00000408-0-1#913,c.[124C>T;125C>T;126G>C],NA,p.Pro42Phe,0.9872554962211432,0.9539824049335464,1.041363483118522
urn:mavedb:00000408-0-1#914,c.123_124insGGT,NA,p.Ile41_Pro42insGly,1.2334635912833083,1.1761836597791646,1.28420320689843
urn:mavedb:00000408-0-1#915,c.[3T>C;96C>T;123_124insGCT;129G>T],NA,p.Ile41_Pro42insAla,1.250219068550868,1.2011996126818043,1.3220136015467887
urn:mavedb:00000408-0-1#916,c.[12A>G;96C>T;124_126del;129G>T],NA,p.Pro42del,1.297175503507496,1.22962800615167,1.4245898693785854
urn:mavedb:00000408-0-1#917,c.[127G>C;128C>A],NA,p.Ala43Gln,1.0657303290828424,1.0162795662636972,1.107306236742979
urn:mavedb:00000408-0-1#918,c.[128C>A;129G>A],NA,p.Ala43Glu,1.0755432011946762,1.01584210194731,1.13075455175205
urn:mavedb:00000408-0-1#919,c.[127G>A;128C>A;129G>C],NA,p.Ala43Asn,1.057307427774107,1.0197538468364156,1.1121702281787709
urn:mavedb:00000408-0-1#920,c.[127G>C;128C>A;129G>C],NA,p.Ala43His,0.950928054515242,0.8882927861048859,0.9841678786760224
urn:mavedb:00000408-0-1#921,c.[128C>A;129G>C],NA,p.Ala43Asp,1.103180343223512,1.0651883574027086,1.1475889142598494
urn:mavedb:00000408-0-1#922,c.[127G>C;128C>G;129G>T],NA,p.Ala43Arg,0.8503655804622534,0.8037053708087581,0.8919654908536221
urn:mavedb:00000408-0-1#923,c.[127G>A;128C>A;129G>A],NA,p.Ala43Lys,0.9998000325973876,0.9609630264356994,1.0423389364296396
urn:mavedb:00000408-0-1#924,c.[127G>A;129G>C],NA,p.Ala43Thr,0.985655939113128,0.9328476932777724,1.0355691090052208
urn:mavedb:00000408-0-1#925,c.[127G>T;129G>T],NA,p.Ala43Ser,1.099280455712061,1.0569509435564233,1.1257923324735313
urn:mavedb:00000408-0-1#926,c.[128C>G;129G>T],NA,p.Ala43Gly,1.0756185754272591,1.0256219199185954,1.1427463032570788
urn:mavedb:00000408-0-1#927,c.[127G>A;128C>T],NA,p.Ala43Met,1.177833412686381,1.1326767712137449,1.2216651302056991
urn:mavedb:00000408-0-1#928,c.[127G>C;128C>T],NA,p.Ala43Leu,1.1112313641146296,1.0639867055692875,1.1727375927473829
urn:mavedb:00000408-0-1#929,c.[128C>T;129G>T],NA,p.Ala43Val,1.10164039684006,1.0500850783599784,1.1558587152143145
urn:mavedb:00000408-0-1#930,c.[127G>A;128C>T;129G>C],NA,p.Ala43Ile,1.0917014901968736,1.03363936158174,1.153564236102327
urn:mavedb:00000408-0-1#931,c.[127G>T;128C>G],NA,p.Ala43Trp,1.1689616407695589,1.099969191073003,1.2140385582190212
urn:mavedb:00000408-0-1#932,c.[127G>T;128C>A;129G>C],NA,p.Ala43Tyr,1.1415850388428463,1.100647099009749,1.2003322178734608
urn:mavedb:00000408-0-1#933,c.[127G>T;128C>T;129G>C],NA,p.Ala43Phe,1.1374458551665978,1.1111515786597927,1.2115109200664025
urn:mavedb:00000408-0-1#934,c.127G>C,NA,p.Ala43Pro,1.0992395052703872,1.0437796613431738,1.157572066392386
urn:mavedb:00000408-0-1#935,c.[96C>T;127G>T;128C>G;129G>T],NA,p.Ala43Cys,1.2502727633756334,1.0367843998838642,1.4527016689200047
urn:mavedb:00000408-0-1#936,c.[3T>C;93C>T;126_127insGGT],NA,p.Pro42_Ala43insGly,1.2846946880525183,1.21880943991982,1.3406561406579338
urn:mavedb:00000408-0-1#937,c.[3T>C;93C>T;126_127insGCT;129G>T],NA,p.Pro42_Ala43insAla,1.3431976142742876,1.261950782520939,1.3967994674523718
urn:mavedb:00000408-0-1#938,c.[3T>C;93C>T;127_129del],NA,p.Ala43del,1.2719185089737417,1.2311882422922444,1.351875036970439
urn:mavedb:00000408-0-1#939,c.[3T>C;67T>C;68T>A;69C>G;100T>C;101G>A],NA,p.[Phe23Gln;Trp34Gln],-2.518203125236286,-2.797727271267328,-2.279428452634129
urn:mavedb:00000408-0-1#940,c.[67T>C;68T>A;69C>G;100T>G;101G>A;102G>A],NA,p.[Phe23Gln;Trp34Glu],-3.39706699988675,-4.051585317301907,-1.94165681483938
urn:mavedb:00000408-0-1#941,c.[3T>C;33T>C;67T>C;68T>A;69C>G;100T>A;101G>A;102G>C],NA,p.[Phe23Gln;Trp34Asn],-3.088398712294819,-3.681815923461851,-2.650919728141249
urn:mavedb:00000408-0-1#942,c.[3T>C;30A>G;67T>C;68T>A;69C>G;93C>T;100T>C;101G>A;102G>C],NA,p.[Phe23Gln;Trp34His],-5.385456205656162,-6.40118093391648,-3.664052217463162
urn:mavedb:00000408-0-1#943,c.[12A>G;39A>G;42T>G;45T>C;66G>A;67T>C;68T>A;69C>G;100T>G;101G>A;102G>C],NA,p.[Phe23Gln;Trp34Asp],-2.880795114064178,-4.13784521660132,-2.355789598531692
urn:mavedb:00000408-0-1#944,c.[3T>C;67T>C;68T>A;69C>G;99C>T;100T>C;102G>T],NA,p.[Phe23Gln;Trp34Arg],-1.719432962490354,-2.035916728306348,-0.9691776103781798
urn:mavedb:00000408-0-1#945,c.[67T>C;68T>A;69C>G;93C>T;100T>A;101G>C;102G>T],NA,p.[Phe23Gln;Trp34Thr],-2.4285720404073743,-2.7412218393293664,-2.0810677187932822
urn:mavedb:00000408-0-1#946,c.[3T>C;51G>T;67T>C;68T>A;69C>G;96C>T;100T>G;101G>C;102G>T;123C>T],NA,p.[Phe23Gln;Trp34Ala],-0.8033442803644107,-1.061457460756586,-0.3986994233890801
urn:mavedb:00000408-0-1#947,c.[3T>C;12A>G;27G>A;67T>C;68T>A;69C>A;96C>T;99C>T;100T>A;101G>T],NA,p.[Phe23Gln;Trp34Met],-2.259092351364495,-2.562326941510458,-1.780404011561029
urn:mavedb:00000408-0-1#948,c.[33T>C;67T>C;68T>A;69C>G;93C>T;102G>C;111G>A],NA,p.[Phe23Gln;Trp34Cys],-4.195302630845188,-4.701302773324163,-3.8714518253859618
urn:mavedb:00000408-0-1#949,c.[67T>C;68T>A;69C>G;96C>T;100T>C;101G>T;102G>C;111G>A],NA,p.[Phe23Gln;Trp34Leu],-2.803985792052509,-3.470179287411584,-2.415136021606412
urn:mavedb:00000408-0-1#950,c.[15G>A;63T>C;67T>C;68T>A;69C>G;100T>G;101G>T;102G>T],NA,p.[Phe23Gln;Trp34Val],-1.2014622661273795,-1.3733841113578582,-1.1098539056279295
urn:mavedb:00000408-0-1#951,c.[27G>A;45T>C;67T>G;68T>A;69C>A;90A>G;100T>A;101G>A;102G>C;111G>A;129G>T],NA,p.[Phe23Glu;Trp34Asn],-0.188202007039347,-0.4243832858146567,0.1743786786356149
urn:mavedb:00000408-0-1#952,c.[3T>C;12A>G;67T>G;68T>A;69C>A;100T>G;101G>A;102G>C;129G>T],NA,p.[Phe23Glu;Trp34Asp],-0.6305848954294214,-1.1057868755807825,-0.4086708894316892
urn:mavedb:00000408-0-1#953,c.[12A>G;67T>G;68T>A;69C>A;84C>T;93C>T;101G>C;102G>T;111G>A;126G>A],NA,p.[Phe23Glu;Trp34Ser],-2.9853008149334856,-3.547682322624962,-2.3607023604832795
urn:mavedb:00000408-0-1#954,c.[18T>C;27G>A;33T>C;63T>C;67T>G;68T>A;69C>A;93C>T;99C>T;100T>G;101G>C;105A>G],NA,p.[Phe23Glu;Trp34Ala],-4.087943811158887,-5.094254832704843,-2.752174190841101
urn:mavedb:00000408-0-1#955,c.[67T>G;68T>A;69C>A;93C>T;100T>G;101G>T;102G>T;129G>T],NA,p.[Phe23Glu;Trp34Val],-3.042762076765283,-3.4309613843097253,-2.568856170792217
urn:mavedb:00000408-0-1#956,c.[3T>C;30A>G;67T>G;68T>A;69C>A;90A>G;100T>A;101G>T;102G>C],NA,p.[Phe23Glu;Trp34Ile],-2.0275851967017715,-2.753457530588511,-1.3479745660771008
urn:mavedb:00000408-0-1#957,c.[12A>G;67T>G;68T>A;69C>A;90A>G;101G>A;102G>C;126G>A;129G>T],NA,p.[Phe23Glu;Trp34Tyr],0.2150393030304933,0.1064778994346608,0.3757996638260646
urn:mavedb:00000408-0-1#958,c.[39A>G;42T>G;67T>A;68T>A;100T>G;101G>A;102G>A],NA,p.[Phe23Asn;Trp34Glu],-1.4860858913637562,-1.6673331877017452,-1.0031173186647722
urn:mavedb:00000408-0-1#959,c.[66G>A;67T>A;68T>A;69C>T;93C>T;100T>A;101G>A;102G>C],NA,p.[Phe23Asn;Trp34Asn],-2.3226244452436,-2.888475594174689,-1.5683156912407603
urn:mavedb:00000408-0-1#960,c.[3T>C;30A>G;45T>C;66G>A;67T>A;68T>A;93C>T;99C>T;100T>C;102G>T;111G>A;117G>C;123C>T;126G>A],NA,p.[Phe23Asn;Trp34Arg],-0.8653191832419506,-0.9933094782900066,-0.6391110762308045
urn:mavedb:00000408-0-1#961,c.[67T>A;68T>A;72C>T;90A>G;100T>A;101G>A;102G>A],NA,p.[Phe23Asn;Trp34Lys],-1.1463477123586638,-1.6402387035871857,-0.9557661159511416
urn:mavedb:00000408-0-1#962,c.[66G>A;67T>A;68T>A;87C>T;93C>T;100T>A;101G>C;102G>T;111G>A],NA,p.[Phe23Asn;Trp34Thr],-3.021348499777254,-3.801694509036044,-1.614735905175621
urn:mavedb:00000408-0-1#963,c.[3T>C;18T>C;42T>G;67T>A;68T>A;100T>A;101G>T;129G>T],NA,p.[Phe23Asn;Trp34Met],-1.2067247722778944,-3.30780696120652,-0.4312824581626325
urn:mavedb:00000408-0-1#964,c.[27G>A;42T>G;67T>A;68T>A;102G>C],NA,p.[Phe23Asn;Trp34Cys],-0.2642853499955497,-0.3802233666113939,-0.0599630777162818
urn:mavedb:00000408-0-1#965,c.[42T>G;67T>A;68T>A;93C>T;100T>C;101G>T;129G>T],NA,p.[Phe23Asn;Trp34Leu],-0.0650686110534874,-0.6585309891226735,0.5961688992854477
urn:mavedb:00000408-0-1#966,c.[3T>C;39A>G;42T>G;48C>T;67T>A;68T>A;101G>A;102G>C;108C>T],NA,p.[Phe23Asn;Trp34Tyr],-3.5829708258751003,-4.183995331586687,-3.25244369124303
urn:mavedb:00000408-0-1#967,c.[67T>A;68T>A;69C>T;93C>T;101G>T;102G>C;105A>G],NA,p.[Phe23Asn;Trp34Phe],-4.906780843330375,-5.615507386284,-4.271559428627223
urn:mavedb:00000408-0-1#968,c.[39A>G;42T>G;67T>A;68T>A;99C>T;100T>C;101G>C],NA,p.[Phe23Asn;Trp34Pro],-2.9111868565180385,-3.3823573381105656,-2.5531308297344024
urn:mavedb:00000408-0-1#969,c.[3T>C;24G>C;67T>C;68T>A;100T>C;101G>A;102G>A;111G>A],NA,p.[Phe23His;Trp34Gln],-2.071844941349504,-2.4587476716578,-1.6149549708735118
urn:mavedb:00000408-0-1#970,c.[48C>T;54G>A;66G>A;67T>C;68T>A;93C>T;100T>G;101G>A],NA,p.[Phe23His;Trp34Glu],-3.885341934956232,-4.236946260087255,-3.2821230194363777
urn:mavedb:00000408-0-1#971,c.[33T>C;45T>C;67T>C;68T>A;93C>T;100T>A;101G>A;102G>C],NA,p.[Phe23His;Trp34Asn],-3.3195820288487985,-3.932501107850938,-2.965282543973529
urn:mavedb:00000408-0-1#972,c.[12A>G;67T>C;68T>A;69C>T;90A>G;101G>C;102G>T;105A>G],NA,p.[Phe23His;Trp34Ser],-1.7018740419481504,-2.02642814361024,-1.5710562512499926
urn:mavedb:00000408-0-1#973,c.[33T>C;67T>C;68T>A;99C>T;100T>G;102G>T],NA,p.[Phe23His;Trp34Gly],-2.938870867032164,-3.6020893072015743,-2.1793517454522724
urn:mavedb:00000408-0-1#974,c.[54G>A;57C>T;67T>C;68T>A;96C>T;100T>A;101G>T],NA,p.[Phe23His;Trp34Met],-4.582864323863791,-5.2127803037405,-4.074446036969034
urn:mavedb:00000408-0-1#975,c.[27G>A;67T>C;68T>A;93C>T;102G>C;111G>A;129G>T],NA,p.[Phe23His;Trp34Cys],0.0179107229321735,-0.1553575637647835,0.2401534392799723
urn:mavedb:00000408-0-1#976,c.[33T>C;63T>C;67T>C;68T>A;93C>T;100T>A;101G>T;102G>C],NA,p.[Phe23His;Trp34Ile],-1.9405330800748497,-2.1302088819264493,-1.3361986916465425
urn:mavedb:00000408-0-1#977,c.[3T>C;45T>C;57C>T;66G>A;67T>C;68T>A;101G>T;102G>C;105A>G;111G>A],NA,p.[Phe23His;Trp34Phe],-1.426576898557432,-2.118045049941818,-1.0007227155610998
urn:mavedb:00000408-0-1#978,c.[57C>T;60T>C;67T>C;68T>A;93C>T;100T>C;101G>C;102G>A;120A>G],NA,p.[Phe23His;Trp34Pro],-2.979403983039304,-3.1928191991890675,-2.657781629616704
urn:mavedb:00000408-0-1#979,c.[3T>C;33T>C;67T>G;68T>A;69C>T;93C>T;100T>C;101G>A],NA,p.[Phe23Asp;Trp34Gln],-2.0443749440994265,-2.3442645661325874,-1.5784075060283564
urn:mavedb:00000408-0-1#980,c.[66G>A;67T>G;68T>A;100T>A;101G>A;102G>C;105A>G;126G>A],NA,p.[Phe23Asp;Trp34Asn],-2.903045688812551,-3.1996101709508213,-2.642445758119386
urn:mavedb:00000408-0-1#981,c.[15G>A;67T>G;68T>A;69C>T;100T>C;101G>A;102G>C],NA,p.[Phe23Asp;Trp34His],-1.2492450143013094,-2.0854777686077632,-0.6103679081147576
urn:mavedb:00000408-0-1#982,c.[67T>G;68T>A;69C>T;90A>G;99C>T;100T>G;101G>A;102G>C],NA,p.[Phe23Asp;Trp34Asp],-3.1256800323784204,-3.333095702318108,-2.8966877770194905
urn:mavedb:00000408-0-1#983,c.[3T>C;67T>G;68T>A;69C>T;90A>G;100T>C;102G>T],NA,p.[Phe23Asp;Trp34Arg],-4.385774629172852,-5.405442069945734,-3.9307621870993534
urn:mavedb:00000408-0-1#984,c.[27G>A;57C>T;63T>C;67T>G;68T>A;69C>T;93C>T;101G>C;102G>T;126G>A],NA,p.[Phe23Asp;Trp34Ser],-1.7820767772947397,-1.9703162194455857,-1.5262476837709804
urn:mavedb:00000408-0-1#985,c.[18T>C;30A>G;63T>C;67T>G;68T>A;99C>T;100T>G;102G>T;105A>G],NA,p.[Phe23Asp;Trp34Gly],-2.757764685547253,-3.374017165276294,-1.5385031185307705
urn:mavedb:00000408-0-1#986,c.[66G>A;67T>G;68T>A;78C>T;96C>T;100T>A;101G>T;102G>C;123C>T],NA,p.[Phe23Asp;Trp34Ile],-2.654255456878867,-3.881245390069917,-2.2465625321505898
urn:mavedb:00000408-0-1#987,c.[3T>C;66G>A;67T>G;68T>A;93C>T;101G>A;102G>C;111G>A],NA,p.[Phe23Asp;Trp34Tyr],-3.4241772902322536,-4.025468196995438,-2.807740783325202
urn:mavedb:00000408-0-1#988,c.[12A>G;27G>A;67T>G;68T>A;69C>T;93C>T;99C>T;101G>T;102G>C],NA,p.[Phe23Asp;Trp34Phe],-1.1528206650847357,-1.449761989636163,-0.8711518609570181
urn:mavedb:00000408-0-1#989,c.[3T>C;66G>A;67T>C;68T>G;69C>T;93C>T;100T>C;101G>A],NA,p.[Phe23Arg;Trp34Gln],-3.725164262237044,-4.047995923051477,-3.500378363450306
urn:mavedb:00000408-0-1#990,c.[3T>C;67T>C;68T>G;69C>T;100T>G;101G>A;102G>A;108C>T;129G>T],NA,p.[Phe23Arg;Trp34Glu],-4.1816235776868815,-4.545783215639499,-3.699740426741099
urn:mavedb:00000408-0-1#991,c.[67T>C;68T>G;69C>T;90A>G;100T>A;101G>A;102G>C],NA,p.[Phe23Arg;Trp34Asn],-2.030980031767361,-2.616654735840767,-1.5645747138143966
urn:mavedb:00000408-0-1#992,c.[3T>C;57C>T;67T>C;68T>G;69C>T;96C>T;100T>C;101G>A;102G>C],NA,p.[Phe23Arg;Trp34His],-2.77108718159615,-3.1435946468251643,-2.582936251482683
urn:mavedb:00000408-0-1#993,c.[42T>G;57C>T;60T>C;67T>C;68T>G;69C>T;93C>T;99C>T;100T>C;102G>T;111G>A],NA,p.[Phe23Arg;Trp34Arg],-1.5541645571791296,-1.6764828908826528,-1.25442452270252
urn:mavedb:00000408-0-1#994,c.[57C>T;60T>C;67T>C;68T>G;69C>T;96C>T;100T>A;101G>C;102G>C;111G>A],NA,p.[Phe23Arg;Trp34Thr],-2.2259951171163137,-2.7157825491823364,-1.934891141760892
urn:mavedb:00000408-0-1#995,c.[3T>C;67T>C;68T>G;69C>T;78C>T;96C>T;99C>T;101G>C;102G>T],NA,p.[Phe23Arg;Trp34Ser],-4.591174603223382,-6.327381498607175,-2.523004705877196
urn:mavedb:00000408-0-1#996,c.[63T>C;66G>A;67T>C;68T>G;99C>T;100T>G;101G>C;108C>T],NA,p.[Phe23Arg;Trp34Ala],-2.434966938680759,-3.140568940110221,-1.6115902915182174
urn:mavedb:00000408-0-1#997,c.[30A>G;67T>C;68T>G;69C>T;93C>T;100T>A;101G>T;129G>T],NA,p.[Phe23Arg;Trp34Met],-3.717877353930205,-4.038623218935864,-3.1439262430780266
urn:mavedb:00000408-0-1#998,c.[67T>C;68T>G;69C>T;90A>G;100T>C;101G>T;111G>A;126G>A],NA,p.[Phe23Arg;Trp34Leu],-2.182982391287876,-2.6491642891413067,-1.7885366137622511
urn:mavedb:00000408-0-1#999,c.[67T>C;68T>G;69C>T;93C>T;100T>G;101G>T;102G>T],NA,p.[Phe23Arg;Trp34Val],-3.27041748787315,-3.8807830188855226,-2.1962928762414644
urn:mavedb:00000408-0-1#1000,c.[27G>A;66G>A;67T>C;68T>G;69C>T;100T>A;101G>T;102G>C],NA,p.[Phe23Arg;Trp34Ile],-2.659137140442998,-3.0494105807996656,-2.313340982326416
urn:mavedb:00000408-0-1#1001,c.[30A>G;67T>C;68T>G;69C>T;93C>T;100T>C;101G>C],NA,p.[Phe23Arg;Trp34Pro],-3.22085401192124,-3.7160492413391255,-2.772286844382469
urn:mavedb:00000408-0-1#1002,c.[27G>A;57C>T;60T>C;67T>A;68T>A;69C>A;84C>T;100T>C;101G>A],NA,p.[Phe23Lys;Trp34Gln],-5.496883176399972,-6.012583671052963,-4.975292401447395
urn:mavedb:00000408-0-1#1003,c.[3T>C;42T>G;67T>A;68T>A;69C>A;100T>A;101G>A;102G>C],NA,p.[Phe23Lys;Trp34Asn],-4.413839767228115,-5.836842284162894,-3.632471227936888
urn:mavedb:00000408-0-1#1004,c.[3T>C;67T>A;68T>A;69C>A;96C>T;100T>A;101G>C;102G>C],NA,p.[Phe23Lys;Trp34Thr],-1.13450213623145,-1.7712976622256598,-0.8073511927086884
urn:mavedb:00000408-0-1#1005,c.[33T>C;67T>A;68T>A;69C>A;93C>T;100T>G;101G>C;111G>A;123C>T],NA,p.[Phe23Lys;Trp34Ala],-3.65590529981172,-4.27933996528446,-3.066897607522125
urn:mavedb:00000408-0-1#1006,c.[67T>A;68T>A;69C>A;96C>T;100T>G;102G>C],NA,p.[Phe23Lys;Trp34Gly],-1.777844605675507,-2.259731958217554,-1.386574372339168
urn:mavedb:00000408-0-1#1007,c.[67T>A;68T>A;69C>A;100T>A;101G>T],NA,p.[Phe23Lys;Trp34Met],-0.8868715780315013,-1.3797977390596887,-0.5230119529634251
urn:mavedb:00000408-0-1#1008,c.[18T>C;33T>C;54G>A;67T>A;68T>A;69C>A;96C>T;102G>C],NA,p.[Phe23Lys;Trp34Cys],-0.8311877742503788,-1.3927111313282263,-0.4469118630243928
urn:mavedb:00000408-0-1#1009,c.[3T>C;57C>T;67T>A;68T>A;69C>A;100T>C;101G>T],NA,p.[Phe23Lys;Trp34Leu],-3.1218895674380884,-3.518313856782624,-2.9260885222862734
urn:mavedb:00000408-0-1#1010,c.[67T>A;68T>A;69C>A;100T>G;101G>T;102G>T;126G>A],NA,p.[Phe23Lys;Trp34Val],-2.1770211732193347,-3.2040476086724734,-1.9924855598392528
urn:mavedb:00000408-0-1#1011,c.[67T>A;68T>A;69C>A;93C>T;100T>A;101G>T;102G>C],NA,p.[Phe23Lys;Trp34Ile],-3.333735596592722,-4.507862753776804,-2.497241968489062
urn:mavedb:00000408-0-1#1012,c.[3T>C;67T>A;68T>A;69C>A;93C>T;101G>A;102G>C;108C>T;126G>A],NA,p.[Phe23Lys;Trp34Tyr],-0.8793179626009822,-1.066229343538777,-0.7519008173484861
urn:mavedb:00000408-0-1#1013,c.[57C>T;67T>A;68T>A;69C>A;90A>G;99C>T;100T>C;101G>C;102G>A;108C>T],NA,p.[Phe23Lys;Trp34Pro],-1.693443714242321,-2.1776591457303103,-0.8729177852074287
urn:mavedb:00000408-0-1#1014,c.[39A>G;42T>G;67T>A;68T>C;100T>C;101G>A;108C>T],NA,p.[Phe23Thr;Trp34Gln],-1.0370613280733714,-1.6301186001248371,-0.7776116878265621
urn:mavedb:00000408-0-1#1015,c.[3T>C;27G>A;63T>C;67T>A;68T>C;90A>G;100T>G;101G>A;102G>A;108C>T],NA,p.[Phe23Thr;Trp34Glu],-3.832630211867979,-4.193992085651119,-2.851953394868515
urn:mavedb:00000408-0-1#1016,c.[67T>A;68T>C;96C>T;100T>C;102G>T],NA,p.[Phe23Thr;Trp34Arg],-2.692399404391105,-3.3269029974307696,-2.299808255843394
urn:mavedb:00000408-0-1#1017,c.[3T>C;12A>G;15G>A;67T>A;68T>C;93C>T;100T>A;101G>A;102G>A],NA,p.[Phe23Thr;Trp34Lys],-3.2607798703450057,-4.049916509754877,-2.5830161514102605
urn:mavedb:00000408-0-1#1018,c.[67T>A;68T>C;93C>T;100T>G;101G>C],NA,p.[Phe23Thr;Trp34Ala],-1.8465330649372311,-2.1650167857696814,-1.5687580186551264
urn:mavedb:00000408-0-1#1019,c.[3T>C;67T>A;68T>C;100T>C;101G>T;111G>A;129G>T],NA,p.[Phe23Thr;Trp34Leu],-0.3779007631801265,-0.6026146284640973,0.0839894134312854
urn:mavedb:00000408-0-1#1020,c.[67T>A;68T>C;90A>G;100T>G;101G>T;111G>A],NA,p.[Phe23Thr;Trp34Val],-1.5046535199536644,-1.935379705939004,-1.2300400481981488
urn:mavedb:00000408-0-1#1021,c.[67T>A;68T>C;93C>T;101G>T;102G>C;105A>G],NA,p.[Phe23Thr;Trp34Phe],-3.2297388369999647,-3.6241944607445937,-2.7777646952295325
urn:mavedb:00000408-0-1#1022,c.[68T>C;69C>T;90A>G;99C>T;100T>C;101G>A],NA,p.[Phe23Ser;Trp34Gln],-1.5848653142214848,-2.6532815683202147,-1.25998373081146
urn:mavedb:00000408-0-1#1023,c.[27G>A;68T>C;69C>T;100T>G;101G>A;102G>A],NA,p.[Phe23Ser;Trp34Glu],-4.056831281229506,-4.370045011186655,-3.167130103492266
urn:mavedb:00000408-0-1#1024,c.[68T>C;69C>T;93C>T;99C>T;100T>C;101G>A;102G>C;111G>A],NA,p.[Phe23Ser;Trp34His],-2.799328423785996,-3.1465406347893725,-2.386737516329351
urn:mavedb:00000408-0-1#1025,c.[3T>C;12A>G;42T>G;48C>T;68T>C;69C>T;96C>T;100T>C;102G>T;126G>A;129G>T],NA,p.[Phe23Ser;Trp34Arg],-5.098127418082839,-5.81443759529163,-3.7517854034946745
urn:mavedb:00000408-0-1#1026,c.[63T>C;68T>C;69C>T;93C>T;100T>A;101G>C;102G>C;111G>A;123C>T],NA,p.[Phe23Ser;Trp34Thr],-6.444009823013733,-7.317755953885184,-5.88919880047188
urn:mavedb:00000408-0-1#1027,c.[15G>A;66G>A;68T>C;69C>T;96C>T;100T>G;102G>C],NA,p.[Phe23Ser;Trp34Gly],-1.1721313163497673,-1.6793630008216214,-0.7658207113101823
urn:mavedb:00000408-0-1#1028,c.[68T>C;69C>T;96C>T;101G>A;102G>C;126G>A],NA,p.[Phe23Ser;Trp34Tyr],-3.06846367176005,-3.461190611574913,-2.3409463996321307
urn:mavedb:00000408-0-1#1029,c.[68T>C;69C>T;87C>T;93C>T;101G>T;102G>T],NA,p.[Phe23Ser;Trp34Phe],-1.7168424694468154,-2.273191742497886,-1.4362626128893945
urn:mavedb:00000408-0-1#1030,c.[3T>C;33T>C;45T>C;57C>T;60T>C;68T>C;69C>T;99C>T;100T>C;101G>C;102G>A],NA,p.[Phe23Ser;Trp34Pro],-1.3452681819837105,-1.5686526305129904,-1.02447296669863
urn:mavedb:00000408-0-1#1031,c.[67T>G;68T>C;69C>G;100T>C;101G>A],NA,p.[Phe23Ala;Trp34Gln],-0.8039807377634502,-1.397638826249388,-0.3871852095337539
urn:mavedb:00000408-0-1#1032,c.[27G>A;67T>G;68T>C;69C>G;100T>G;101G>A;102G>A],NA,p.[Phe23Ala;Trp34Glu],-4.532977765241672,-5.26399884868448,-3.605292198142264
urn:mavedb:00000408-0-1#1033,c.[33T>C;67T>G;68T>C;69C>G;93C>T;100T>C;101G>A;102G>C],NA,p.[Phe23Ala;Trp34His],-1.7563854821466198,-3.793473022638941,-1.1006877017825183
urn:mavedb:00000408-0-1#1034,c.[67T>G;68T>C;69C>G;99C>T;100T>G;101G>A;102G>C],NA,p.[Phe23Ala;Trp34Asp],-1.5302570324259224,-2.4344730593480506,-0.9534195164218032
urn:mavedb:00000408-0-1#1035,c.[27G>A;67T>G;68T>C;69C>G;96C>T;100T>A;101G>C;102G>C],NA,p.[Phe23Ala;Trp34Thr],-2.6748953667832795,-3.0841848470139115,-2.236510587881715
urn:mavedb:00000408-0-1#1036,c.[67T>G;68T>C;69C>G;101G>C;102G>T;126G>A],NA,p.[Phe23Ala;Trp34Ser],-2.655104085422625,-3.489224111325309,-2.051431689262787
urn:mavedb:00000408-0-1#1037,c.[3T>C;67T>G;68T>C;69C>G;99C>T;100T>G;101G>C;111G>A],NA,p.[Phe23Ala;Trp34Ala],-2.2239183490029903,-3.060105289505582,-1.9902861256203173
urn:mavedb:00000408-0-1#1038,c.[3T>C;27G>A;67T>G;68T>C;69C>G;90A>G;99C>T;100T>G;102G>T;111G>A],NA,p.[Phe23Ala;Trp34Gly],-2.698589948759896,-3.2452612469190125,-1.834057754260098
urn:mavedb:00000408-0-1#1039,c.[67T>G;68T>C;69C>G;100T>G;101G>T;102G>T;111G>A],NA,p.[Phe23Ala;Trp34Val],-5.617105383401494,-6.653273029094411,-4.827512106557676
urn:mavedb:00000408-0-1#1040,c.[27G>A;67T>G;68T>C;69C>G;90A>G;100T>A;101G>T;102G>C],NA,p.[Phe23Ala;Trp34Ile],-1.9618324003626808,-2.3097817590721714,-1.2179434835340035
urn:mavedb:00000408-0-1#1041,c.[3T>C;18T>C;57C>T;67T>G;68T>C;69C>G;87C>T;101G>A;102G>C;126G>A],NA,p.[Phe23Ala;Trp34Tyr],-1.6165302207253749,-2.0703018642330946,-1.1610204616917876
urn:mavedb:00000408-0-1#1042,c.[12A>G;33T>C;42T>G;67T>G;68T>G;69C>T;100T>C;101G>A;129G>T],NA,p.[Phe23Gly;Trp34Gln],-1.9251376370224471,-2.392763561849041,-1.5279880156557903
urn:mavedb:00000408-0-1#1043,c.[42T>G;67T>G;68T>G;69C>T;100T>G;101G>A;111G>A;114T>C;123C>T],NA,p.[Phe23Gly;Trp34Glu],-0.8825068022028777,-1.2320479178557433,-0.5409730145981719
urn:mavedb:00000408-0-1#1044,c.[3T>C;57C>T;67T>G;68T>G;69C>T;93C>T;100T>A;101G>A;102G>C;111G>A],NA,p.[Phe23Gly;Trp34Asn],-1.1986288103778036,-1.6545287831693,-0.9495269828067198
urn:mavedb:00000408-0-1#1045,c.[3T>C;30A>G;66G>A;67T>G;68T>G;69C>T;93C>T;100T>C;101G>A;102G>C;129G>T],NA,p.[Phe23Gly;Trp34His],-2.0028195523100423,-2.14963130624872,-1.8391018340405152
urn:mavedb:00000408-0-1#1046,c.[54G>A;57C>T;67T>G;68T>G;69C>T;100T>G;101G>A;102G>C],NA,p.[Phe23Gly;Trp34Asp],-7.756754393650237,-8.534909049526707,-6.830401152519538
urn:mavedb:00000408-0-1#1047,c.[3T>C;54G>A;57C>T;67T>G;68T>G;69C>T;96C>T;101G>C;102G>T],NA,p.[Phe23Gly;Trp34Ser],-4.771818937527616,-5.076205851957823,-4.282197922441573
urn:mavedb:00000408-0-1#1048,c.[24G>C;27G>A;67T>G;68T>G;69C>T;78C>T;90A>G;93C>T;100T>A;101G>T;129G>T],NA,p.[Phe23Gly;Trp34Met],-2.073356181679686,-2.43531653551328,-1.3883143357878072
urn:mavedb:00000408-0-1#1049,c.[3T>C;21C>T;48C>T;67T>G;68T>G;69C>T;102G>C],NA,p.[Phe23Gly;Trp34Cys],-2.0058480707468607,-2.279538761657346,-1.7812007747839127
urn:mavedb:00000408-0-1#1050,c.[67T>G;68T>G;69C>T;100T>C;101G>T],NA,p.[Phe23Gly;Trp34Leu],-2.93882101850497,-3.8812316047574864,-2.1818158484387524
urn:mavedb:00000408-0-1#1051,c.[57C>T;67T>G;68T>G;69C>T;100T>G;101G>T;102G>T;129G>T],NA,p.[Phe23Gly;Trp34Val],-1.5884988188068068,-2.4755628873337248,-1.2673008004207411
urn:mavedb:00000408-0-1#1052,c.[67T>G;68T>G;69C>T;100T>A;101G>T;102G>C],NA,p.[Phe23Gly;Trp34Ile],-3.701755174356824,-4.837628557901687,-3.231817053600564
urn:mavedb:00000408-0-1#1053,c.[3T>C;6T>C;48C>T;67T>G;68T>G;69C>T;75C>T;101G>A;102G>C],NA,p.[Phe23Gly;Trp34Tyr],-3.0126947856288058,-3.7829764642374255,-2.289630018621712
urn:mavedb:00000408-0-1#1054,c.[67T>G;68T>G;69C>T;93C>T;99C>T;101G>T;102G>C;108C>T;111G>A],NA,p.[Phe23Gly;Trp34Phe],1.117778581556593,0.7792389647777918,1.6749909355416004
urn:mavedb:00000408-0-1#1055,c.[15G>A;51G>T;66G>A;67T>A;69C>G;100T>C;101G>A;111G>A],NA,p.[Phe23Met;Trp34Gln],-1.5581374760720073,-1.7775589834228165,-1.26010472281221
urn:mavedb:00000408-0-1#1056,c.[3T>C;42T>G;67T>A;69C>G;96C>T;100T>G;101G>A;102G>A],NA,p.[Phe23Met;Trp34Glu],-1.4525008823071452,-2.185167190857006,-1.018707869421258
urn:mavedb:00000408-0-1#1057,c.[3T>C;54G>A;67T>A;69C>G;93C>T;100T>C;101G>A;102G>C;111G>A;126G>A],NA,p.[Phe23Met;Trp34His],-2.8443505783331657,-4.3703948833115085,-1.832427736039557
urn:mavedb:00000408-0-1#1058,c.[48C>T;67T>A;69C>G;93C>T;100T>G;101G>A;102G>C],NA,p.[Phe23Met;Trp34Asp],-0.108817552438159,-0.2110281850685783,0.013684431277757
urn:mavedb:00000408-0-1#1059,c.[67T>A;69C>G;99C>T;100T>A;101G>C;102G>C],NA,p.[Phe23Met;Trp34Thr],-1.3997597533881194,-1.5975206959187611,-1.1736073734509884
urn:mavedb:00000408-0-1#1060,c.[67T>A;69C>G;96C>T;99C>T;101G>C;102G>T;105A>G],NA,p.[Phe23Met;Trp34Ser],-4.941043848294791,-5.913807922436407,-3.495438413073885
urn:mavedb:00000408-0-1#1061,c.[67T>A;69C>G;100T>G;101G>C],NA,p.[Phe23Met;Trp34Ala],-0.0881787403572815,-0.2856478680619988,0.0410060964873192
urn:mavedb:00000408-0-1#1062,c.[67T>A;69C>G;99C>T;100T>A;101G>T;105A>G],NA,p.[Phe23Met;Trp34Met],-1.3985635934510283,-1.7423388138481293,-0.7223720272992988
urn:mavedb:00000408-0-1#1063,c.[3T>C;67T>A;69C>G;93C>T;100T>G;101G>T;102G>T],NA,p.[Phe23Met;Trp34Val],-2.9758567273632632,-3.2808879253511107,-2.516824004820939
urn:mavedb:00000408-0-1#1064,c.[33T>C;67T>A;69C>G;100T>A;101G>T;102G>C;111G>A],NA,p.[Phe23Met;Trp34Ile],-1.1616379444704314,-1.611850435812736,-0.6329142442098051
urn:mavedb:00000408-0-1#1065,c.[30A>G;45T>C;67T>A;69C>G;90A>G;101G>T;102G>C;105A>G],NA,p.[Phe23Met;Trp34Phe],1.111503431613543,0.9724741982876612,1.2064256464644567
urn:mavedb:00000408-0-1#1066,c.[3T>C;67T>A;69C>G;100T>C;101G>C],NA,p.[Phe23Met;Trp34Pro],-1.440052031284778,-1.7472342080696377,-1.136330791562166
urn:mavedb:00000408-0-1#1067,c.[30A>G;68T>G;100T>C;101G>A],NA,p.[Phe23Cys;Trp34Gln],-2.4710613256249925,-2.8898172241806392,-1.9770342745807512
urn:mavedb:00000408-0-1#1068,c.[42T>G;57C>T;60T>C;68T>G;93C>T;100T>G;101G>A;102G>A;105A>G],NA,p.[Phe23Cys;Trp34Glu],-2.6814708795518163,-3.011748831753025,-2.366610248697414
urn:mavedb:00000408-0-1#1069,c.[42T>G;51G>T;54G>A;63T>C;68T>G;93C>T;100T>G;101G>A;102G>C;129G>T],NA,p.[Phe23Cys;Trp34Asp],0.077986682753643,-0.0293779366880742,0.2906190629938195
urn:mavedb:00000408-0-1#1070,c.[68T>G;90A>G;101G>C;102G>T],NA,p.[Phe23Cys;Trp34Ser],0.4173125119288549,0.1680586837313572,0.7601097292779888
urn:mavedb:00000408-0-1#1071,c.[3T>C;33T>C;68T>G;102G>C;111G>A],NA,p.[Phe23Cys;Trp34Cys],0.377464586347166,0.2090086588835385,0.5026106595425619
urn:mavedb:00000408-0-1#1072,c.[63T>C;68T>G;100T>C;101G>T],NA,p.[Phe23Cys;Trp34Leu],0.1600787396905759,0.0606184836477414,0.3042763363371565
urn:mavedb:00000408-0-1#1073,c.[68T>G;99C>T;100T>C;101G>C;111G>A;126G>A],NA,p.[Phe23Cys;Trp34Pro],0.027809925187096,-0.0302890556185732,0.0952467476479945
urn:mavedb:00000408-0-1#1074,c.[42T>G;66G>A;67T>C;69C>G;93C>T;100T>G;101G>A;102G>A],NA,p.[Phe23Leu;Trp34Glu],-1.6374846496566111,-1.9349756977639296,-1.0420920763292327
urn:mavedb:00000408-0-1#1075,c.[54G>A;67T>C;69C>G;100T>C;101G>A;102G>C;108C>T;123C>T;129G>T],NA,p.[Phe23Leu;Trp34His],-0.1658323203522352,-0.4214677810341992,-0.1123938152723943
urn:mavedb:00000408-0-1#1076,c.[67T>C;69C>G;93C>T;100T>G;101G>A;102G>C],NA,p.[Phe23Leu;Trp34Asp],-2.1951964152248764,-2.694353039613609,-1.9151076347900104
urn:mavedb:00000408-0-1#1077,c.[24G>C;54G>A;57C>T;63T>C;67T>C;69C>G;100T>A;101G>A;102G>A;105A>G;129G>T],NA,p.[Phe23Leu;Trp34Lys],-2.486104713765405,-4.061105968569446,-1.7819289992918443
urn:mavedb:00000408-0-1#1078,c.[30A>G;54G>A;57C>T;63T>C;67T>C;69C>G;93C>T;100T>G;101G>C;102G>T;105A>G;117G>C],NA,p.[Phe23Leu;Trp34Ala],-0.8498686006021576,-1.024496529542633,-0.3568174440434437
urn:mavedb:00000408-0-1#1079,c.[12A>G;30A>G;66G>A;67T>C;100T>G;101G>T;111G>A;129G>T],NA,p.[Phe23Leu;Trp34Val],-0.3993831837313519,-0.7801555733362925,-0.2508589779204498
urn:mavedb:00000408-0-1#1080,c.[3T>C;33T>C;67T>C;69C>G;93C>T;100T>A;101G>T;102G>C;111G>A;126G>A],NA,p.[Phe23Leu;Trp34Ile],-0.3723135523183998,-0.5204053358858631,-0.1412684252393784
urn:mavedb:00000408-0-1#1081,c.[12A>G;63T>C;67T>C;69C>G;101G>T;102G>C;105A>G],NA,p.[Phe23Leu;Trp34Phe],0.4637098851140749,0.2916083160003089,0.7240464162296504
urn:mavedb:00000408-0-1#1082,c.[54G>A;67T>C;69C>G;75C>T;90A>G;99C>T;100T>C;101G>C;102G>A;129G>T],NA,p.[Phe23Leu;Trp34Pro],-0.4493991289580656,-0.742360828386107,-0.282314280118539
urn:mavedb:00000408-0-1#1083,c.[3T>C;30A>G;57C>T;67T>G;69C>T;93C>T;100T>C;101G>A;102G>C;108C>T;129G>T],NA,p.[Phe23Val;Trp34His],-0.0595588549437626,-0.3221795338424616,0.0428317447315232
urn:mavedb:00000408-0-1#1084,c.[3T>C;67T>G;69C>T;93C>T;100T>G;101G>A;102G>C;108C>T;126G>A],NA,p.[Phe23Val;Trp34Asp],-1.4453044930016783,-1.9458057614588145,-1.186083071263968
urn:mavedb:00000408-0-1#1085,c.[3T>C;45T>C;57C>T;67T>G;69C>T;87C>T;100T>A;101G>A;102G>A],NA,p.[Phe23Val;Trp34Lys],-1.0235727035498086,-1.5824081513053254,-0.9153586423283374
urn:mavedb:00000408-0-1#1086,c.[3T>C;45T>C;54G>A;67T>G;69C>T;93C>T;100T>A;101G>C;102G>C],NA,p.[Phe23Val;Trp34Thr],-0.5622407969753755,-0.881447936336432,-0.2853803397372388
urn:mavedb:00000408-0-1#1087,c.[3T>C;39A>G;42T>G;45T>C;67T>G;69C>T;90A>G;100T>A;101G>T;108C>T],NA,p.[Phe23Val;Trp34Met],-3.452601849808969,-3.796526445576245,-2.91829638249743
urn:mavedb:00000408-0-1#1088,c.[12A>G;21C>T;33T>C;67T>G;69C>T;90A>G;102G>C],NA,p.[Phe23Val;Trp34Cys],-1.873820459828684,-2.3916718924260247,-1.6198790853592917
urn:mavedb:00000408-0-1#1089,c.[67T>G;69C>T;99C>T;100T>C;101G>T;126G>A],NA,p.[Phe23Val;Trp34Leu],0.0726177300481477,-0.1451467048004484,0.1930331384294419
urn:mavedb:00000408-0-1#1090,c.[3T>C;42T>G;54G>A;67T>G;69C>G;93C>T;100T>G;101G>T;102G>T],NA,p.[Phe23Val;Trp34Val],-1.0162737730352744,-1.432879422637147,-0.6830853191978993
urn:mavedb:00000408-0-1#1091,c.[30A>G;45T>C;67T>G;69C>T;100T>A;101G>T;102G>C;108C>T;117G>C],NA,p.[Phe23Val;Trp34Ile],-2.1831608000083422,-2.331139043178731,-1.734292280100879
urn:mavedb:00000408-0-1#1092,c.[67T>G;69C>T;93C>T;101G>A;102G>C;108C>T],NA,p.[Phe23Val;Trp34Tyr],-0.4980643748262119,-0.7994475744688438,-0.2070477365768864
urn:mavedb:00000408-0-1#1093,c.[67T>G;69C>T;96C>T;100T>C;101G>C;129G>T],NA,p.[Phe23Val;Trp34Pro],-0.4570288710978703,-0.5904236349817725,-0.2283647046295968
urn:mavedb:00000408-0-1#1094,c.[3T>C;66G>A;67T>A;69C>T;90A>G;100T>G;101G>A;102G>A;108C>T;126G>A;129G>T],NA,p.[Phe23Ile;Trp34Glu],0.0421357669416754,-0.1040439127746431,0.1656221780144845
urn:mavedb:00000408-0-1#1095,c.[3T>C;67T>A;87C>T;93C>T;100T>A;101G>A;102G>C],NA,p.[Phe23Ile;Trp34Asn],-0.2212648804657745,-0.3379725099672659,0.0007251101157493
urn:mavedb:00000408-0-1#1096,c.[39A>G;42T>G;67T>A;100T>C;101G>A;102G>C],NA,p.[Phe23Ile;Trp34His],-0.3731267135013333,-0.7241326535485154,-0.1253086811877863
urn:mavedb:00000408-0-1#1097,c.[57C>T;67T>A;99C>T;100T>C;102G>T],NA,p.[Phe23Ile;Trp34Arg],-0.0159623163553125,-0.0900697925769192,0.1996790900095263
urn:mavedb:00000408-0-1#1098,c.[57C>T;60T>C;67T>A;84C>T;100T>A;101G>A;102G>A;129G>T],NA,p.[Phe23Ile;Trp34Lys],-0.7123798802991448,-1.0585114731925933,-0.4055698495742112
urn:mavedb:00000408-0-1#1099,c.[3T>C;6T>C;67T>A;93C>T;100T>A;101G>C;102G>C],NA,p.[Phe23Ile;Trp34Thr],0.4489511506939625,0.2748115326708986,0.655440141778139
urn:mavedb:00000408-0-1#1100,c.[3T>C;67T>A;101G>C;102G>C],NA,p.[Phe23Ile;Trp34Ser],-0.1892837454521519,-0.2910936657272056,-0.1061738195624612
urn:mavedb:00000408-0-1#1101,c.[33T>C;54G>A;57C>T;66G>A;67T>A;99C>T;100T>G;101G>C],NA,p.[Phe23Ile;Trp34Ala],-1.8580661373597,-2.0183439050602137,-1.5803607264549924
urn:mavedb:00000408-0-1#1102,c.[3T>C;48C>T;67T>A;96C>T;102G>C;126G>A],NA,p.[Phe23Ile;Trp34Cys],0.3428498510784852,0.1540723755456909,0.507829074591173
urn:mavedb:00000408-0-1#1103,c.[27G>A;42T>G;45T>C;48C>T;66G>A;67T>A;93C>T;100T>C;101G>T;126G>A],NA,p.[Phe23Ile;Trp34Leu],0.6132459348538113,0.4954989107636154,0.7538326189869647
urn:mavedb:00000408-0-1#1104,c.[3T>C;12A>G;15G>A;67T>A;93C>T;100T>G;101G>T;102G>T;126G>A],NA,p.[Phe23Ile;Trp34Val],-1.2198603558235943,-1.4455675108047352,-0.9714945953667384
urn:mavedb:00000408-0-1#1105,c.[67T>A;100T>A;101G>T;102G>C;129G>T],NA,p.[Phe23Ile;Trp34Ile],-1.6215088313165738,-1.753272177952605,-1.5129809885774566
urn:mavedb:00000408-0-1#1106,c.[30A>G;67T>A;96C>T;101G>A;102G>C],NA,p.[Phe23Ile;Trp34Tyr],1.0757026717265894,0.7618470493194192,1.2216312320468
urn:mavedb:00000408-0-1#1107,c.[67T>A;96C>T;99C>T;101G>T;102G>C;129G>T],NA,p.[Phe23Ile;Trp34Phe],1.0271258380883197,0.8814102251041644,1.2032999408461995
urn:mavedb:00000408-0-1#1108,c.[30A>G;68T>G;69C>G;90A>G;100T>C;101G>A],NA,p.[Phe23Trp;Trp34Gln],-1.3865143955918342,-1.7020807144846637,-1.0042650503028243
urn:mavedb:00000408-0-1#1109,c.[68T>G;69C>G;90A>G;100T>A;101G>A;102G>C],NA,p.[Phe23Trp;Trp34Asn],-4.699372414425822,-5.348281054537007,-4.176438984113498
urn:mavedb:00000408-0-1#1110,c.[68T>G;69C>G;100T>G;101G>A;102G>C;108C>T],NA,p.[Phe23Trp;Trp34Asp],-1.0038575303647894,-1.3075143389769222,-0.812002067128572
urn:mavedb:00000408-0-1#1111,c.[68T>G;69C>G;87C>T;100T>A;101G>A;102G>A],NA,p.[Phe23Trp;Trp34Lys],-2.473876901421544,-3.069138760711032,-1.9876955380468675
urn:mavedb:00000408-0-1#1112,c.[63T>C;68T>G;69C>G;96C>T;100T>A;101G>C;102G>C],NA,p.[Phe23Trp;Trp34Thr],-4.087275781868414,-4.451281119441396,-3.619265996685654
urn:mavedb:00000408-0-1#1113,c.[54G>A;66G>A;68T>G;69C>G;93C>T;100T>G;102G>C;126G>A;129G>T],NA,p.[Phe23Trp;Trp34Gly],-1.528428299167981,-2.035811442270913,-1.289418694555701
urn:mavedb:00000408-0-1#1114,c.[27G>A;68T>G;69C>G;93C>T;100T>A;101G>T],NA,p.[Phe23Trp;Trp34Met],-0.4351921747253355,-0.7079191466581831,0.107564483148735
urn:mavedb:00000408-0-1#1115,c.[68T>G;69C>G;96C>T;102G>C;117G>C],NA,p.[Phe23Trp;Trp34Cys],0.0594841053316299,-0.3762552242737024,0.1709318943748443
urn:mavedb:00000408-0-1#1116,c.[39A>G;42T>G;45T>C;68T>G;69C>G;100T>G;101G>T;102G>T;111G>A],NA,p.[Phe23Trp;Trp34Val],-1.0369062567072076,-1.254622784687025,-0.3842189718678344
urn:mavedb:00000408-0-1#1117,c.[30A>G;68T>G;69C>G;100T>A;101G>T;102G>T],NA,p.[Phe23Trp;Trp34Ile],-1.7332603692057753,-2.1437084250912792,-1.375489700029501
urn:mavedb:00000408-0-1#1118,c.[68T>G;69C>G;96C>T;101G>A;102G>C;129G>T],NA,p.[Phe23Trp;Trp34Tyr],-0.5821917396939686,-0.7751121492802688,-0.4151621013770846
urn:mavedb:00000408-0-1#1119,c.[15G>A;33T>C;42T>G;57C>T;68T>G;69C>G;99C>T;100T>C;101G>C;126G>A],NA,p.[Phe23Trp;Trp34Pro],-3.901846150290556,-4.378834203817898,-2.842190362006155
urn:mavedb:00000408-0-1#1120,c.[33T>C;39A>G;42T>G;45T>C;68T>A;96C>T;100T>G;101G>A;102G>C;108C>T;111G>A;129G>T],NA,p.[Phe23Tyr;Trp34Asp],0.1914009050810048,0.0462015158013232,0.295604855242676
urn:mavedb:00000408-0-1#1121,c.[3T>C;57C>T;60T>C;68T>A;96C>T;100T>C;102G>T;111G>A],NA,p.[Phe23Tyr;Trp34Arg],0.1548163589655518,-0.0221582320235219,0.2323307409223486
urn:mavedb:00000408-0-1#1122,c.[12A>G;24G>C;68T>A;93C>T;100T>A;101G>C;102G>C;108C>T],NA,p.[Phe23Tyr;Trp34Thr],0.6312204081401294,0.3707617639800628,0.7669821438547316
urn:mavedb:00000408-0-1#1123,c.[68T>A;101G>C;102G>T;105A>G],NA,p.[Phe23Tyr;Trp34Ser],0.4381013778386072,0.3815495563353509,0.5793886007975704
urn:mavedb:00000408-0-1#1124,c.[30A>G;48C>T;63T>C;68T>A;100T>G;101G>C;120A>G;123C>T],NA,p.[Phe23Tyr;Trp34Ala],-1.1230897449300987,-1.4119654515030868,-0.9704677912869982
urn:mavedb:00000408-0-1#1125,c.[68T>A;99C>T;100T>G;102G>T],NA,p.[Phe23Tyr;Trp34Gly],-0.0095016181906405,-0.0760786117861482,0.0617851133597239
urn:mavedb:00000408-0-1#1126,c.[27G>A;66G>A;68T>A;93C>T;96C>T;100T>C;101G>T],NA,p.[Phe23Tyr;Trp34Leu],0.9398992567516056,0.7985979139434436,1.1599373680939926
urn:mavedb:00000408-0-1#1127,c.[30A>G;68T>A;93C>T;100T>A;101G>T;102G>C;111G>A],NA,p.[Phe23Tyr;Trp34Ile],-0.5804308247095111,-1.3816817003682054,-0.323562082568996
urn:mavedb:00000408-0-1#1128,c.[3T>C;68T>A;101G>A;102G>C],NA,p.[Phe23Tyr;Trp34Tyr],1.4492107195029518,1.2349329110434315,1.6061841537504538
urn:mavedb:00000408-0-1#1129,c.[42T>G;68T>A;93C>T;101G>T;102G>C;105A>G],NA,p.[Phe23Tyr;Trp34Phe],1.476105440316042,1.2763629900295723,1.6714129340495134
urn:mavedb:00000408-0-1#1130,c.[21C>T;30A>G;42T>G;54G>A;68T>A;93C>T;99C>T;100T>C;101G>C;102G>A],NA,p.[Phe23Tyr;Trp34Pro],-0.9584849893327104,-1.676958593341891,-0.5869407727543172
urn:mavedb:00000408-0-1#1131,c.[27G>A;67T>C;68T>C;69C>G;100T>C;101G>A;102G>A;126G>A],NA,p.[Phe23Pro;Trp34Gln],-6.336767353544985,-6.983839774132782,-5.710646376065422
urn:mavedb:00000408-0-1#1132,c.[67T>C;68T>C;69C>G;90A>G;93C>T;100T>G;101G>A;102G>A;105A>G;123C>T;129G>T],NA,p.[Phe23Pro;Trp34Glu],-1.8274116401496223,-2.544972725111134,-1.2445678321495948
urn:mavedb:00000408-0-1#1133,c.[3T>C;30A>G;67T>C;68T>C;69C>G;96C>T;100T>A;101G>A;102G>C;111G>A],NA,p.[Phe23Pro;Trp34Asn],-2.150318366229349,-2.535188750286267,-1.7806902073755335
urn:mavedb:00000408-0-1#1134,c.[3T>C;67T>C;68T>C;69C>G;96C>T;100T>C;101G>A;102G>C;126G>A],NA,p.[Phe23Pro;Trp34His],-2.9533582828884435,-4.009454351164463,-2.708367578646639
urn:mavedb:00000408-0-1#1135,c.[33T>C;67T>C;68T>C;69C>G;99C>T;100T>G;101G>A;102G>C],NA,p.[Phe23Pro;Trp34Asp],-3.2285853637231483,-3.55689610083503,-2.328396234080155
urn:mavedb:00000408-0-1#1136,c.[54G>A;66G>A;67T>C;68T>C;69C>G;93C>T;99C>T;100T>C;102G>C;129G>T],NA,p.[Phe23Pro;Trp34Arg],-3.0758128161866085,-3.504954739342013,-2.297116738330521
urn:mavedb:00000408-0-1#1137,c.[27G>A;30A>G;67T>C;68T>C;69C>G;93C>T;100T>G;102G>C],NA,p.[Phe23Pro;Trp34Gly],-2.749455971922477,-3.0917593071683704,-2.2768977182406047
urn:mavedb:00000408-0-1#1138,c.[67T>C;68T>C;69C>G;102G>C;129G>T],NA,p.[Phe23Pro;Trp34Cys],-1.6616346320809303,-1.991434147504596,-1.275818327862587
urn:mavedb:00000408-0-1#1139,c.[67T>C;68T>C;69C>G;93C>T;100T>C;101G>T],NA,p.[Phe23Pro;Trp34Leu],-3.246278307885241,-4.392397096445238,-1.9789249557249848
urn:mavedb:00000408-0-1#1140,c.[33T>C;42T>G;63T>C;66G>A;67T>C;68T>C;69C>A;93C>T;99C>T;100T>C;101G>C;102G>A],NA,p.[Phe23Pro;Trp34Pro],-3.046866378104674,-3.953264418091354,-2.5752117715008755
