accession,hgvs_nt,hgvs_splice,hgvs_pro,score,score_95CI_low,score_95CI_high,fitting_err,score_unfolded,dG,dG_95CI_low,dG_95CI_high
urn:mavedb:00000394-a-1#1,c.=,NA,p.=,0.2607281869729141,0.2399727767106681,0.2837905185216658,0.0472296331570469,-1.5245566,2.378011506406235,2.349662330015405,2.4094944255766007
urn:mavedb:00000394-a-1#2,c.[12C>T;21C>T;36T>C;42C>G;51C>T;72C>T;75C>T;114C>T;120A>G;123T>C;138T>C;141A>G;165G>A;168G>A;171T>G;174A>G;177G>A;180G>C],NA,p.=,0.3854345271585574,0.3649963462634805,0.4136765885835222,0.0653511123490303,-1.527565,2.5521518905892018,2.5243045679785863,2.5906223945604108
urn:mavedb:00000394-a-1#3,c.[21C>T;36T>C;42C>G;48C>T;120A>G;123T>C;141A>G],NA,p.=,0.2455427111760858,0.2282241866508677,0.2670737358784275,0.0366479999428768,-1.5245566,2.3572716623867143,2.33360819672258,2.38667568848076
urn:mavedb:00000394-a-1#4,c.[15A>G;21C>T;36T>C;42C>G;48C>T;54G>A;66G>A;72C>T;75C>T;102T>C;111G>C;120A>G;123T>C;135C>T;141A>G;165G>A;171T>G;174A>G;177G>A],NA,p.=,0.2483775246975531,0.2302863405429779,0.2706647617227736,0.0496527214360541,-1.5245566,2.3611439864739885,2.336426463131574,2.3915782641345635
urn:mavedb:00000394-a-1#5,c.[3C>T;6T>G;12C>T;21C>T;27G>A;120A>G;129G>A;141A>G;168G>A;174A>G;180G>C],NA,p.=,0.262479276427635,0.2360999193817551,0.2838144485768676,0.0419289430384706,-1.5245566,2.380402571258037,2.344370762345354,2.4095270843007315
urn:mavedb:00000394-a-1#6,c.[9G>A;15A>G;21C>T;36T>C;42C>G;48C>T;120A>G;123T>C;138T>C;141A>G;165G>A;168G>A;174A>G;180G>C],NA,p.=,0.2771600071569211,0.2610716387980323,0.298795863883113,0.0580635594189842,-1.5245566,2.4004447062233467,2.378480488732769,2.4299697566460656
urn:mavedb:00000394-a-1#7,c.[1G>C;3C>A;6T>G;21C>T;36T>C;42C>G;75C>T;120A>G;129G>A;141A>G;150C>T;165G>A;171T>G;174A>G],NA,p.Asp1Gln,0.4245311561542927,0.4062866442998204,0.4563616931004629,0.0421973947476475,-1.5273247,2.605081235649645,2.580232261722841,2.648427802042938
urn:mavedb:00000394-a-1#8,c.[3C>A;6T>G;21C>T;36T>C;42C>G;48C>T;54G>A;66G>A;75C>T;108G>C;111G>C;120A>G;123T>C;126C>T;129G>A;135C>T;141A>G;171T>G;174A>G;177G>A;180G>C],NA,p.Asp1Glu,0.3815569040434433,0.3657276972350345,0.4175953756939455,0.0451199506497177,-1.5239029,2.541917039533434,2.5203468210928706,2.591012622401937
urn:mavedb:00000394-a-1#9,c.[1G>A;6T>G;9G>A;12C>T;21C>T;36T>C;42C>G;54G>A;66G>A;69T>C;72C>T;120A>G;129G>A;141A>G],NA,p.Asp1Asn,0.4747997946794327,0.4536366676680051,0.5180999907240234,0.0372506201485508,-1.5266099,2.6725701604524144,2.6437524171868145,2.7315309595006085
urn:mavedb:00000394-a-1#10,c.[1G>C;6T>G;9G>A;15A>G;18C>T;30G>C;36T>C;42C>G;51C>T;54G>A;57T>G;66G>A;84C>T;102T>C;120A>G;126C>T;141A>G;165G>A;171T>G;174A>G;177G>A;180G>C],NA,p.Asp1His,0.4750278084118458,0.4561385983255916,0.511976895344037,0.042533884991026,-1.5255165,2.6714056917758127,2.645683761484388,2.721719313760896
urn:mavedb:00000394-a-1#11,c.[1G>C;2A>G;3C>T;21C>T;39C>T;42C>G;69T>C;72C>T;141A>G;165G>A;171T>G;177G>A;183A>G],NA,p.Asp1Arg,0.5969834907667819,0.5570118879652921,0.6458408367791844,0.0522422393188252,-1.5689716,2.895957020074002,2.841545336828711,2.9625048413362296
urn:mavedb:00000394-a-1#12,c.[1G>A;3C>A;6T>G;21C>T;36T>C;42C>G;60T>C;63G>C;66G>A;69T>C;72C>T;120A>G;129G>A;135C>T;141A>G;168G>A;174A>G],NA,p.Asp1Lys,0.5499486998335692,0.4844899981772292,0.6318050132298445,0.1217676943975386,-1.5352316,2.786513931123268,2.6973914234326584,2.8980246361997786
urn:mavedb:00000394-a-1#13,c.[1G>A;2A>C;12C>T;21C>T;36T>C;42C>G;120A>G;123T>C;126C>T;141A>G;165G>A;171T>G;174A>G;177G>A],NA,p.Asp1Thr,0.419411913008379,0.3387695464749826,0.4470633576735355,0.0567521677216391,-1.5284572,2.599638899764136,2.489767202128215,2.637294705644642
urn:mavedb:00000394-a-1#14,c.[1G>T;2A>C;3C>T;6T>G;21C>T;36T>C;42C>G;120A>G;123T>C;126C>T;141A>G;165G>A;171T>G;174A>G;177G>A],NA,p.Asp1Ser,0.438359311016868,0.4099055555417042,0.4571215641105383,0.062289734696504,-1.5287161,2.6257916445608247,2.5870413861390418,2.6513401605691835
urn:mavedb:00000394-a-1#15,c.[2A>C;3C>T;6T>G;9G>A;21C>T;36T>C;48C>T;54G>A;57T>G;72C>T;75C>T;120A>G;123T>C;129G>A;132C>T;135C>T;141A>G;165G>A;171T>G;174A>G;177G>A],NA,p.Asp1Ala,0.3662027568414082,0.3451065615437924,0.3950359741082803,0.0545280304614046,-1.5309043,2.530465611887566,2.501717417363193,2.569745197566977
urn:mavedb:00000394-a-1#16,c.[2A>G;3C>T;21C>T;36T>C;42C>G;69T>C;72C>T;120A>G;123T>C;126C>T;141A>G;171T>G;180G>C],NA,p.Asp1Gly,0.3591860202137145,0.3300591656094055,0.3779425385144587,0.0500937251486304,-1.5281391,2.517163416217892,2.477461966150451,2.5427210707272803
urn:mavedb:00000394-a-1#17,c.[1G>A;2A>T;3C>G;21C>T;36T>C;42C>G;51C>T;54G>A;60T>C;78C>T;120A>G;123T>C;147G>C;156T>C;171T>G;174A>G;177G>A;198G>T],NA,p.Asp1Met,0.4433129121626025,0.4161211154983329,0.4589558185878927,0.0553973839645359,-1.534699,2.640612841610761,2.603588080436475,2.661910408993641
urn:mavedb:00000394-a-1#18,c.[1G>C;2A>T;3C>G;12C>T;21C>T;36T>C;42C>G;72C>T;75C>T;120A>G;123T>C;126C>T;141A>G;171T>G;177G>A],NA,p.Asp1Leu,0.4163322132599347,0.3832314533320037,0.4775221729853323,0.0615070572472543,-1.5348387,2.604064218463979,2.558984260279201,2.687375583821302
urn:mavedb:00000394-a-1#19,c.[2A>T;3C>T;6T>G;21C>T;36T>C;42C>G;48C>T;69T>C;72C>T;120A>G;123T>C;135C>T;141A>G;165G>A;171T>G;174A>G;177G>A],NA,p.Asp1Val,0.3919091448428686,0.3690374663328863,0.408984046020341,0.0417579284556837,-1.5303059,2.564677254543724,2.533518556213308,2.587934206903922
urn:mavedb:00000394-a-1#20,c.[1G>A;2A>T;21C>T;36T>C;42C>G;51C>T;69T>C;72C>T;120A>G;123T>C;141A>G;171T>G],NA,p.Asp1Ile,0.5553455734858563,0.4829287341659456,0.5988080024594278,0.0969739465436226,-1.5330162,2.790880161899973,2.6922785352701304,2.8500802366009186
urn:mavedb:00000394-a-1#21,c.[1G>T;2A>G;3C>G;21C>T;36T>C;39C>T;51C>T;120A>G;123T>C;141A>G;168G>A;177G>A],NA,p.Asp1Trp,0.5418554744501943,0.5298013832944286,0.5675016016672642,0.0528241242759107,-1.5362983,2.776930120987924,2.7605176204243485,2.811853565626466
urn:mavedb:00000394-a-1#22,c.[1G>T;21C>T;36T>C;42C>G;51C>T;120A>G;123T>C;129G>A;141A>G;165G>A;171T>G;174A>G;177G>A],NA,p.Asp1Tyr,0.4574704343069984,0.4117264704917826,0.47491447825208,0.042867052247219,-1.5326338,2.657101612825284,2.5948139767836804,2.680851645468296
urn:mavedb:00000394-a-1#23,c.[1G>T;2A>T;15A>G;21C>T;36T>C;42C>G;51C>T;120A>G;123T>C;129G>A;141A>G;165G>A;171T>G;174A>G;177G>A],NA,p.Asp1Phe,0.4666618513717666,0.4444837779794414,0.4851784405052864,0.0571589828363205,-1.5359216,2.674050913041077,2.643857065235883,2.699259030585385
urn:mavedb:00000394-a-1#24,c.[1G>C;2A>C;3C>A;6T>G;9G>A;12C>T;21C>T;36T>C;42C>G;54G>A;66G>A;72C>T;75C>T;141A>G;168G>A;174A>G],NA,p.Asp1Pro,0.2219699127871208,0.1943447461359766,0.2666404042285798,0.054812076246141,-1.5274348,2.3289734415901107,2.2911996173864724,2.3899908744445844
urn:mavedb:00000394-a-1#25,c.[1G>T;2A>G;6T>G;9G>A;18C>T;21C>T;36T>C;42C>G;57T>G;69T>C;72C>T;120A>G;123T>C;126C>T;141A>G;171T>G;177G>A;183A>G],NA,p.Asp1Cys,0.6667617381142299,0.649559029061904,0.6943914388393744,0.0584495790711226,-1.5340686,2.944121606767547,2.92066333482985,2.981815518359946
urn:mavedb:00000394-a-1#26,c.[1_3delinsGGTGAC;21C>T;36T>C;42C>G;48C>T;102T>C;108G>C;120A>G;123T>C;141A>G;165G>A;171T>G;174A>G;177G>A;198G>T],NA,p.Asp1delinsGlyAsp,0.5275762559287647,0.4795865605631889,0.6080142872730069,0.07199359881245,-1.4995179,2.7079213493880494,2.6425349456324114,2.8175480823156214
urn:mavedb:00000394-a-1#27,c.[1_3delinsGCTGAC;9G>A;12C>T;21C>T;36T>C;42C>G;48C>T;69T>C;72C>T;123T>C;141A>G;171T>G;177G>A],NA,p.Asp1delinsAlaAsp,0.606641009947791,0.5773413137496756,0.6294475187009286,0.0801722345101276,-1.5026488,2.8198900312805706,2.7799532535777547,2.850985651784082
urn:mavedb:00000394-a-1#28,c.[1_3del;6T>G;9G>A;21C>T;36T>C;48C>T;57T>G;72C>T;75C>T;120A>G;123T>C;132C>T;141A>G;168G>A],NA,p.Asp1del,0.2151323736476409,0.193267335188407,0.246158766015134,0.0534896850986571,-1.5309043,2.324345540566657,2.294448729203958,2.366735687247861
urn:mavedb:00000394-a-1#29,c.[4G>C;5C>A;6T>G;21C>T;36T>C;42C>G;69T>C;72C>T;120A>G;123T>C;126C>T;141A>G;174A>G],NA,p.Ala2Gln,-0.8458295618383517,-0.8643773847942473,-0.823146905646461,0.0193563681905653,-1.5233331,0.7682497836022283,0.7366961964846611,0.8063559626679992
urn:mavedb:00000394-a-1#30,c.[5C>A;6T>A;12C>T;21C>T;36T>C;42C>G;51C>T;54G>A;57T>G;60T>C;66G>A;72C>T;75C>T;120A>G;123T>C;129G>A;141A>G;168G>A;174A>G],NA,p.Ala2Glu,-0.7050083918707412,-0.7276955994175777,-0.6838564800418007,0.0424046428103712,-1.5216603,0.9950117868290688,0.9590693266447006,1.0282194074946824
urn:mavedb:00000394-a-1#31,c.[4G>A;5C>A;21C>T;39C>T;51C>T;72C>T;75C>T;99G>C;111G>C;120A>G;135C>T;141A>G;165G>A;171T>G;174A>G;177G>A],NA,p.Ala2Asn,-0.8736045561469072,-0.9727528172365068,-0.7740037332079736,0.0619047049352854,-1.5229087,0.7201283290811129,0.5429947260744459,0.8865867681559322
urn:mavedb:00000394-a-1#32,c.[4G>C;5C>A;6T>C;18C>T;21C>T;36T>C;42C>G;48C>T;54G>A;84C>T;99G>C;111G>C;120A>G;123T>C;129G>A;141A>G;168G>A;174A>G],NA,p.Ala2His,-0.5084789383106595,-0.5168061900063873,-0.4986603540606067,0.0341352451062249,-1.5219822,1.2949624724581437,1.2826240665840318,1.309478321144028
urn:mavedb:00000394-a-1#33,c.[3C>T;5C>A;6T>C;21C>T;36T>C;48C>T;54G>A;72C>T;75C>T;120A>G;123T>C;126C>T;132C>T;135C>T;141A>G;165G>A;171T>G;174A>G;177G>A],NA,p.Ala2Asp,-0.9488850456278476,-0.9734247663665552,-0.9112180224068706,0.0288124604228876,-1.5214977,0.5843498618928622,0.5391178468847253,0.6520110103051986
urn:mavedb:00000394-a-1#34,c.[4G>C;5C>G;12C>T;15A>G;21C>T;36T>C;42C>G;48C>T;99G>C;120A>G;123T>C;135C>T;141A>G;165G>A;171T>G;174A>G;177G>A],NA,p.Ala2Arg,-0.9861572281423486,-1.011969533500967,-0.9389520166206938,0.0298514755338247,-1.524334,0.5205929719017679,0.4714458295047083,0.6075140790827143
urn:mavedb:00000394-a-1#35,c.[4G>A;5C>A;6T>A;21C>T;36T>C;42C>G;48C>T;120A>G;123T>C;141A>G;165G>A;171T>G;174A>G;177G>A;198G>T],NA,p.Ala2Lys,-1.0384227853301955,-1.065302220386135,-0.9980209380978008,0.0210708503972156,-1.5221066,0.4152905449793071,0.360992095896107,0.4939182926218202
urn:mavedb:00000394-a-1#36,c.[3C>T;4G>A;12C>T;21C>T;36T>C;42C>G;99G>C;141A>G;171T>G;174A>G;177G>A],NA,p.Ala2Thr,0.2140826154966753,0.1810235314737648,0.2571403336372707,0.0755528519103254,-1.5236745,2.3130768578952914,2.2678499226723208,2.371914196061098
urn:mavedb:00000394-a-1#37,c.[3C>T;4G>T;9G>A;21C>T;36T>C;42C>G;63G>C;120A>G;129G>A;141A>G;177G>A],NA,p.Ala2Ser,-0.231158595207329,-0.2542704065878359,-0.2198188376836926,0.0430784730481482,-1.5233078,1.6963614570566832,1.663732369667484,1.712337565163438
urn:mavedb:00000394-a-1#38,c.[5C>G;6T>C;9G>A;12C>T;18C>T;21C>T;36T>C;48C>T;69T>C;72C>T;123T>C;138T>C;141A>G;165G>A;171T>G;174A>G;177G>A;180G>C;198G>T;207T>C],NA,p.Ala2Gly,-0.5694742968770921,-0.5872594610738765,-0.53667258316916,0.0333582452532528,-1.5230427,1.205557662441341,1.1787418268431955,1.2546625924067414
urn:mavedb:00000394-a-1#39,c.[4G>A;5C>T;6T>G;21C>T;36T>C;42C>G;51C>T;72C>T;75C>T;120A>G;123T>C;141A>G;147G>C;153A>G;171T>G;174A>G;177G>A;180G>C],NA,p.Ala2Met,0.5546647639410938,0.4871023253668996,0.5954524196982307,0.0741566585806722,-1.5245953,2.7786133409407405,2.686605146860644,2.834177419319249
urn:mavedb:00000394-a-1#40,c.[4G>C;5C>T;6T>C;15A>G;21C>T;36T>C;42C>G;54G>A;63G>C;120A>G;123T>C;126C>T;141A>G;174A>G],NA,p.Ala2Leu,0.3382860871715155,0.3069969908164845,0.3647279350880031,0.0515541459649283,-1.5241985,2.4833419220885755,2.440672388897416,2.51938425743368
urn:mavedb:00000394-a-1#41,c.[5C>T;15A>G;21C>T;36T>C;42C>G;48C>T;72C>T;75C>T;102T>C;111G>C;120A>G;123T>C;135C>T;141A>G;165G>A;171T>G;174A>G;177G>A],NA,p.Ala2Val,0.8012303958652641,0.7632850991150373,0.8574761398512311,0.0893326327091325,-1.5237484,3.1139797884768816,3.0620621197763604,3.1910705741270133
urn:mavedb:00000394-a-1#42,c.[4G>A;5C>T;6T>C;21C>T;36T>C;42C>G;48C>T;72C>T;75C>T;120A>G;123T>C;129G>A;141A>G;165G>A;168G>A;174A>G],NA,p.Ala2Ile,1.1086778698173738,1.0805838483548509,1.1361521271710768,0.0502878409386156,-1.5243974,3.539166641946485,3.500020640613508,3.577547145236931
urn:mavedb:00000394-a-1#43,c.[4G>T;5C>G;6T>G;21C>T;36T>C;42C>G;69T>C;72C>T;120A>G;123T>C;126C>T;141A>G;174A>G],NA,p.Ala2Trp,0.409338505472518,0.3319325745415485,0.4503734746432649,0.0753409485730681,-1.525157,2.5814601959306107,2.475977540468208,2.637347726747731
urn:mavedb:00000394-a-1#44,c.[4G>T;5C>A;6T>C;21C>T;36T>C;42C>G;48C>T;120A>G;123T>C;141A>G;165G>A;171T>G;174A>G;177G>A;180G>C;198G>T],NA,p.Ala2Tyr,0.5760021769048578,0.5407578977766984,0.6689943571589366,0.0864354352346283,-1.5244331,2.8074598295689115,2.759453999482816,2.934216410973069
urn:mavedb:00000394-a-1#45,c.[4G>T;5C>T;6T>C;21C>T;36T>C;42C>G;51C>T;54G>A;60T>C;63G>C;78C>T;102T>C;120A>G;123T>C;132C>T;141A>G;156T>C;162G>C;165G>A;168G>A;171T>G;174A>G;177G>A],NA,p.Ala2Phe,0.868620535376043,0.8028593725758474,0.9539948857545116,0.078469587597176,-1.5255384,3.208766967747075,3.11861195602168,3.326226140815618
urn:mavedb:00000394-a-1#46,c.[4G>C;6T>A;9G>A;12C>T;21C>T;36T>C;42C>G;51C>T;72C>T;75C>T;120A>G;123T>C;129G>A;141A>G;165G>A;171T>G;177G>A;183A>G],NA,p.Ala2Pro,0.5907115724038101,0.4778799485753858,0.6614838318579802,0.2493416123070471,-1.5244884,2.827574062583967,2.673902644410729,2.924046292421384
urn:mavedb:00000394-a-1#47,c.[4G>T;5C>G;6T>C;21C>T;36T>C;42C>G;51C>T;120A>G;123T>C;141A>G;165G>A;171T>G;174A>G;177G>A;207T>C],NA,p.Ala2Cys,0.4833604879418929,0.4654637105373514,0.4985839325041052,0.0743012003926753,-1.5268254,2.6845175686821663,2.6601481875065804,2.705246622988145
urn:mavedb:00000394-a-1#48,c.[3_4insGGT;6T>G;21C>T;36T>C;42C>G;51C>T;84C>T;120A>G;123T>C;138T>C;141A>G;174A>G],NA,p.Asp1_Ala2insGly,0.5045594132476086,0.4915718756092428,0.5246710893760808,0.055722023830695,-1.4966679,2.6727161499199403,2.655019514400153,2.700120295567007
urn:mavedb:00000394-a-1#49,c.[3_4insGCG;21C>T;36T>C;42C>G;51C>T;63G>C;72C>T;75C>T;120A>G;123T>C;141A>G;165G>A;171T>G;174A>G;177G>A],NA,p.Asp1_Ala2insAla,0.4401851373215389,0.412434510551455,0.4655547166477873,0.0622727424038738,-1.4975982,2.5862519953544525,2.548428580576249,2.620823919099538
urn:mavedb:00000394-a-1#50,c.[4_6del;21C>T;30G>C;42C>G;72C>T;75C>T;120A>G;123T>C;126C>T;141A>G;165G>A;168G>A;171T>G;174A>G],NA,p.Ala2del,-1.0417184410902824,-1.0771534060511017,-1.009895461834795,0.0280191396853532,-1.5257196,0.4159201508114241,0.3439925940958319,0.4781055660044155
urn:mavedb:00000394-a-1#51,c.[6T>G;8C>A;21C>T;36T>C;42C>G;120A>G;123T>C;126C>T;138T>C;141A>G;174A>G],NA,p.Pro3Gln,-1.184635910568162,-1.2166755749600149,-1.1016340621106968,0.0434716643838876,-1.5228167,0.09543785717337,0.0136837972901307,0.2861630137116466
urn:mavedb:00000394-a-1#52,c.[6T>G;7C>G;8C>A;9G>A;21C>T;36T>C;42C>G;54G>A;120A>G;135C>T;138T>C;141A>G;165G>A;168G>A;174A>G],NA,p.Pro3Glu,-1.1999748353100332,-1.244576866909994,-1.1592208285047576,0.026749393700057,-1.5197554,0.0491619321105636,-0.0711306630786602,0.1494759656800433
urn:mavedb:00000394-a-1#53,c.[6T>G;7C>A;8C>A;9G>C;21C>T;36T>C;42C>G;78C>T;108G>C;120A>G;138T>C;141A>G;177G>A],NA,p.Pro3Asn,-0.989034781063422,-1.09551281034383,-0.8429669045881674,0.0614510597031657,-1.522388,0.5115029195041396,0.298361789203292,0.7714918056418202
urn:mavedb:00000394-a-1#54,c.[6T>G;8C>A;9G>T;12C>T;21C>T;36T>C;42C>G;123T>C;126C>T;171T>G;174A>G;177G>A],NA,p.Pro3His,-1.062768337258278,-1.1294099621818912,-0.9762182571698726,0.0366125145033189,-1.5213337,0.3646033328914046,0.2218522091126349,0.5335997693562192
urn:mavedb:00000394-a-1#55,c.[6T>G;7C>G;8C>A;9G>C;21C>T;36T>C;42C>G;120A>G;123T>C;126C>T;141A>G;171T>G;174A>G;177G>A],NA,p.Pro3Asp,-1.37926876484319,-1.4403966590827644,-1.2300895052701133,0.031860410252133,-1.519486,-0.5594838081245153,-0.9341442786459268,-0.0313927382649692
urn:mavedb:00000394-a-1#56,c.[8C>G;9G>T;21C>T;36T>C;51C>T;72C>T;75C>T;78C>T;120A>G;123T>C;141A>G;168G>A;171T>G;174A>G;177G>A],NA,p.Pro3Arg,-0.8322951172812398,-0.9141560124687148,-0.7782039211496136,0.0522096013374076,-1.5316706,0.8049974649295101,0.6647780876908412,0.8939892793364803
urn:mavedb:00000394-a-1#57,c.[6T>G;7C>A;8C>A;9G>A;21C>T;36T>C;42C>G;51C>T;108G>C;120A>G;123T>C;129G>A;138T>C;141A>G;153A>G;168G>A;171T>G;174A>G;180G>C],NA,p.Pro3Lys,-0.908599339144774,-0.9656941253827868,-0.8479600689669133,0.0568280986498929,-1.5231442,0.6595480856485846,0.5565161228423152,0.7643240733483971
urn:mavedb:00000394-a-1#58,c.[3C>T;6T>G;7C>A;9G>C;21C>T;36T>C;42C>G;72C>T;75C>T;78C>T;120A>G;141A>G;174A>G],NA,p.Pro3Thr,-0.9862803534354642,-1.0175602526622736,-0.915683480614422,0.033189506815061,-1.5231299,0.518096217976833,0.4582964865373821,0.6469896199837518
urn:mavedb:00000394-a-1#59,c.[7C>T;9G>T;21C>T;36T>C;42C>G;51C>T;120A>G;123T>C;144C>T;168G>A],NA,p.Pro3Ser,-1.0154977906649034,-1.0882805058481917,-0.9491451789345188,0.0352326624561927,-1.5227413,0.4615446138218025,0.3144694429232013,0.5861421571826436
urn:mavedb:00000394-a-1#60,c.[3C>T;6T>G;7C>G;9G>T;21C>T;36T>C;42C>G;48C>T;123T>C;141A>G;174A>G;198G>T],NA,p.Pro3Ala,-1.103500169810932,-1.147269515819331,-1.0700151210994182,0.0307186097403464,-1.5245099,0.285790404041418,0.1884663045054548,0.3562433845780178
urn:mavedb:00000394-a-1#61,c.[6T>G;7C>G;8C>G;9G>T;18C>T;21C>T;36T>C;42C>G;69T>C;72C>T;120A>G;126C>T;138T>C;141A>G;165G>A;171T>G;177G>A],NA,p.Pro3Gly,-1.0767001573651611,-1.1306304339893536,-0.9911732746994676,0.0461994987505405,-1.5229588,0.3392004995560853,0.2227606268292123,0.508539080323764
urn:mavedb:00000394-a-1#62,c.[6T>G;7C>A;8C>T;21C>T;36T>C;42C>G;51C>T;60T>C;66G>A;75C>T;78C>T;99G>C;132C>T;135C>T;141A>G;165G>A;171T>G;174A>G;177G>A],NA,p.Pro3Met,-1.0329934363700572,-1.0755972023878877,-0.9865411590778612,0.0339971749520256,-1.5260353,0.4338030089245059,0.3478703280527535,0.5230678895252251
urn:mavedb:00000394-a-1#63,c.[6T>G;8C>T;21C>T;39C>T;42C>G;51C>T;69T>C;72C>T;120A>G;123T>C;165G>A;168G>A;177G>A],NA,p.Pro3Leu,-1.0188390796106668,-1.0524984165000706,-0.9668425589452592,0.035120129577771,-1.5246396,0.4587441987728292,0.3921827730830749,0.5571564438935339
urn:mavedb:00000394-a-1#64,c.[3C>T;6T>G;7C>G;8C>T;9G>T;21C>T;36T>C;42C>G;120A>G;123T>C;126C>T;141A>G;165G>A;171T>G;174A>G;177G>A],NA,p.Pro3Val,-1.0943775752479556,-1.1419423525572967,-1.0507597647556508,0.0498509093801888,-1.5242691,0.3047861228074222,0.2001210938965166,0.3949378659730813
urn:mavedb:00000394-a-1#65,c.[7C>A;8C>T;9G>C;21C>T;36T>C;42C>G;48C>T;120A>G;123T>C;129G>A;150C>T;171T>G;174A>G;177G>A],NA,p.Pro3Ile,-1.0341370009787356,-1.1618448623325386,-0.9820852721093158,0.0632493940840791,-1.5258951,0.4312745559097881,0.1577737899677985,0.5311569475772907
urn:mavedb:00000394-a-1#66,c.[6T>G;7C>T;8C>G;21C>T;36T>C;42C>G;48C>T;120A>G;123T>C;165G>A;171T>G;174A>G;177G>A;198G>T],NA,p.Pro3Trp,-1.0321773073481164,-1.0958363133489328,-0.9683694604288078,0.036391351701842,-1.527617,0.4385157107489024,0.3087955766071978,0.5598326942343975
urn:mavedb:00000394-a-1#67,c.[6T>G;7C>T;8C>A;9G>C;21C>T;30G>C;39C>T;42C>G;48C>T;120A>G;123T>C;126C>T;165G>A;168G>A;174A>G],NA,p.Pro3Tyr,-0.9507059365830162,-1.003568472492136,-0.9059597170945516,0.0397714127589495,-1.526339,0.5898491576275744,0.4914082238160145,0.6698193841696239
urn:mavedb:00000394-a-1#68,c.[6T>G;7C>T;8C>T;9G>T;18C>T;27G>A;36T>C;39C>T;108G>C;120A>G;123T>C;126C>T;141A>G;165G>A;168G>A;171T>G;174A>G;177G>A],NA,p.Pro3Phe,-1.04570747080753,-1.088954315505113,-0.9795655711532568,0.0428001403815432,-1.5280437,0.4126062583233765,0.3242159176863268,0.5398697910125333
urn:mavedb:00000394-a-1#69,c.[6T>G;7C>T;8C>G;9G>C;21C>T;36T>C;42C>G;105C>T;111G>C;120A>G;141A>G;168G>A;171T>G;174A>G;180G>C],NA,p.Pro3Cys,-0.298197906876447,-0.3138286954288737,-0.2702261767985357,0.0411620606578078,-1.5273905,1.6072424035254316,1.5850007457288258,1.646923843077067
urn:mavedb:00000394-a-1#70,c.[6delinsGGGT;9G>A;21C>T;36T>C;42C>G;57T>G;69T>C;72C>T;120A>G;123T>C;126C>T;141A>G;165G>A;171T>G],NA,p.Ala2_Pro3insGly,-0.3630870329971704,-0.3831541870348314,-0.3420967356008059,0.0364250592093157,-1.496355,1.4699490801633344,1.4409310341904342,1.5001903256952192
urn:mavedb:00000394-a-1#71,c.[6delinsGGCT;21C>T;36T>C;42C>G;120A>G;126C>T;138T>C;141A>G;165G>A;168G>A],NA,p.Ala2_Pro3insAla,0.4611636624359947,0.4328015458747707,0.4866842095297303,0.0494802028955345,-1.4975982,2.614840402335573,2.5761891564163064,2.6496150479047613
urn:mavedb:00000394-a-1#72,c.[6T>G;7_9del;21C>T;36T>C;42C>G;51C>T;54G>A;99G>C;120A>G;123T>C;129G>A;141A>G;156T>C;171T>G;174A>G;177G>A;180G>C;198G>T;207T>C],NA,p.Pro3del,-1.2979161180161611,-1.3507931228437429,-1.2471435326528544,0.0389134015289783,-1.5266757,-0.2122735226367425,-0.4027800669553682,-0.0588123705835295
urn:mavedb:00000394-a-1#73,c.[3C>T;6T>G;10G>C;12C>G;18C>T;21C>T;36T>C;42C>G;48C>T;72C>T;75C>T;102T>C;111G>C;120A>G;123T>C;141A>G;165G>A;171T>G;174A>G;177G>A;180G>C;198G>T],NA,p.Asp4Gln,0.7821778603405325,0.7405006848484189,0.819804595088509,0.0696025755432318,-1.534554,3.102405076958912,3.0454268033566967,3.153914531872367
urn:mavedb:00000394-a-1#74,c.[3C>T;12C>A;21C>T;36T>C;42C>G;48C>T;120A>G;123T>C;165G>A;168G>A;171T>G;174A>G;198G>T],NA,p.Asp4Glu,0.4433833789885777,0.4227215666578396,0.4698770153080356,0.0470809377775845,-1.5248966,2.6274769347313724,2.599337102732849,2.6635554901538048
urn:mavedb:00000394-a-1#75,c.[6T>G;10G>A;21C>T;36T>C;42C>G;54G>A;99G>C;111G>C;120A>G;141A>G;153A>G;171T>G;174A>G;177G>A;180G>C],NA,p.Asp4Asn,0.3992071571152366,0.3739967825230155,0.4576311016442247,0.0713034507927933,-1.5321946,2.577170294098884,2.542829571415437,2.6567277502349915
urn:mavedb:00000394-a-1#76,c.[10G>C;21C>T;36T>C;42C>G;48C>T;120A>G;123T>C;129G>A;153A>G;165G>A;168G>A;174A>G],NA,p.Asp4His,0.6684300227519252,0.5594505262975964,0.7246419689024738,0.0811665216561214,-1.530983,2.9422500294499043,2.7937329823138666,3.018968673181808
urn:mavedb:00000394-a-1#77,c.[6T>G;9G>A;10G>C;11A>G;12C>T;21C>T;36T>C;42C>G;72C>T;75C>T;120A>G;138T>C;141A>G;153A>G;171T>G],NA,p.Asp4Arg,1.0265598507552272,0.9289163295982392,1.0839184046928771,0.0829484687913959,-1.5637236,3.477663267951995,3.342835396641666,3.5573060773805643
urn:mavedb:00000394-a-1#78,c.[6T>G;9G>A;10G>A;12C>A;15A>G;18C>T;21C>T;36T>C;42C>G;48C>T;54G>A;60T>C;72C>T;75C>T;87T>C;90T>C;99G>C;102T>C;105C>T;120A>G;123T>C;129G>A;141A>G;165G>A;171T>G;174A>G;177G>A],NA,p.Asp4Lys,1.122022555645319,0.9212525079768672,1.245472688389616,0.0802988969240798,-1.539135,3.577521920429944,3.2993381857345057,3.751099058719533
urn:mavedb:00000394-a-1#79,c.[6T>G;10G>A;11A>C;15A>G;21C>T;36T>C;42C>G;102T>C;111G>C;120A>G;126C>T;141A>G;165G>A;171T>G;174A>G;177G>A],NA,p.Asp4Thr,0.5421341211487262,0.4292432805250682,0.653631846431928,0.0927359725168904,-1.5333195,2.773297742019858,2.619593521749823,2.9252095430743967
urn:mavedb:00000394-a-1#80,c.[3C>T;6T>G;9G>A;10G>T;11A>C;12C>T;21C>T;36T>C;42C>G;48C>T;63G>C;72C>T;75C>T;123T>C;129G>A;141A>G;168G>A;174A>G;180G>C],NA,p.Asp4Ser,0.657397164238049,0.629819761376509,0.7184264761630318,0.0561262240174673,-1.5316219,2.92806199062464,2.890464713265866,3.011338706235719
urn:mavedb:00000394-a-1#81,c.[6T>G;9G>A;11A>C;12C>T;21C>T;36T>C;42C>G;51C>T;120A>G;123T>C;138T>C;141A>G;171T>G;174A>G;177G>A;180G>C;198G>T;207T>C],NA,p.Asp4Ala,0.9054004095332238,0.8366489193626885,0.9506462938327406,0.0794740915861166,-1.53375,3.2703120360416844,3.175919225178914,3.332611754221264
urn:mavedb:00000394-a-1#82,c.[3C>T;11A>G;12C>T;15A>G;21C>T;36T>C;39C>T;42C>G;48C>T;54G>A;57T>G;72C>T;75C>T;102T>C;111G>C;120A>G;123T>C;135C>T;141A>G;165G>A;171T>G;174A>G;177G>A],NA,p.Asp4Gly,0.38081499859418,0.3469130404832652,0.4403579586835775,0.0762009384687899,-1.5327263,2.5528368692404046,2.5066453549675605,2.6339267771305743
urn:mavedb:00000394-a-1#83,c.[6T>G;10G>A;11A>T;12C>G;15A>G;21C>T;36T>C;42C>G;48C>T;120A>G;123T>C;138T>C;141A>G;165G>A;171T>G;174A>G;183A>G],NA,p.Asp4Met,0.7856764963906782,0.7510950798581693,0.8149271064881503,0.0629206401178076,-1.544138,3.1200519274641496,3.07276919585391,3.160089702174231
urn:mavedb:00000394-a-1#84,c.[10G>C;11A>T;12C>G;18C>T;21C>T;36T>C;42C>G;48C>T;72C>T;75C>T;120A>G;123T>C;138T>C;141A>G;174A>G],NA,p.Asp4Leu,0.7987082950950543,0.7384485299728385,0.8350058426125583,0.0817540740445516,-1.5406408,3.1331924858649343,3.050795280174825,3.1829087706524706
urn:mavedb:00000394-a-1#85,c.[11A>T;12C>G;15A>G;36T>C;42C>G;51C>T;72C>T;75C>T;102T>C;111G>C;120A>G;123T>C;135C>T;138T>C;141A>G;165G>A;171T>G;174A>G;177G>A],NA,p.Asp4Val,0.7971793015851347,0.7283177842043913,0.8323134297981172,0.0759496901899136,-1.5364466,3.1254724090858086,3.031325884913336,3.1735932685999084
urn:mavedb:00000394-a-1#86,c.[6T>G;10G>A;11A>T;21C>T;36T>C;42C>G;123T>C;126C>T;141A>G;147G>C;153A>G;165G>A;171T>G;174A>G;198G>T],NA,p.Asp4Ile,0.8304539596365151,0.805525147592467,0.8529983499215218,0.0608404008699743,-1.5403304,3.176253918523244,3.142107781287213,3.207163637942191
urn:mavedb:00000394-a-1#87,c.[3C>T;10G>T;11A>G;12C>G;18C>T;21C>T;36T>C;42C>G;51C>T;120A>G;123T>C;129G>A;141A>G;165G>A;171T>G;174A>G;177G>A],NA,p.Asp4Trp,0.5572405554637188,0.4676126879811941,0.5903758586555495,0.0701227135115564,-1.546474,2.811578629648239,2.6895775642500186,2.8566998424839136
urn:mavedb:00000394-a-1#88,c.[6T>G;10G>T;21C>T;36T>C;42C>G;48C>T;54G>A;66G>A;69T>C;72C>T;120A>G;123T>C;129G>A;138T>C;141A>G;174A>G],NA,p.Asp4Tyr,0.5381289463265034,0.4929868383324803,0.5629133025487804,0.0575883890713203,-1.5433207,2.7813135177073693,2.71986324250356,2.8150579915861527
urn:mavedb:00000394-a-1#89,c.[6T>G;10G>T;11A>T;21C>T;27G>A;42C>G;99G>C;105C>T;108G>C;111G>C;120A>G;123T>C;126C>T;129G>A;174A>G],NA,p.Asp4Phe,0.560903185481089,0.5344350017864509,0.5910180597462947,0.0410365192542805,-1.5472894,2.8176629544083145,2.7816292991313207,2.858671453081276
urn:mavedb:00000394-a-1#90,c.[3C>T;6T>G;9G>A;10G>C;11A>C;12C>A;21C>T;36T>C;42C>G;51C>T;72C>T;75C>T;120A>G;126C>T;135C>T;141A>G;165G>A;171T>G;174A>G;177G>A],NA,p.Asp4Pro,0.8431117377262719,0.7922131988474784,0.925955292503514,0.0634405693442869,-1.5315447,3.1818223538805124,3.11209822431412,3.295639571548512
urn:mavedb:00000394-a-1#91,c.[6T>G;10G>T;11A>G;21C>T;36T>C;42C>G;72C>T;75C>T;120A>G;123T>C;126C>T;141A>G;165G>A;171T>G;174A>G;177G>A;207T>C],NA,p.Asp4Cys,0.7905612196083314,0.7581436061740863,0.8080453576228297,0.089660025003338,-1.5407324,3.1221657239959564,3.0778312786962214,3.146097634401797
urn:mavedb:00000394-a-1#92,c.[6T>G;9delinsAGGT;12C>T;21C>T;36T>C;42C>G;48C>T;51C>T;54G>A;60T>C;63G>C;72C>T;75C>T;84C>T;87T>C;120A>G;123T>C;129G>A;138T>C;141A>G;165G>A;171T>G;174A>G;180G>C],NA,p.Pro3_Asp4insGly,-0.7569568932275258,-0.8538097169679774,-0.6923391171354444,0.0590411500853125,-1.4954782,0.8696788883853919,0.7069611443663694,0.9736676849498777
urn:mavedb:00000394-a-1#93,c.[9_10insGCG;21C>T;36T>C;42C>G;54G>A;72C>T;75C>T;120A>G;165G>A;171T>G;174A>G;177G>A],NA,p.Pro3_Asp4insAla,-0.826470623367467,-0.8429078505739587,-0.8001321637853334,0.0367068376810958,-1.4967403,0.7560034225864968,0.7279301799081764,0.8003958730812778
urn:mavedb:00000394-a-1#94,c.[6T>G;9G>A;10_12del;15A>G;21C>T;36T>C;42C>G;120A>G;123T>C;126C>T;141A>G;174A>G],NA,p.Asp4del,-1.1870164114871171,-1.243192202859464,-1.1303661806704108,0.0371284802910227,-1.5363464,0.1226671976592927,-0.0211257399514564,0.2530929171468472
urn:mavedb:00000394-a-1#95,c.[12C>T;13G>C;15A>G;36T>C;42C>G;108G>C;120A>G;123T>C;126C>T;141A>G;165G>A;171T>G;174A>G;177G>A;180G>C],NA,p.Glu5Gln,0.1531362442036736,0.0928552248408689,0.2000189287585442,0.0556810521973601,-1.5339112,2.2436190858130325,2.160958824419029,2.307774095671642
urn:mavedb:00000394-a-1#96,c.[6T>G;9G>A;13G>A;15A>C;21C>T;36T>C;42C>G;69T>C;72C>T;120A>G;123T>C;126C>T;141A>G;165G>A;171T>G;174A>G;177G>A],NA,p.Glu5Asn,0.3314228875620176,0.2728087576770568,0.3877145502532924,0.0901458548399617,-1.5285325,2.479853936559429,2.399900562602625,2.5565660316196683
urn:mavedb:00000394-a-1#97,c.[3C>T;6T>G;13G>C;15A>C;21C>T;36T>C;42C>G;72C>T;75C>T;78C>T;120A>G;141A>G],NA,p.Glu5His,0.5885943480930452,0.5595664624993925,0.6227484840682874,0.0395846050083925,-1.5283318,2.8298619606881763,2.790321134937064,2.876401838831704
urn:mavedb:00000394-a-1#98,c.[15A>C;21C>T;36T>C;42C>G;120A>G;126C>T;138T>C;141A>G;153A>G;165G>A;168G>A;177G>A;180G>C],NA,p.Glu5Asp,-0.105936396681863,-0.1257536521769083,-0.0698942687224612,0.0690166338799656,-1.5216451,1.8694081917364145,1.8417957352932524,1.9195085719658624
urn:mavedb:00000394-a-1#99,c.[13G>C;14A>G;15A>T;21C>T;36T>C;42C>G;87T>C;120A>G;123T>C;126C>T;141A>G;165G>A;171T>G;174A>G;177G>A],NA,p.Glu5Arg,0.4757128821925986,0.4442541544159441,0.4974091834756879,0.061705694013819,-1.5409999,2.6932211958074235,2.650397821614645,2.7227548406561315
urn:mavedb:00000394-a-1#100,c.[13G>A;21C>T;36T>C;42C>G;48C>T;120A>G;123T>C;138T>C;141A>G;165G>A;171T>G;174A>G;177G>A;198G>T;207T>C],NA,p.Glu5Lys,0.3727270438993883,0.3484958810040574,0.4043737170551122,0.0471996958670394,-1.5316033,2.540300089690615,2.507282669804116,2.5834080495305978
urn:mavedb:00000394-a-1#101,c.[9G>A;13G>A;14A>C;15A>C;21C>T;36T>C;39C>T;48C>T;60T>C;72C>T;75C>T;120A>G;123T>C;132C>T;141A>G;165G>A;168G>A;171T>G;174A>G],NA,p.Glu5Thr,0.0018933896601949,-0.0185966618651773,0.030368561794626,0.0316274011215006,-1.5344172,2.036466567577664,2.008176928089774,2.075722040124558
urn:mavedb:00000394-a-1#102,c.[13G>T;14A>C;15A>C;21C>T;36T>C;51C>T;69T>C;72C>T;120A>G;123T>C;165G>A;171T>G;174A>G;177G>A;198G>T],NA,p.Glu5Ser,0.1990153343350135,0.1549937071767953,0.2237800931414131,0.0355821846124795,-1.5346808,2.3074489759464782,2.2472121708179635,2.3412977669750066
urn:mavedb:00000394-a-1#103,c.[9G>A;12C>T;14A>C;15A>T;21C>T;36T>C;39C>T;42C>G;48C>T;54G>A;66G>A;69T>C;120A>G;123T>C;132C>T;141A>G;144C>T;174A>G],NA,p.Glu5Ala,0.2125276735294745,0.1818072066114947,0.2572196553893851,0.0533171476037028,-1.5360851,2.327830507551174,2.2858252822088856,2.38887197880488
urn:mavedb:00000394-a-1#104,c.[3C>T;6T>G;14A>G;15A>T;21C>T;36T>C;42C>G;72C>T;75C>T;120A>G;123T>C;126C>T;129G>A;171T>G;174A>G;177G>A],NA,p.Glu5Gly,-0.0852576619651254,-0.1057862858439742,-0.0646743064108505,0.0404219788254697,-1.5302124,1.9100427767179848,1.8815108339385576,1.938603932028028
urn:mavedb:00000394-a-1#105,c.[3C>T;6T>G;9G>A;13G>A;14A>T;15A>G;21C>T;36T>C;42C>G;51C>T;72C>T;75C>T;120A>G;123T>C;141A>G;165G>A;171T>G;174A>G;177G>A],NA,p.Glu5Met,0.2956648623114006,0.275059516671919,0.3435709458792511,0.0623576246330766,-1.5404773,2.4472806049398943,2.4191760415390315,2.512580290625486
urn:mavedb:00000394-a-1#106,c.[3C>T;13G>C;14A>T;15A>C;21C>T;39C>T;42C>G;150C>T;153A>G;156T>C;165G>A;168G>A;171T>G;174A>G;177G>A],NA,p.Glu5Leu,0.1241912070074749,0.0938101439519592,0.1412207353919321,0.0362894699325448,-1.5364633,2.207439119910256,2.1657602893700028,2.2307779581859464
urn:mavedb:00000394-a-1#107,c.[3C>T;6T>G;14A>T;15A>T;21C>T;36T>C;42C>G;54G>A;63G>C;105C>T;120A>G;123T>C;126C>T;141A>G;165G>A;168G>A;174A>G],NA,p.Glu5Val,0.0869185717045144,0.0605446000748029,0.1077697058702706,0.0581533764037842,-1.5321522,2.150399456131592,2.114149354833096,2.179026087887955
urn:mavedb:00000394-a-1#108,c.[3C>T;6T>G;13G>A;14A>T;15A>C;18C>T;36T>C;51C>T;69T>C;72C>T;120A>G;123T>C;165G>A;171T>G;174A>G;177G>A;198G>T],NA,p.Glu5Ile,0.2475646965657294,0.2274627402066909,0.2823443296857824,0.0409337453531391,-1.5307574,2.368456192723424,2.340996820176747,2.4159321389609736
urn:mavedb:00000394-a-1#109,c.[3C>T;6T>G;13G>T;14A>G;15A>G;21C>T;36T>C;42C>G;102T>C;114C>T;120A>G;129G>A;138T>C;141A>G;165G>A;171T>G;174A>G;177G>A],NA,p.Glu5Trp,0.3677912249768,0.3429747236910411,0.3868844283469785,0.0434575978407135,-1.5405488,2.545673028963046,2.511864656138689,2.571677567164252
urn:mavedb:00000394-a-1#110,c.[12C>T;13G>T;15A>T;21C>T;36T>C;42C>G;48C>T;54G>A;63G>C;75C>T;87T>C;123T>C;141A>G;156T>C;165G>A;171T>G;174A>G;177G>A;198G>T;207T>C],NA,p.Glu5Tyr,0.3436968405239149,0.3170661846710222,0.3855227593330653,0.0471250576075801,-1.5350227,2.50537022839659,2.469071017230265,2.5623539515698748
urn:mavedb:00000394-a-1#111,c.[13G>T;14A>T;15A>C;21C>T;48C>T;120A>G;123T>C;141A>G;162G>C;165G>A;168G>A;177G>A;180G>C],NA,p.Glu5Phe,0.2134167255461974,0.1534287956287045,0.245404533415162,0.1014233326972128,-1.5373635,2.33078374522617,2.248726604884664,2.374477630378009
urn:mavedb:00000394-a-1#112,c.[9G>A;12C>T;13G>C;14A>C;15A>G;18C>T;21C>T;36T>C;42C>G;48C>T;69T>C;72C>T;120A>G;123T>C;129G>A;147G>C;156T>C;165G>A;171T>G;174A>G;177G>A],NA,p.Glu5Pro,-0.3224738506801003,-0.360802557957077,-0.2675620340266244,0.0403744885015743,-1.5289574,1.574909021639525,1.5200893265031414,1.652909622384746
urn:mavedb:00000394-a-1#113,c.[6T>G;9G>A;13G>T;14A>G;15A>C;21C>T;36T>C;42C>G;48C>T;57T>G;69T>C;72C>T;78C>T;120A>G;123T>C;141A>G;171T>G;177G>A;192C>T],NA,p.Glu5Cys,0.3728962875206649,0.3395182731725154,0.3836506528277338,0.0884409472612839,-1.536583,2.547264472588531,2.50178751793262,2.561913156027564
urn:mavedb:00000394-a-1#114,c.[3C>T;6T>G;12_13insGGT;18C>T;21C>T;36T>C;42C>G;141A>G;165G>A;168G>A;174A>G],NA,p.Asp4_Glu5insGly,-1.0494526071205446,-1.095071569893942,-1.0092592500262814,0.0316305255487566,-1.4958572,0.339513980114144,0.2416372458682915,0.4210870375599134
urn:mavedb:00000394-a-1#115,c.[12_13insGCT;21C>T;36T>C;42C>G;72C>T;75C>T;120A>G;141A>G;171T>G;174A>G;177G>A],NA,p.Asp4_Glu5insAla,-0.7526776918563991,-0.7774579795211198,-0.7067902787171279,0.028118712699746,-1.4959373,0.8774142141974802,0.836746476657502,0.9514120983174854
urn:mavedb:00000394-a-1#116,c.[9G>A;13_15del;21C>T;36T>C;42C>G;48C>T;54G>A;60T>C;69T>C;72C>T;120A>G;123T>C;129G>A;141A>G;165G>A;171T>G;174A>G;177G>A],NA,p.Glu5del,-1.2217206970060104,-1.2494412320166115,-1.18275008865911,0.0316890343464256,-1.5334682,0.0283918072326918,-0.0462371557290792,0.1260186388172496
urn:mavedb:00000394-a-1#117,c.[3C>T;6T>G;12C>T;16T>C;17T>A;18C>A;21C>T;36T>C;42C>G;51C>T;72C>T;75C>T;102T>C;111G>C;120A>G;123T>C;141A>G;165G>A;171T>G;174A>G;177G>A;198G>T],NA,p.Phe6Gln,-1.49050214246847,-1.578984063314356,-1.420621075500422,0.0332008651761058,-1.5191302,-1.5579339591516486,-25.0,-0.7933808089231794
urn:mavedb:00000394-a-1#118,c.[3C>T;6T>G;16T>G;17T>A;18C>A;21C>T;36T>C;42C>G;48C>T;120A>G;123T>C;165G>A;171T>G;174A>G;183A>G;195G>A;207T>C],NA,p.Phe6Glu,-1.4789759584409392,-1.522241136621468,-1.4102283775834428,0.0345922656434413,-1.5155482,-1.4105179699932042,-25.0,-0.7498791403721338
urn:mavedb:00000394-a-1#119,c.[3C>T;6T>G;16T>A;17T>A;21C>T;36T>C;42C>G;69T>C;72C>T;102T>C;120A>G;141A>G;165G>A;171T>G;177G>A;183A>G;198G>T;207T>C],NA,p.Phe6Asn,-1.41829094802023,-1.4764504605799915,-1.3585703695518083,0.0304892807707322,-1.5170994,-0.7914132952626516,-1.346458803044249,-0.4753608119564078
urn:mavedb:00000394-a-1#120,c.[12C>T;16T>C;17T>A;21C>T;36T>C;42C>G;120A>G;123T>C;126C>T;141A>G;171T>G;174A>G;198G>T],NA,p.Phe6His,-1.2808816535467495,-1.3686138295916204,-1.2411537030378232,0.0320157452194316,-1.5165601,-0.1899578523028781,-0.5229153578394441,-0.0704816371298142
urn:mavedb:00000394-a-1#121,c.[16T>G;17T>A;36T>C;42C>G;48C>T;54G>A;69T>C;72C>T;120A>G;123T>C;129G>A;138T>C;141A>G;147G>C;168G>A;177G>A],NA,p.Phe6Asp,-1.257604931578274,-1.3305688528786763,-1.147020452416345,0.0365878048390844,-1.5141544,-0.1254918151288394,-0.3724175233254723,0.1650151044595563
urn:mavedb:00000394-a-1#122,c.[6T>G;9G>A;16T>C;17T>G;18C>T;21C>T;57T>G;72C>T;75C>T;120A>G;123T>C;126C>T;174A>G],NA,p.Phe6Arg,-1.3575836957717464,-1.4212599672285695,-1.2985806814599103,0.0337243065899956,-1.5467305,-0.3511356153679509,-0.6342899433054756,-0.1509574741371015
urn:mavedb:00000394-a-1#123,c.[3C>T;6T>G;16T>A;17T>A;18C>A;21C>T;36T>C;39C>T;51C>T;120A>G;132C>T;141A>G;168G>A;174A>G],NA,p.Phe6Lys,-1.3586027463547188,-1.398235154023995,-1.3311145515449665,0.0241037581322308,-1.5225506,-0.4520248214764105,-0.6404586167320484,-0.3425130354093539
urn:mavedb:00000394-a-1#124,c.[16T>A;17T>C;21C>T;39C>T;42C>G;48C>T;120A>G;123T>C;141A>G;165G>A;168G>A;177G>A],NA,p.Phe6Thr,-1.3470694396160376,-1.4349468394316882,-1.3021288041214245,0.0378341214774436,-1.5202255,-0.4137831309828676,-0.8861794880094401,-0.2476875621732455
urn:mavedb:00000394-a-1#125,c.[3C>T;6T>G;17T>C;18C>T;21C>T;36T>C;42C>G;48C>T;69T>C;72C>T;120A>G;123T>C;138T>C;141A>G;174A>G;198G>T],NA,p.Phe6Ser,-1.3960784784369582,-1.4879402182684676,-1.3368348723054306,0.0375892576626245,-1.5208182,-0.6381853121771623,-1.4747810019629628,-0.3708791098828949
urn:mavedb:00000394-a-1#126,c.[16T>G;17T>C;18C>T;21C>T;36T>C;42C>G;51C>T;120A>G;123T>C;165G>A;171T>G;174A>G;177G>A;198G>T],NA,p.Phe6Ala,-1.4185304038127124,-1.4732416651845943,-1.2995435399071351,0.0418751380562906,-1.5232544,-0.7535849262204227,-1.2198600678185445,-0.2288804957075456
urn:mavedb:00000394-a-1#127,c.[9G>A;12C>T;16T>G;17T>G;18C>T;21C>T;36T>C;42C>G;48C>T;72C>T;75C>T;120A>G;123T>C;126C>T;141A>G;144C>T;165G>A;171T>G;174A>G;177G>A],NA,p.Phe6Gly,-1.4120823790207844,-1.4711219371120985,-1.3656837472089165,0.0275328014222354,-1.5188131,-0.7411807364620341,-1.2490073525881302,-0.4992826530240533
urn:mavedb:00000394-a-1#128,c.[9G>A;15A>G;16T>A;18C>G;21C>T;36T>C;42C>G;48C>T;69T>C;72C>T;120A>G;123T>C;135C>T;141A>G;165G>A;171T>G;174A>G;177G>A],NA,p.Phe6Met,-0.720105320651605,-0.7293809257946193,-0.7095993863805711,0.0274578315000682,-1.5228138,0.9729620859725082,0.958221644108251,0.9895870926808544
urn:mavedb:00000394-a-1#129,c.[3C>T;6T>G;16T>C;18C>G;21C>T;36T>C;42C>G;51C>T;57T>G;63G>C;66G>A;69T>C;72C>T;75C>T;99G>C;120A>G;123T>C;141A>G;165G>A;168G>A;171T>G;174A>G;177G>A],NA,p.Phe6Leu,-0.8943908857871573,-0.957280624553274,-0.8445603756677397,0.0527617908298155,-1.5209789,0.680706678320797,0.5680306208292876,0.7664154058745253
urn:mavedb:00000394-a-1#130,c.[9G>A;15A>G;16T>G;18C>G;21C>T;36T>C;51C>T;60T>C;78C>T;90T>C;120A>G;123T>C;129G>A;135C>T;141A>G;165G>A;171T>G;174A>G;177G>A],NA,p.Phe6Val,-1.3840140336829765,-1.4733315089398316,-1.2839509469887511,0.0403348756881902,-1.5198612,-0.5809212758725357,-1.2640974429320777,-0.189219610755635
urn:mavedb:00000394-a-1#131,c.[3C>T;6T>G;16T>A;21C>T;36T>C;42C>G;66G>A;72C>T;75C>T;120A>G;123T>C;126C>T;174A>G],NA,p.Phe6Ile,-1.3044190091550771,-1.374529080911571,-1.1569254912641358,0.0359891461747015,-1.5193362,-0.2585045573095125,-0.5375691003754227,0.1539116007803445
urn:mavedb:00000394-a-1#132,c.[3C>T;6T>G;9G>A;15A>G;17T>G;18C>G;21C>T;36T>C;42C>G;63G>C;69T>C;72C>T;120A>G;123T>C;126C>T;141A>G;165G>A;171T>G;174A>G;177G>A],NA,p.Phe6Trp,-0.2231549802383894,-0.2437520390756497,-0.1875032487565588,0.0532150235435228,-1.527853,1.7140281393089452,1.6849984855891142,1.764114719392442
urn:mavedb:00000394-a-1#133,c.[17T>A;21C>T;36T>C;42C>G;48C>T;54G>A;66G>A;72C>T;75C>T;120A>G;123T>C;129G>A;141A>G;144C>T;165G>A;171T>G;174A>G;177G>A],NA,p.Phe6Tyr,0.107762217142148,0.0659289030729981,0.1290067197098591,0.0680400014993656,-1.5229092,2.166379141074715,2.1088867589279783,2.195532749425352
urn:mavedb:00000394-a-1#134,c.[6T>G;9G>A;16T>C;17T>C;18C>G;21C>T;36T>C;42C>G;60T>C;63G>C;72C>T;75C>T;123T>C;126C>T;141A>G;180G>C],NA,p.Phe6Pro,-0.2462222770327597,-0.3173071351945394,-0.0736091822303978,0.1493513269246818,-1.52073,1.6714699476597945,1.5705599953467,1.913084083308528
urn:mavedb:00000394-a-1#135,c.[17T>G;18C>T;21C>T;42C>G;48C>T;78C>T;87T>C;120A>G;123T>C;126C>T;141A>G;165G>A;171T>G;174A>G;177G>A],NA,p.Phe6Cys,-0.7771795936057306,-0.8150933149908696,-0.6913158740914085,0.0471315753196131,-1.5240455,0.8832688590350605,0.820948218734399,1.020276627219041
urn:mavedb:00000394-a-1#136,c.[9G>A;15_16insGGT;21C>T;36T>C;42C>G;51C>T;57T>G;105C>T;120A>G;123T>C;129G>A;165G>A;171T>G;174A>G;177G>A],NA,p.Glu5_Phe6insGly,-0.92821159623615,-0.9585167798557248,-0.9156877027631368,0.0249849000075486,-1.4958124,0.5752024048160466,0.5189481948495681,0.5980201607512624
urn:mavedb:00000394-a-1#137,c.[3C>T;6T>G;15_16insGCT;18C>T;21C>T;36T>C;42C>G;69T>C;72C>T;120A>G;135C>T;141A>G;177G>A],NA,p.Glu5_Phe6insAla,-0.6522490670121521,-0.6907341492190275,-0.6257540921654674,0.023132939691222,-1.5009966,1.045311368063338,0.9849415619328716,1.086358890899842
urn:mavedb:00000394-a-1#138,c.[6T>G;9G>A;12C>T;16_18del;21C>T;36T>C;42C>G;51C>T;57T>G;63G>C;120A>G;135C>T;138T>C;141A>G;147G>C;150C>T;171T>G;174A>G;177G>A;183A>G;195G>A],NA,p.Phe6del,-1.5050148821087164,-1.559827692404094,-1.4362023655650673,0.0430919009335594,-1.5241203,-1.7989137680553209,-25.0,-0.8666806314484491
urn:mavedb:00000394-a-1#139,c.[3C>T;6T>G;20G>A;21C>G;36T>C;42C>G;48C>T;63G>C;72C>T;75C>T;120A>G;123T>C;126C>T;132C>T;135C>T;141A>G;165G>A;171T>G;174A>G;177G>A],NA,p.Arg7Gln,-0.919976943752866,-0.9746030713026292,-0.8736200180581882,0.0256261769750897,-1.5194082,0.6327300541575137,0.533020773314801,0.7140684199154274
urn:mavedb:00000394-a-1#140,c.[3C>T;6T>G;18C>T;19C>G;20G>A;21C>A;36T>C;42C>G;48C>T;69T>C;72C>T;120A>G;123T>C;141A>G;165G>A;168G>A;174A>G;180G>C],NA,p.Arg7Glu,-1.3596107790597376,-1.401817146196738,-1.320598930117055,0.027811617272444,-1.5146527,-0.4907297943191778,-0.7046699549518939,-0.3327568219553019
urn:mavedb:00000394-a-1#141,c.[3C>T;6T>G;19C>A;20G>A;39C>T;42C>G;54G>A;120A>G;132C>T;141A>G;180G>C],NA,p.Arg7Asn,-0.9782319519167229,-1.0139356527427863,-0.897741783049781,0.0505642745584695,-1.5189257,0.5253227279151995,0.4571722171922435,0.6712366497768276
urn:mavedb:00000394-a-1#142,c.[3C>T;6T>G;15A>G;20G>A;36T>C;42C>G;51C>T;72C>T;75C>T;102T>C;111G>C;120A>G;123T>C;132C>T;141A>G;165G>A;171T>G;174A>G;177G>A],NA,p.Arg7His,-0.6824151711573349,-0.7603218859616644,-0.6375844852067182,0.0603160109095999,-1.5177069,1.024293610779178,0.900349861992999,1.093860012768444
urn:mavedb:00000394-a-1#143,c.[3C>T;6T>G;18C>T;19C>G;20G>A;39C>T;42C>G;138T>C;141A>G;168G>A;174A>G;180G>C],NA,p.Arg7Asp,-1.2770169885977989,-1.3673732512076342,-1.137677394525564,0.0517387262452422,-1.5146642,-0.183698572151735,-0.5259522579496531,0.1878856895951805
urn:mavedb:00000394-a-1#144,c.[3C>T;6T>G;19C>A;20G>A;21C>A;36T>C;42C>G;48C>T;120A>G;123T>C;129G>A;141A>G;165G>A;171T>G;174A>G;177G>A],NA,p.Arg7Lys,0.3716244366305246,0.3507775650915425,0.3933594094653344,0.0449359541254603,-1.5196071,2.522571384486088,2.49415539748122,2.552189933622511
urn:mavedb:00000394-a-1#145,c.[9G>A;19C>A;20G>C;36T>C;42C>G;51C>T;60T>C;63G>C;126C>T;138T>C;141A>G;177G>A],NA,p.Arg7Thr,-0.794225183232071,-0.8642753853028236,-0.7115835356943131,0.0884343017650467,-1.5202217,0.8491223893110016,0.7315431967499143,0.9823566503323204
urn:mavedb:00000394-a-1#146,c.[19C>T;20G>C;21C>T;27G>A;36T>C;42C>G;48C>T;120A>G;123T>C;126C>T;141A>G;165G>A;168G>A;171T>G;174A>G;177G>A;183A>G],NA,p.Arg7Ser,-1.1589328657480171,-1.1928800974975644,-1.1235202063323744,0.0266197484548638,-1.5208321,0.1527034091082458,0.0699269833120992,0.2339090348399642
urn:mavedb:00000394-a-1#147,c.[18C>T;19C>G;20G>C;21C>G;36T>C;42C>G;48C>T;123T>C;141A>G],NA,p.Arg7Ala,-1.3067502574833632,-1.3252123126355015,-1.2508085763496584,0.0237070458477925,-1.5209227,-0.2610564829134446,-0.3266387009191968,-0.0856392638902288
urn:mavedb:00000394-a-1#148,c.[3C>T;15A>G;19C>G;21C>T;36T>C;42C>G;84C>T;87T>C;120A>G;135C>T;141A>G;156T>C;165G>A;168G>A;171T>G;174A>G],NA,p.Arg7Gly,-1.3936598661233788,-1.446586391212212,-1.3343227194310436,0.0295142056363564,-1.5194154,-0.632769958051984,-0.986276333838391,-0.3665988575564522
urn:mavedb:00000394-a-1#149,c.[15A>G;18C>T;19C>A;20G>T;21C>G;36T>C;42C>G;51C>T;120A>G;123T>C;141A>G;168G>A;177G>A;180G>C;183A>G],NA,p.Arg7Met,0.0543792764618126,0.0294779949294166,0.0845645107553384,0.0532733313805212,-1.52566,2.096765583622678,2.062468447822934,2.138279058275803
urn:mavedb:00000394-a-1#150,c.[20G>T;21C>G;36T>C;42C>G;48C>T;69T>C;72C>T;120A>G;123T>C;168G>A;177G>A;198G>T],NA,p.Arg7Leu,0.1061639721588066,0.0945083162069553,0.1389115274178432,0.0351697046595447,-1.521349,2.162050897184264,2.1460414312368274,2.206985731730012
urn:mavedb:00000394-a-1#151,c.[12C>T;19C>G;20G>T;21C>T;36T>C;39C>T;42C>G;54G>A;63G>C;72C>T;75C>T;120A>G;123T>C;126C>T;138T>C;168G>A;171T>G;174A>G],NA,p.Arg7Val,-0.7580877728010322,-0.7929592213160316,-0.694418378912985,0.0526034495951858,-1.5208774,0.9090871532203328,0.8522819394040344,1.0104442871117736
urn:mavedb:00000394-a-1#152,c.[19C>A;20G>T;36T>C;42C>G;48C>T;69T>C;72C>T;120A>G;123T>C;132C>T;138T>C;141A>G;165G>A;171T>G;174A>G;177G>A],NA,p.Arg7Ile,-0.2553561125708699,-0.2835566905561908,-0.230176777914695,0.0601241052030854,-1.5240207,1.6632035986442877,1.6232578920630336,1.6987486574283477
urn:mavedb:00000394-a-1#153,c.[3C>T;6T>G;19C>T;21C>G;39C>T;42C>G;48C>T;120A>G;123T>C;141A>G;165G>A;168G>A;177G>A],NA,p.Arg7Trp,-0.2241549326025522,-0.2367965785879225,-0.207408011985208,0.0656330074153452,-1.52212,1.7045608425077263,1.6867374004655054,1.7281316336875348
urn:mavedb:00000394-a-1#154,c.[19C>T;20G>A;36T>C;42C>G;48C>T;120A>G;123T>C;165G>A;171T>G;174A>G;177G>A;198G>T],NA,p.Arg7Tyr,0.1955523613489704,0.177794918726773,0.2160948669951075,0.0448057129489814,-1.521431,2.284677742242566,2.2603731117819,2.3127762875661064
urn:mavedb:00000394-a-1#155,c.[3C>T;6T>G;15A>G;19C>T;20G>T;21C>T;36T>C;51C>T;123T>C;141A>G;165G>A;171T>G;174A>G],NA,p.Arg7Phe,0.3321233296921464,0.2948890035221725,0.3652776378896913,0.0374740497121788,-1.5236454,2.474190397899333,2.4234036818996327,2.519385080738339
urn:mavedb:00000394-a-1#156,c.[3C>T;6T>G;20G>C;21C>G;36T>C;42C>G;120A>G;132C>T;138T>C;141A>G;144C>T;174A>G],NA,p.Arg7Pro,-1.3720116067209671,-1.4656927681655425,-1.28131948056051,0.0454881072765792,-1.5185318,-0.5295397644554092,-1.186050447256125,-0.1850786225367431
urn:mavedb:00000394-a-1#157,c.[3C>T;6T>G;19C>T;36T>C;42C>G;99G>C;111G>C;120A>G;123T>C;126C>T;138T>C;141A>G;165G>A;168G>A;171T>G;174A>G;180G>C],NA,p.Arg7Cys,-0.0715631720396127,-0.0816563445228209,-0.0583761371627348,0.0411640684278925,-1.5240035,1.920457094195098,1.906442871154236,1.9387505255543656
urn:mavedb:00000394-a-1#158,c.[6T>G;9G>A;18delinsTGGT;21C>T;36T>C;42C>G;60T>C;66G>A;120A>G;129G>A;153A>G;177G>A],NA,p.Phe6_Arg7insGly,-1.381458882922824,-1.421781414327634,-1.299987994190253,0.0338715948560804,-1.5041142,-0.649414339349866,-0.908597564821946,-0.296164765702473
urn:mavedb:00000394-a-1#159,c.[3C>T;6T>G;15A>G;18_19insGCG;21C>T;36T>C;42C>G;51C>T;60T>C;69T>C;72C>T;120A>G;123T>C;141A>G;171T>G;177G>A],NA,p.Phe6_Arg7insAla,-1.3464780036623631,-1.3845549225855986,-1.3069993155703752,0.0366951764323979,-1.5146241,-0.4343757762942646,-0.610185318668894,-0.283789614076522
urn:mavedb:00000394-a-1#160,c.[12C>T;18C>T;19_21del;36T>C;42C>G;72C>T;75C>T;120A>G;129G>A;141A>G],NA,p.Arg7del,-1.5077748208727972,-1.547740368613124,-1.463909776153553,0.0357334708672586,-1.5213971,-1.998792379434883,-25.0,-1.1339783020046197
urn:mavedb:00000394-a-1#161,c.[3C>T;6T>G;21C>T;22G>C;24C>G;36T>C;42C>G;120A>G;129G>A;141A>G;147G>C;153A>G;171T>G;174A>G;177G>A],NA,p.Asp8Gln,-1.4127615639769124,-1.5024876177943938,-1.3344896194455576,0.0508927145781684,-1.547895,-0.5844827702715275,-1.2790253271725691,-0.2636971520186366
urn:mavedb:00000394-a-1#162,c.[12C>T;21C>T;24C>A;36T>C;42C>G;51C>T;54G>A;69T>C;72C>T;120A>G;123T>C;129G>A;132C>T;135C>T;138T>C;141A>G;165G>A;171T>G;174A>G;177G>A;180G>C],NA,p.Asp8Glu,-1.2817086547309784,-1.3229643293186657,-1.244023318120251,0.0342604618096434,-1.5263143,-0.1618865293045718,-0.2989379959690973,-0.0510760111054523
urn:mavedb:00000394-a-1#163,c.[21C>T;22G>A;36T>C;48C>T;72C>T;75C>T;99G>C;102T>C;108G>C;123T>C;132C>T;135C>T;138T>C;141A>G;165G>A;171T>G;174A>G;177G>A],NA,p.Asp8Asn,-1.1882706772788634,-1.3392285768257115,-1.1052786798968528,0.0937232912237454,-1.5428123,0.1352009496355794,-0.2981066376602145,0.3209410108053347
urn:mavedb:00000394-a-1#164,c.[3C>T;6T>G;15A>G;21C>T;22G>C;36T>C;42C>G;51C>T;54G>A;102T>C;108G>C;120A>G;123T>C;135C>T;141A>G;165G>A;171T>G;174A>G;177G>A],NA,p.Asp8His,-0.956896493141946,-1.249481639264976,-0.7904253961146096,0.0814487317139515,-1.5414114,0.6059405944458606,-0.0244635657601345,0.8899557463587314
urn:mavedb:00000394-a-1#165,c.[21C>T;22G>C;23A>G;24C>T;36T>C;42C>G;48C>T;54G>A;120A>G;123T>C;168G>A;177G>A;195G>A],NA,p.Asp8Arg,-1.3287276885750114,-1.444092337713924,-1.228798621014547,0.0548066085464914,-1.5686822,-0.1764242479199807,-0.6389950909502672,0.0996228135678735
urn:mavedb:00000394-a-1#166,c.[21C>T;22G>A;24C>A;36T>C;42C>G;51C>T;57T>G;60T>C;63G>C;78C>T;87T>C;90T>C;120A>G;156T>C],NA,p.Asp8Lys,-0.7611548612724426,-0.8834619307345005,-0.7059412959481715,0.1182490307319896,-1.5508447,0.9522351686243636,0.7510622590334103,1.039278317260005
urn:mavedb:00000394-a-1#167,c.[15A>G;21C>T;22G>A;23A>C;24C>T;36T>C;42C>G;48C>T;54G>A;63G>C;69T>C;72C>T;120A>G;123T>C;165G>A;171T>G;198G>T],NA,p.Asp8Thr,-1.3195651009889544,-1.4205543149235005,-1.2191538168058345,0.0567877893725585,-1.552063,-0.2001602836354695,-0.6027981913965866,0.0823474194556548
urn:mavedb:00000394-a-1#168,c.[21C>T;22G>T;23A>C;24C>T;30G>C;42C>G;54G>A;57T>G;66G>A;123T>C;126C>T;144C>T;165G>A;171T>G;174A>G;177G>A],NA,p.Asp8Ser,-1.270508853851824,-1.341271581081816,-1.1958894588424198,0.0401602801103464,-1.5571022,-0.0391248864240115,-0.255391954696766,0.1510704856361354
urn:mavedb:00000394-a-1#169,c.[3C>T;6T>G;21C>T;23A>C;24C>G;36T>C;42C>G;69T>C;72C>T;102T>C;120A>G;126C>T;138T>C;141A>G;147G>C;153A>G;165G>A;171T>G;174A>G;180G>C;195G>A;207T>C],NA,p.Asp8Ala,-1.337679687269557,-1.4511972229879762,-1.252261658820533,0.0395198699197193,-1.5556207,-0.248221538980787,-0.7554654920470865,0.0063068993207193
urn:mavedb:00000394-a-1#170,c.[3C>T;6T>G;18C>T;21C>T;23A>G;24C>T;36T>C;42C>G;51C>T;69T>C;72C>T;120A>G;123T>C;141A>G;165G>A;168G>A;174A>G],NA,p.Asp8Gly,-1.3224194054499427,-1.361653716087995,-1.2863338419800834,0.021492943224895,-1.5464358,-0.2278721490080307,-0.3678002075925556,-0.1149160637948355
urn:mavedb:00000394-a-1#171,c.[21C>T;22G>A;23A>T;24C>G;42C>G;171T>G;174A>G;177G>A],NA,p.Asp8Met,-1.2686490295910553,-1.3012391109097825,-1.2190666396234864,0.0426254551811792,-1.5794754,0.0259763018192748,-0.062476898948296,0.1491616676039295
urn:mavedb:00000394-a-1#172,c.[6T>G;9G>A;21C>T;22G>C;23A>T;24C>G;36T>C;42C>G;60T>C;66G>A;69T>C;72C>T;120A>G;138T>C;150C>T;165G>A;171T>G;177G>A],NA,p.Asp8Leu,-1.1561198730670212,-1.254227779073427,-1.0240299252978404,0.0502972242562451,-1.566123,0.2619049318235281,0.0287689703497231,0.5279262232461307
urn:mavedb:00000394-a-1#173,c.[3C>T;6T>G;21C>T;23A>T;24C>T;36T>C;42C>G;51C>T;126C>T;129G>A;132C>T;141A>G;174A>G],NA,p.Asp8Val,-1.368540568521282,-1.411843546477722,-1.29065046083286,0.0454438816594294,-1.5518036,-0.3736749880117592,-0.5607350856229867,-0.1118059883233323
urn:mavedb:00000394-a-1#174,c.[3C>T;6T>G;21C>T;22G>A;23A>T;36T>C;42C>G;120A>G;123T>C;126C>T;141A>G;165G>A;171T>G;174A>G;198G>T],NA,p.Asp8Ile,-1.3538654946823867,-1.4346230565677422,-1.25309356408858,0.0335179245322897,-1.5628433,-0.2790560389576288,-0.6197931461605903,0.0231636149427983
urn:mavedb:00000394-a-1#175,c.[21C>T;22G>T;23A>G;24C>G;36T>C;42C>G;48C>T;72C>T;75C>T;102T>C;111G>C;120A>G;123T>C;135C>T;141A>G;165G>A;171T>G;174A>G;177G>A],NA,p.Asp8Trp,-1.187381440427854,-1.262205014627162,-1.122919940535502,0.062500482074004,-1.555995,0.1684621543164886,-0.0194016939683189,0.3115282139248621
urn:mavedb:00000394-a-1#176,c.[3C>T;6T>G;12C>T;15A>G;18C>T;21C>T;22G>T;36T>C;42C>G;120A>G;135C>T;141A>G;165G>A;168G>A;174A>G],NA,p.Asp8Tyr,-1.319240892436016,-1.3537173280480932,-1.2969845129216804,0.0285107371134366,-1.5507016,-0.2035073828622084,-0.3219666936801321,-0.1340150285108048
urn:mavedb:00000394-a-1#177,c.[3C>T;6T>G;18C>T;21C>T;22G>T;23A>T;36T>C;42C>G;54G>A;63G>C;120A>G;123T>C;126C>T;141A>G;165G>A;171T>G;174A>G;177G>A],NA,p.Asp8Phe,-1.1621004450061097,-1.223592595776421,-1.096337127399109,0.0423605943513215,-1.5578647,0.2304450726951289,0.0857414200203009,0.3706469893835867
urn:mavedb:00000394-a-1#178,c.[6T>G;9G>A;12C>T;21C>T;22G>C;23A>C;24C>G;36T>C;39C>T;42C>G;51C>T;99G>C;120A>G;126C>T;135C>T;141A>G;171T>G;174A>G;177G>A],NA,p.Asp8Pro,-1.3954606854776763,-1.4624314957307132,-1.277850619725043,0.0433777798523226,-1.5215926,-0.6307734849767214,-1.116189507628769,-0.1645676588862563
urn:mavedb:00000394-a-1#179,c.[21C>T;22G>T;23A>G;36T>C;42C>G;51C>T;69T>C;72C>T;120A>G;123T>C;165G>A;168G>A;177G>A],NA,p.Asp8Cys,-0.1193160896023984,-0.1734739329846159,-0.088157528824242,0.0616736605873917,-1.5571828,1.9001073082038529,1.8246914059797188,1.943342051237884
urn:mavedb:00000394-a-1#180,c.[21delinsTGGT;36T>C;42C>G;54G>A;69T>C;72C>T;120A>G;123T>C;126C>T;165G>A;171T>G;174A>G;177G>A],NA,p.Arg7_Asp8insGly,-1.4031752431253697,-1.4352385622236428,-1.3655973857564807,0.0261789987015554,-1.5140629,-0.7161267238939515,-0.9362724563948236,-0.5205163539529265
urn:mavedb:00000394-a-1#181,c.[9G>A;21delinsTGCG;36T>C;42C>G;57T>G;63G>C;69T>C;72C>T;120A>G;135C>T;138T>C;141A>G;144C>T;162G>C;165G>A;168G>A;177G>A],NA,p.Arg7_Asp8insAla,-1.379916600236221,-1.4388822377707229,-1.3029712093467538,0.0358817460242938,-1.5234313,-0.5436805276503215,-0.8916666673772314,-0.2397260075992479
urn:mavedb:00000394-a-1#182,c.[3C>T;21C>T;22_24del;36T>C;42C>G;72C>T;75C>T;120A>G;123T>C;126C>T;141A>G;156T>C;165G>A;171T>G;174A>G;177G>A;198G>T],NA,p.Asp8del,-1.441585384212554,-1.491792900506016,-1.3997226254121955,0.0324416965692274,-1.5332613,-0.8398092394648811,-1.3343289319201326,-0.5924858341270307
urn:mavedb:00000394-a-1#183,c.[9G>A;12C>T;21C>T;26C>A;36T>C;42C>G;48C>T;87T>C;120A>G;123T>C;138T>C;141A>G;174A>G;180G>C;198G>T;207T>C],NA,p.Pro9Gln,-0.8068206031642342,-0.850297963822967,-0.7652816769380507,0.0452040567333377,-1.5304885,0.8452820075780806,0.7727865336034239,0.9129815240760722
urn:mavedb:00000394-a-1#184,c.[3C>T;6T>G;12C>T;21C>T;25C>G;26C>A;27G>A;36T>C;42C>G;120A>G;123T>C;126C>T;141A>G;165G>A;168G>A;171T>G;174A>G],NA,p.Pro9Glu,-1.19100365036499,-1.2268217997068342,-1.1322498995183925,0.0286759615269764,-1.5192513,0.0706721669359508,-0.023095171557376,0.2107490308916933
urn:mavedb:00000394-a-1#185,c.[3C>T;6T>G;15A>G;21C>T;25C>A;26C>A;27G>C;36T>C;42C>G;51C>T;75C>T;78C>T;108G>C;120A>G;132C>T;135C>T;141A>G;165G>A;171T>G;174A>G;177G>A],NA,p.Pro9Asn,-1.0014281860389929,-1.040820001030451,-0.9517872167149424,0.0398158920300766,-1.5274277,0.4975604482534188,0.4210937700238109,0.5898621410252457
urn:mavedb:00000394-a-1#186,c.[3C>T;6T>G;15A>G;21C>T;26C>A;27G>C;36T>C;42C>G;51C>T;120A>G;123T>C;129G>A;141A>G;165G>A;171T>G;174A>G;177G>A],NA,p.Pro9His,-0.8614459343036671,-0.9148385824351932,-0.7739221124402078,0.0498034377609299,-1.5274091,0.7486582481426385,0.6560595617510719,0.894025241075919
urn:mavedb:00000394-a-1#187,c.[3C>T;6T>G;21C>T;25C>G;26C>A;27G>C;36T>C;42C>G;48C>T;120A>G;123T>C;165G>A;171T>G;174A>G;177G>A;198G>T;207T>C],NA,p.Pro9Asp,-1.048735410969808,-1.1579852759422882,-0.9670230216060036,0.0722155249526351,-1.5195026,0.3894135381461002,0.151801275791045,0.5473133558917559
urn:mavedb:00000394-a-1#188,c.[3C>T;6T>G;21C>T;26C>G;27G>T;30G>C;36T>C;42C>G;84C>T;99G>C;120A>G;126C>T;135C>T;141A>G;165G>A;171T>G;174A>G;177G>A],NA,p.Pro9Arg,-0.7471463777033274,-0.7767821253060145,-0.727444737439146,0.0379734914456942,-1.5948062,1.043538404651901,0.997118378479383,1.0741075103045077
urn:mavedb:00000394-a-1#189,c.[3C>T;6T>G;12C>T;21C>T;25C>A;26C>A;27G>A;36T>C;42C>G;69T>C;72C>T;120A>G;135C>T;165G>A;168G>A;174A>G],NA,p.Pro9Lys,-0.6705314816997998,-0.7309204400999365,-0.6247590089933293,0.0359541674352464,-1.5458584,1.0864463879756563,0.9922889151232184,1.1564707185740903
urn:mavedb:00000394-a-1#190,c.[3C>T;6T>G;15A>G;21C>T;25C>A;27G>T;36T>C;42C>G;102T>C;120A>G;141A>G;150C>T;156T>C;177G>A],NA,p.Pro9Thr,-1.1743261344179925,-1.2197754804306618,-1.1463667556200363,0.0289159072300993,-1.5337319,0.1467961216609434,0.0341380366969021,0.2115681026827956
urn:mavedb:00000394-a-1#191,c.[15A>G;21C>T;25C>T;27G>T;36T>C;42C>G;51C>T;72C>T;75C>T;99G>C;102T>C;105C>T;123T>C;129G>A;132C>T;135C>T;138T>C;141A>G;165G>A;171T>G;174A>G;177G>A],NA,p.Pro9Ser,-0.6504642109117318,-0.6802935097299324,-0.6270365655696357,0.0404193925232983,-1.5364509,1.1028590047706237,1.056798785962881,1.1387037302245515
urn:mavedb:00000394-a-1#192,c.[15A>G;21C>T;24C>T;25C>G;36T>C;42C>G;51C>T;120A>G;123T>C;144C>T;165G>A;171T>G;174A>G;177G>A],NA,p.Pro9Ala,0.1759989272832149,0.1636655759253934,0.2065842146574375,0.0486986706634304,-1.5393796,2.282365191176164,2.2654884645624604,2.3241874908093094
urn:mavedb:00000394-a-1#193,c.[15A>G;21C>T;25C>G;26C>G;27G>T;36T>C;42C>G;120A>G;123T>C;126C>T;138T>C;141A>G;165G>A;171T>G;174A>G;177G>A],NA,p.Pro9Gly,-0.5299175073230606,-0.5833415663816905,-0.4766169633071868,0.0557894415350133,-1.5336399,1.2804528914257252,1.200625766037265,1.3590326391683332
urn:mavedb:00000394-a-1#194,c.[6T>G;9G>A;25C>A;26C>T;36T>C;42C>G;48C>T;57T>G;60T>C;63G>C;66G>A;69T>C;72C>T;75C>T;96C>T;105C>T;120A>G;123T>C;129G>A;141A>G;168G>A;174A>G],NA,p.Pro9Met,-0.707044108010493,-0.7714936662430564,-0.6417291513443693,0.0865502165241664,-1.5516205,1.038767819335526,0.936949112526628,1.1394158221492758
urn:mavedb:00000394-a-1#195,c.[3C>T;6T>G;21C>T;26C>T;36T>C;42C>G;99G>C;102T>C;108G>C;132C>T;138T>C;141A>G;171T>G;174A>G;177G>A],NA,p.Pro9Leu,-0.973713111890536,-1.1110824907455528,-0.9112465597072203,0.0764166254046515,-1.5511527,0.5931216142442357,0.3262662237412176,0.7038779458627206
urn:mavedb:00000394-a-1#196,c.[18C>T;21C>T;25C>G;26C>T;27G>T;36T>C;42C>G;69T>C;72C>T;120A>G;123T>C;126C>T;138T>C;141A>G;156T>C;171T>G;174A>G;177G>A],NA,p.Pro9Val,-1.1701709500139283,-1.2472385863580155,-1.0868006206576242,0.0506771749260388,-1.5386724,0.1682052196913058,-0.0258171690777007,0.3508297149585568
urn:mavedb:00000394-a-1#197,c.[3C>T;6T>G;18C>T;25C>A;26C>T;27G>C;36T>C;42C>G;60T>C;63G>C;120A>G;126C>T;129G>A;141A>G;168G>A;174A>G;180G>C],NA,p.Pro9Ile,-0.5716039632180846,-0.6669690088020934,-0.4734268308067474,0.0849199784124975,-1.5445533,1.234599640601186,1.0899264253739696,1.3796511450776234
urn:mavedb:00000394-a-1#198,c.[3C>T;6T>G;21C>T;25C>T;26C>G;36T>C;42C>G;120A>G;123T>C;126C>T;141A>G;165G>A;171T>G;174A>G;177G>A],NA,p.Pro9Trp,-0.6994267988870899,-0.7130367042011962,-0.68637037028581,0.0351007305685043,-1.5478325,1.044737395817249,1.023491917736304,1.0650161022996791
urn:mavedb:00000394-a-1#199,c.[12C>T;21C>T;25C>T;26C>A;27G>C;36T>C;42C>G;48C>T;66G>A;72C>T;75C>T;120A>G;123T>C;132C>T;141A>G;144C>T;165G>A;171T>G;174A>G;177G>A],NA,p.Pro9Tyr,-0.896017591765924,-0.9113621337833104,-0.8509547109350106,0.0262500574353517,-1.5408559,0.7124164827112043,0.6857736373800936,0.7891301150415664
urn:mavedb:00000394-a-1#200,c.[3C>T;6T>G;9G>A;21C>T;25C>T;26C>T;27G>C;36T>C;42C>G;48C>T;63G>C;69T>C;120A>G;123T>C;141A>G;165G>A;168G>A;174A>G],NA,p.Pro9Phe,-0.6856496132203711,-0.7446066409486347,-0.5502639161127992,0.0761152895349717,-1.5473218,1.0653419988951816,0.9729534970400656,1.270539677633129
urn:mavedb:00000394-a-1#201,c.[3C>T;6T>G;21C>T;25C>T;26C>G;27G>C;36T>C;42C>G;51C>T;120A>G;123T>C;132C>T;141A>G;165G>A;168G>A;171T>G;174A>G;177G>A;198G>T;207T>C],NA,p.Pro9Cys,-0.5004162746414037,-0.5214390787040658,-0.4661243756611875,0.0585788136452579,-1.5429611,1.3377714143780213,1.3067926736811937,1.387990056217609
urn:mavedb:00000394-a-1#202,c.[6T>G;9G>A;21C>T;24_25insGGT;36T>C;42C>G;54G>A;57T>G;60T>C;63G>C;72C>T;75C>T;120A>G;123T>C;126C>T;141A>G],NA,p.Asp8_Pro9insGly,-0.6294013530635703,-0.7020842364529789,-0.4778595653041685,0.099818823219162,-1.5097771,1.0942577184215423,0.9808695623598792,1.3221752296495677
urn:mavedb:00000394-a-1#203,c.[3C>T;6T>G;21C>T;24_25insGCT;27G>A;30G>C;69T>C;72C>T;120A>G;123T>C;126C>T;129G>A;141A>G;165G>A;171T>G;174A>G;177G>A],NA,p.Asp8_Pro9insAla,-1.369009364854488,-1.398224180784606,-1.3290877927587337,0.0345698257748256,-1.5130386,-0.5412403558172814,-0.6932066634945904,-0.3710033622681368
urn:mavedb:00000394-a-1#204,c.[21C>T;25_27del;36T>C;42C>G;87T>C;90T>C;105C>T;111G>C;120A>G;141A>G;153A>G;165G>A;171T>G;174A>G;177G>A],NA,p.Pro9del,-1.3356761545519844,-1.3824450596349818,-1.2985773539946166,0.0330136521895091,-1.5471001,-0.2705382785381321,-0.4490307432787562,-0.1498138589171638
urn:mavedb:00000394-a-1#205,c.[3C>T;6T>G;15A>G;21C>T;29T>A;36T>C;42C>G;102T>C;114C>T;120A>G;123T>C;126C>T;138T>C;141A>G;144C>T;165G>A;171T>G;174A>G;177G>A;198G>T],NA,p.Leu10Gln,-1.0322215265176446,-1.0956222193166416,-0.96298139433441,0.0498014579368333,-1.5181942,0.4198381456650798,0.2891507417916852,0.5523804173873443
urn:mavedb:00000394-a-1#206,c.[3C>T;6T>G;12C>T;15A>G;18C>T;28C>G;29T>A;30G>A;36T>C;51C>T;66G>A;78C>T;108G>C;135C>T;141A>G;165G>A;171T>G;174A>G;177G>A],NA,p.Leu10Glu,-1.1439118076549182,-1.2054787917537984,-1.0886286956170828,0.0316316721787328,-1.5124168,0.1682212187093096,0.0157886834621434,0.291761827326481
urn:mavedb:00000394-a-1#207,c.[3C>T;6T>G;15A>G;21C>T;28C>A;29T>A;30G>C;36T>C;42C>G;51C>T;69T>C;72C>T;120A>G;123T>C;141A>G;165G>A;168G>A;174A>G],NA,p.Leu10Asn,-1.337759788695883,-1.388164455342107,-1.2257221424719589,0.0486224402366052,-1.5166345,-0.3908599129693989,-0.6184816559644831,-0.0272374293477149
urn:mavedb:00000394-a-1#208,c.[3C>T;6T>G;21C>T;29T>A;30G>C;36T>C;42C>G;102T>C;111G>C;120A>G;171T>G;174A>G],NA,p.Leu10His,-1.1519608109012809,-1.2280865728306,-1.1050804929682452,0.0616919088418312,-1.5141492,0.1533883030899426,-0.040582889310917,0.2598769409653651
urn:mavedb:00000394-a-1#209,c.[9G>A;15A>G;28C>G;29T>A;30G>C;36T>C;42C>G;51C>T;54G>A;72C>T;75C>T;123T>C;141A>G;168G>A;174A>G],NA,p.Leu10Asp,-1.3733019899293322,-1.4455358691561049,-1.3135537492643097,0.0254037528119685,-1.5114746,-0.569440588304174,-1.048644861714067,-0.3185350694216969
urn:mavedb:00000394-a-1#210,c.[3C>T;6T>G;21C>T;29T>G;30G>T;36T>C;42C>G;69T>C;72C>T;120A>G;126C>T;180G>C],NA,p.Leu10Arg,-1.2277545448466378,-1.350205521900164,-1.1308234860282809,0.0428325130008491,-1.5792665,0.1279188684096064,-0.2113014853076093,0.3437192785178184
urn:mavedb:00000394-a-1#211,c.[3C>T;6T>G;15A>G;21C>T;28C>A;29T>A;30G>A;36T>C;42C>G;48C>T;72C>T;75C>T;99G>C;120A>G;123T>C;141A>G],NA,p.Leu10Lys,-0.946903976743502,-1.0149557572957513,-0.873920635045113,0.0444696814232228,-1.5289783,0.6015345224397768,0.4746388513895472,0.7300141023205255
urn:mavedb:00000394-a-1#212,c.[21C>T;28C>A;29T>C;30G>C;36T>C;42C>G;48C>T;120A>G;123T>C;141A>G;165G>A;171T>G;174A>G;177G>A;180G>C],NA,p.Leu10Thr,-0.3629372984080674,-0.3798024010335725,-0.3580626114734557,0.0331756412459897,-1.5190072,1.5027526103417863,1.4784727191405445,1.5097574007952053
urn:mavedb:00000394-a-1#213,c.[3C>T;6T>G;21C>T;28C>T;29T>C;30G>T;36T>C;42C>G;51C>T;78C>T;120A>G;123T>C;156T>C;165G>A;168G>A;174A>G],NA,p.Leu10Ser,-0.946600610785632,-0.9817444573923372,-0.8986161998870287,0.0552836341135555,-1.5185513,0.5831436499046023,0.5180178220246728,0.6690429445339772
urn:mavedb:00000394-a-1#214,c.[3C>T;6T>G;21C>T;28C>G;29T>C;36T>C;42C>G;72C>T;75C>T;120A>G;123T>C;126C>T;138T>C;141A>G;156T>C;171T>G;174A>G;177G>A;180G>C],NA,p.Leu10Ala,-1.1883208670558325,-1.3153600197443047,-1.1137105608555713,0.0319458390800615,-1.5247784,0.0911756144914095,-0.2775092970984203,0.2642436211956142
urn:mavedb:00000394-a-1#215,c.[3C>T;6T>G;12C>T;21C>T;24C>T;28C>G;29T>G;30G>T;36T>C;42C>G;51C>T;54G>A;72C>T;75C>T;120A>G;141A>G;165G>A;168G>A;174A>G],NA,p.Leu10Gly,-1.2976181089652907,-1.3449722819894738,-1.2416924548927448,0.0307600767836611,-1.5182462,-0.2391614212929484,-0.4133041754449413,-0.067223752711213
urn:mavedb:00000394-a-1#216,c.[12C>T;18C>T;21C>T;28C>A;36T>C;42C>G;48C>T;102T>C;120A>G;123T>C;129G>A;132C>T;153A>G;156T>C;165G>A;168G>A;171T>G;174A>G;183A>G;198G>T],NA,p.Leu10Met,-0.0398049973032936,-0.0526443005988437,-0.0263566563248078,0.0723928184214663,-1.5262089,1.9675272516843807,1.9497442039034427,1.9861364795556145
urn:mavedb:00000394-a-1#217,c.[6T>G;9G>A;21C>T;28C>G;36T>C;42C>G;51C>T;57T>G;69T>C;120A>G;123T>C;165G>A;168G>A;174A>G],NA,p.Leu10Val,-0.2875258181977475,-0.2966655494123518,-0.2778181874477769,0.0369731092135062,-1.5211439,1.6135441700541888,1.6005528145446504,1.627324686967738
urn:mavedb:00000394-a-1#218,c.[6T>G;9G>A;15A>G;21C>T;28C>A;30G>C;36T>C;42C>G;48C>T;69T>C;72C>T;78C>T;120A>G;123T>C;129G>A;141A>G;168G>A;174A>G],NA,p.Leu10Ile,0.0680365169872411,0.0484897162756298,0.08630833653278,0.0626605651007149,-1.5238137,2.113025899364288,2.086124624567389,2.138147761849136
urn:mavedb:00000394-a-1#219,c.[3C>T;6T>G;21C>T;28C>T;29T>G;36T>C;42C>G;69T>C;72C>T;114C>T;120A>G;123T>C;126C>T;132C>T;138T>C;141A>G;150C>T;165G>A;168G>A;171T>G;177G>A;180G>C;198G>T],NA,p.Leu10Trp,0.0513338792527732,0.004450314557589,0.0740623609886623,0.0533062098123214,-1.5388122,2.1106088930497315,2.046037627504651,2.141853491601515
urn:mavedb:00000394-a-1#220,c.[15A>G;21C>T;28C>T;29T>A;30G>C;36T>C;42C>G;51C>T;99G>C;102T>C;108G>C;120A>G;123T>C;141A>G;165G>A;171T>G;174A>G;177G>A;198G>T;207T>C],NA,p.Leu10Tyr,-0.2600800577163196,-0.3081957572895622,-0.2365726834849965,0.0895434002214965,-1.53053,1.6657123576977666,1.597482973933179,1.6988923933499835
urn:mavedb:00000394-a-1#221,c.[3C>T;6T>G;9G>A;21C>T;24C>T;28C>T;30G>C;36T>C;42C>G;51C>T;63G>C;66G>A;72C>T;75C>T;84C>T;120A>G;123T>C;141A>G;150C>T;165G>A;171T>G;174A>G],NA,p.Leu10Phe,-0.2046864013618578,-0.219698287967733,-0.1936505507635036,0.0725303711860859,-1.5347443,1.7496576273668112,1.7285686206427868,1.76513906331113
urn:mavedb:00000394-a-1#222,c.[6T>G;9G>A;21C>T;29T>C;36T>C;42C>G;48C>T;54G>A;63G>C;69T>C;72C>T;120A>G;123T>C;129G>A;138T>C;144C>T;147G>C;165G>A;171T>G;174A>G;177G>A],NA,p.Leu10Pro,-1.20338948914331,-1.329485903801734,-1.0802447730213864,0.0802259853380964,-1.5214691,0.0447941028270979,-0.3404652164131012,0.3286945820539495
urn:mavedb:00000394-a-1#223,c.[21C>T;28C>T;29T>G;30G>T;36T>C;42C>G;51C>T;54G>A;60T>C;102T>C;120A>G;123T>C;135C>T;138T>C;141A>G;177G>A;198G>T;207T>C],NA,p.Leu10Cys,0.1919802083749573,0.1769277426810786,0.2154160964866014,0.0554040259703804,-1.5272341,2.287691618072257,2.2670931708297224,2.3197419052163246
urn:mavedb:00000394-a-1#224,c.[3C>T;6T>G;12C>T;21C>T;27delinsAGGT;36T>C;42C>G;48C>T;72C>T;75C>T;120A>G;123T>C;126C>T;138T>C;141A>G;165G>A;168G>A;174A>G],NA,p.Pro9_Leu10insGly,-1.306429601532086,-1.3561957459446674,-1.2327198480002777,0.0348993796200637,-1.4959445,-0.3497343246084585,-0.5617503208238757,-0.1056884768080937
urn:mavedb:00000394-a-1#225,c.[3C>T;9G>A;12C>T;24C>T;27_28insGCT;30G>C;39C>T;42C>G;48C>T;72C>T;75C>T;78C>T;120A>G;123T>C;141A>G;165G>A;171T>G;174A>G],NA,p.Pro9_Leu10insAla,-1.357425991157959,-1.4070152734841974,-1.3174214218694564,0.0284928254767119,-1.5033836,-0.5321650890029457,-0.8076050441231687,-0.3632554186406992
urn:mavedb:00000394-a-1#226,c.[9G>A;21C>T;28_30del;36T>C;42C>G;51C>T;63G>C;120A>G;123T>C;141A>G;165G>A;168G>A;174A>G;180G>C],NA,p.Leu10del,-1.4581408912004123,-1.537290971832333,-1.3468572743700826,0.0574192440627608,-1.5256367,-1.034043475849607,-25.0,-0.3912386868032121
urn:mavedb:00000394-a-1#227,c.[21C>T;31A>C;32T>A;36T>C;42C>G;48C>T;69T>C;72C>T;120A>G;123T>C;165G>A;171T>G;174A>G;177G>A;198G>T],NA,p.Met11Gln,-0.1150704022381282,-0.1192915311625447,-0.1088015190250761,0.0371385688375106,-1.5163145,1.8492758781884528,1.843390701450788,1.85801197395454
urn:mavedb:00000394-a-1#228,c.[21C>T;31A>G;32T>A;33G>A;36T>C;42C>G;48C>T;69T>C;72C>T;120A>G;123T>C;129G>A;141A>G;165G>A;171T>G;174A>G;177G>A],NA,p.Met11Glu,0.3622271440569557,0.344398580496479,0.3768366954921799,0.0508433332539471,-1.5090876,2.495525151469066,2.471212598746138,2.515443259829365
urn:mavedb:00000394-a-1#229,c.[3C>T;6T>G;21C>T;32T>A;33G>C;36T>C;42C>G;48C>T;120A>G;123T>C;165G>A;168G>A;174A>G],NA,p.Met11Asn,0.0792706891102046,0.0541658097579197,0.0951204893599784,0.0451194253810558,-1.515697,2.117354665244977,2.0828023468136454,2.139145926095138
urn:mavedb:00000394-a-1#230,c.[21C>T;31A>C;32T>A;33G>C;36T>C;42C>G;48C>T;72C>T;75C>T;120A>G;123T>C;132C>T;141A>G;168G>A;171T>G;174A>G;177G>A],NA,p.Met11His,-0.1513567245216383,-0.198400738740864,-0.1247583546271419,0.0508703890286292,-1.5130248,1.794017039573916,1.7280321172586193,1.8311853928965791
urn:mavedb:00000394-a-1#231,c.[3C>T;12C>T;21C>T;31A>G;32T>A;33G>C;36T>C;42C>G;48C>T;72C>T;75C>T;120A>G;123T>C;129G>A;141A>G;147G>C;168G>A;171T>G],NA,p.Met11Asp,-0.0665729976824562,-0.0777604631840543,-0.0370928893505954,0.0699227580022973,-1.509553,1.9073735307714783,1.8918261037456232,1.9482771989748355
urn:mavedb:00000394-a-1#232,c.[6T>G;9G>A;12C>T;21C>T;31A>C;32T>G;33G>T;36T>C;42C>G;69T>C;72C>T;102T>C;111G>C;114C>T;141A>G;150C>T;165G>A;171T>G;174A>G;177G>A;198G>T],NA,p.Met11Arg,-0.3868735586533709,-0.4557429696721838,-0.3627183302822959,0.0610865577631585,-1.5236983,1.4750323057823198,1.3750472914086047,1.509799568983538
urn:mavedb:00000394-a-1#233,c.[6T>G;9G>A;15A>G;21C>T;30G>C;32T>A;33G>A;36T>C;42C>G;48C>T;72C>T;75C>T;120A>G;123T>C;132C>T;141A>G;168G>A;171T>G],NA,p.Met11Lys,-0.2844054698313288,-0.3025078066903999,-0.2530405233262794,0.0398583241236102,-1.5158768,1.6105057468078128,1.5847500219556838,1.6549790206634674
urn:mavedb:00000394-a-1#234,c.[3C>T;21C>T;30G>C;32T>C;33G>C;36T>C;42C>G;51C>T;72C>T;75C>T;120A>G;123T>C;141A>G;156T>C;168G>A;171T>G;174A>G;177G>A;180G>C],NA,p.Met11Thr,0.497159925894903,0.438186544584286,0.5496925921950445,0.1048068631784803,-1.5176053,2.690875271880155,2.6105539193395355,2.762426028714278
urn:mavedb:00000394-a-1#235,c.[3C>T;6T>G;15A>G;21C>T;31A>T;32T>C;33G>T;36T>C;42C>G;57T>G;63G>C;120A>G;126C>T;141A>G;144C>T;150C>T;162G>C;165G>A;171T>G;174A>G;177G>A;195G>A],NA,p.Met11Ser,0.4150846727960029,0.3901030557960759,0.4347259397733449,0.0601373051545115,-1.5170693,2.5783594021689824,2.544321315894164,2.6051161480831526
urn:mavedb:00000394-a-1#236,c.[3C>T;6T>G;21C>T;31A>G;32T>C;36T>C;42C>G;51C>T;72C>T;75C>T;120A>G;123T>C;141A>G;162G>C;165G>A;168G>A;177G>A;180G>C],NA,p.Met11Ala,0.2745799489519909,0.2489135282727508,0.2910382408005696,0.0422377054215757,-1.5191631,2.389602931203024,2.354548899194992,2.4120694559364
urn:mavedb:00000394-a-1#237,c.[15A>G;31A>G;32T>G;33G>C;36T>C;120A>G;135C>T;141A>G;165G>A;171T>G;174A>G;177G>A],NA,p.Met11Gly,-0.3337632405085519,-0.3430709055396421,-0.3037543329040738,0.0462743268808264,-1.5166559,1.5412310162262708,1.5278993619599373,1.584082445193101
urn:mavedb:00000394-a-1#238,c.[21C>T;31A>C;36T>C;42C>G;48C>T;72C>T;75C>T;102T>C;111G>C;120A>G;123T>C;126C>T;138T>C;141A>G;165G>A;171T>G;174A>G;177G>A],NA,p.Met11Leu,-0.2324256558303148,-0.2450763884686358,-0.2156881599976567,0.051530290851298,-1.5202336,1.6902471264144336,1.6723887429133062,1.7138328003926349
urn:mavedb:00000394-a-1#239,c.[21C>T;31A>G;33G>T;36T>C;42C>G;48C>T;120A>G;123T>C;129G>A;138T>C;141A>G;165G>A;171T>G;174A>G;177G>A],NA,p.Met11Val,-0.2558669762452246,-0.2752278429097468,-0.2244973139940663,0.0694064025977008,-1.5196881,1.656363491976684,1.6289373053189242,1.7006578079531738
urn:mavedb:00000394-a-1#240,c.[21C>T;33G>C;36T>C;42C>G;48C>T;69T>C;72C>T;120A>G;123T>C;141A>G],NA,p.Met11Ile,-0.7570445960521299,-0.8182380539916314,-0.7066719588005685,0.0398053469330454,-1.5242238,0.9161662416178472,0.8160179683360254,0.9964283086098644
urn:mavedb:00000394-a-1#241,c.[12C>T;21C>T;31A>T;32T>G;36T>C;42C>G;99G>C;105C>T;108G>C;111G>C;120A>G;126C>T;138T>C;141A>G;165G>A;171T>G;174A>G;177G>A;207T>C],NA,p.Met11Trp,-0.218311493755828,-0.2343033643009792,-0.1948978652797103,0.0652429673495608,-1.5218601,1.712425238142284,1.6898887572326875,1.7453459243764249
urn:mavedb:00000394-a-1#242,c.[3C>T;6T>G;18C>T;21C>T;31A>T;32T>A;33G>C;36T>C;42C>G;51C>T;69T>C;72C>T;120A>G;123T>C;135C>T;141A>G;165G>A;171T>G;174A>G;177G>A],NA,p.Met11Tyr,0.0187214858184644,-0.0223169769644545,0.0374664004651709,0.0617918242813198,-1.5209951,2.041224009970444,1.984533326851713,2.0670702190256267
urn:mavedb:00000394-a-1#243,c.[15A>G;21C>T;31A>T;33G>C;36T>C;48C>T;54G>A;66G>A;120A>G;123T>C;129G>A;138T>C;141A>G;165G>A;171T>G;174A>G;177G>A],NA,p.Met11Phe,0.2021478572645718,0.0476312072060377,0.2876997395848915,0.1787560122587006,-1.5252409,2.2988869518394544,2.08690092566425,2.4157575074379936
urn:mavedb:00000394-a-1#244,c.[6T>G;9G>A;12C>T;15A>G;21C>T;31A>C;32T>C;36T>C;42C>G;51C>T;78C>T;120A>G;123T>C;132C>T;135C>T;147G>C;168G>A;171T>G;174A>G],NA,p.Met11Pro,-1.469064985247413,-1.5381585902658217,-1.4027840452639992,0.0218429915439216,-1.5195236,-1.2144080205293184,-25.0,-0.6822204306773243
urn:mavedb:00000394-a-1#245,c.[3C>T;6T>G;21C>T;30G>C;31A>T;32T>G;33G>T;36T>C;42C>G;72C>T;75C>T;120A>G;141A>G;165G>A;171T>G;183A>G],NA,p.Met11Cys,0.9077981176822584,0.8829237596984305,0.9285706782437104,0.0661121913193817,-1.5221577,3.258071153721448,3.22387719839184,3.2866601757051184
urn:mavedb:00000394-a-1#246,c.[3C>T;6T>G;21C>T;30_31insGGT;36T>C;42C>G;108G>C;120A>G;132C>T],NA,p.Leu10_Met11insGly,-1.021346199332675,-1.0691458758993078,-0.9612489509217824,0.0393663856989515,-1.5011649,0.4075953060298145,0.3093100704370066,0.5238710905592714
urn:mavedb:00000394-a-1#247,c.[3C>T;15A>G;21C>T;30_31insGCG;36T>C;39C>T;42C>G;69T>C;72C>T;123T>C;126C>T;138T>C;141A>G;165G>A;171T>G;177G>A;180G>C],NA,p.Leu10_Met11insAla,-0.597124125881608,-0.6219320414979341,-0.574118783337964,0.0508918647424879,-1.5115156,1.1463094250182395,1.1084050037771884,1.1811933486949953
urn:mavedb:00000394-a-1#248,c.[6T>G;9G>A;21C>T;31_33del;36T>C;42C>G;51C>T;63G>C;72C>T;75C>T;120A>G;123T>C;129G>A;141A>G;171T>G;174A>G],NA,p.Met11del,-1.4191723257153877,-1.4549543097540996,-1.3747191050981076,0.0314062811818087,-1.5232286,-0.7577586749362016,-1.026858332409313,-0.520315167819606
urn:mavedb:00000394-a-1#249,c.[3C>T;6T>G;12C>T;21C>T;30G>C;34G>C;36T>G;51C>T;69T>C;72C>T;120A>G;123T>C;147G>C;165G>A;171T>G;174A>G;177G>A;180G>C;198G>T;207T>C],NA,p.Asp12Gln,0.4858426618485554,0.4704553185672314,0.5234680768918331,0.0424674504220443,-1.5496035,2.718608152963118,2.697666452091581,2.7698176888915707
urn:mavedb:00000394-a-1#250,c.[6T>G;9G>A;12C>T;21C>T;36T>A;42C>G;120A>G;123T>C;126C>T;141A>G;165G>A;171T>G;174A>G;177G>A],NA,p.Asp12Glu,-0.3262784775790975,-0.3646342965938529,-0.2898819321306335,0.0486096915826477,-1.5263109,1.565710332133014,1.5107953375837166,1.6175249909990248
urn:mavedb:00000394-a-1#251,c.[18C>T;21C>T;34G>A;36T>C;42C>G;48C>T;120A>G;123T>C;165G>A;171T>G;174A>G;177G>A;198G>T;207T>C],NA,p.Asp12Asn,0.8471733204345413,0.8241988033034097,0.8855509722655167,0.0751407568876043,-1.542469,3.2020421614655485,3.170551279004322,3.2547165316146627
urn:mavedb:00000394-a-1#252,c.[12C>T;21C>T;34G>C;36T>C;39C>T;42C>G;120A>G;129G>A;171T>G;174A>G;177G>A],NA,p.Asp12His,0.874416708713402,0.7976670064785722,0.948076401570774,0.0967907656922628,-1.5430384,3.240188188915189,3.134983964287501,3.341514213233132
urn:mavedb:00000394-a-1#253,c.[3C>T;6T>G;12C>T;21C>T;34G>C;35A>G;42C>G;60T>C;84C>T;108G>C;120A>G;141A>G;153A>G;174A>G;180G>C],NA,p.Asp12Arg,0.6737368921627103,0.5819129230471559,0.7124563613894309,0.0930564605926629,-1.6820817,3.152350431566932,3.027443120356777,3.2050989104700283
urn:mavedb:00000394-a-1#254,c.[9G>A;21C>T;34G>A;36T>A;42C>G;60T>C;120A>G;123T>C;126C>T;138T>C;141A>G;165G>A;171T>G;174A>G;177G>A],NA,p.Asp12Lys,0.8014792131375856,0.7558585761213366,0.8519549833164642,0.0464236156087892,-1.6206684,3.244308010567025,3.1819573103151386,3.3134222333834056
urn:mavedb:00000394-a-1#255,c.[3C>T;6T>G;21C>T;30G>C;34G>A;35A>C;42C>G;51C>T;72C>T;75C>T;99G>C;105C>T;120A>G;123T>C;141A>G;165G>A;171T>G;174A>G;177G>A],NA,p.Asp12Thr,-0.3313496284986065,-0.3450084096341433,-0.3215882804332382,0.0443332061998987,-1.5481977,1.5896390281304011,1.5701725554010857,1.6035271393407264
urn:mavedb:00000394-a-1#256,c.[3C>T;6T>G;18C>T;21C>T;34G>T;35A>C;42C>G;48C>T;69T>C;72C>T;120A>G;123T>C;135C>T;141A>G;174A>G],NA,p.Asp12Ser,0.1658985892542226,0.1265567942064402,0.1868773635117841,0.0578262686553282,-1.5472288,2.279236076078251,2.225374714629521,2.307926531514351
urn:mavedb:00000394-a-1#257,c.[3C>T;6T>G;21C>T;35A>C;36T>G;42C>G;54G>A;60T>C;120A>G;126C>T;144C>T;165G>A;171T>G;174A>G;177G>A],NA,p.Asp12Ala,0.1435780326012003,0.1244367837684821,0.1608588122857993,0.0445758122804983,-1.5698905,2.2795654242529007,2.253376020112665,2.3031940950817185
urn:mavedb:00000394-a-1#258,c.[3C>T;6T>G;21C>T;35A>G;36T>C;42C>G;48C>T;57T>G;69T>C;72C>T;120A>G;123T>C;135C>T;138T>C;141A>G;162G>C;165G>A;171T>G;174A>G;177G>A],NA,p.Asp12Gly,1.4413541446522553,1.383055507797894,1.5368545326769432,0.172026164009518,-1.5526633,4.050945320474291,3.966069670388448,4.192421828581487
urn:mavedb:00000394-a-1#259,c.[6T>G;9G>A;12C>T;21C>T;34G>A;35A>T;36T>G;39C>T;60T>C;69T>C;72C>T;120A>G;129G>A;138T>C;141A>G;150C>T;165G>A;168G>A;171T>G;174A>G],NA,p.Asp12Met,0.3956471871224724,0.3767635186368009,0.415475758242033,0.0527523762538147,-1.6007452,2.664881865234971,2.6392045465185734,2.691841327963398
urn:mavedb:00000394-a-1#260,c.[3C>T;6T>G;21C>T;34G>C;35A>T;36T>G;39C>T;42C>G;51C>T;75C>T;102T>C;105C>T;123T>C;141A>G;171T>G;174A>G;177G>A],NA,p.Asp12Leu,0.549825826239476,0.4903015439168805,0.5864442733092234,0.0805414408329399,-1.5985279,2.871530470946026,2.7905836910319786,2.921349010227768
urn:mavedb:00000394-a-1#261,c.[3C>T;6T>G;18C>T;21C>T;27G>A;35A>T;36T>G;39C>T;42C>G;48C>T;57T>G;60T>C;78C>T;102T>C;120A>G;123T>C;126C>T;135C>T;138T>C;141A>G;165G>A;171T>G;174A>G;177G>A],NA,p.Asp12Val,-0.8957635661254209,-0.9918174687351838,-0.8618728580164376,0.0300022918529237,-1.5670943,0.7577645530559729,0.5891826184806207,0.8147202193023181
urn:mavedb:00000394-a-1#262,c.[9G>A;12C>T;15A>G;18C>T;30G>C;34G>A;35A>T;39C>T;51C>T;54G>A;60T>C;72C>T;75C>T;99G>C;102T>C;120A>G;123T>C;138T>C;141A>G;165G>A;171T>G;174A>G;177G>A],NA,p.Asp12Ile,-0.721736175682906,-0.8205989386644348,-0.6762218617062047,0.0469767652870866,-1.5796375,1.0594688875489937,0.9029836769251042,1.1295115758017278
urn:mavedb:00000394-a-1#263,c.[3C>T;6T>G;21C>T;34G>T;35A>G;36T>G;42C>G;48C>T;120A>G;123T>C;138T>C;141A>G;144C>T;165G>A;171T>G;174A>G;177G>A],NA,p.Asp12Trp,0.5459015152596759,0.5105926131583519,0.5754352995903845,0.0397035473460363,-1.6307182,2.909482019952128,2.8614888036218287,2.949638837835348
urn:mavedb:00000394-a-1#264,c.[3C>T;6T>G;21C>T;34G>T;36T>C;42C>G;51C>T;120A>G;123T>C;129G>A;141A>G;165G>A;171T>G;174A>G;177G>A;180G>C],NA,p.Asp12Tyr,0.4419439913607582,0.367171099125978,0.4742802710395762,0.0567134904914318,-1.6085129,2.7382934874941744,2.636645526374417,2.7822481255643554
urn:mavedb:00000394-a-1#265,c.[12C>T;21C>T;34G>T;35A>T;36T>C;42C>G;48C>T;102T>C;105C>T;108G>C;120A>G;123T>C;135C>T;138T>C;141A>G;165G>A;171T>G;174A>G;177G>A],NA,p.Asp12Phe,0.6358191045082243,0.5277009033495079,0.6961689165333148,0.0824421787082053,-1.6192288,3.016366364691407,2.8692883833622065,3.0985836943356024
urn:mavedb:00000394-a-1#266,c.[3C>T;15A>G;21C>T;34G>C;35A>C;36T>A;39C>T;42C>G;51C>T;57T>G;69T>C;72C>T;120A>G;123T>C;135C>T;141A>G;171T>G;174A>G;177G>A],NA,p.Asp12Pro,-1.245286465895104,-1.275707973068691,-1.1932409863166291,0.0261829264372135,-1.5277886,-0.0504864693992691,-0.138961668171416,0.0864345500828919
urn:mavedb:00000394-a-1#267,c.[3C>T;21C>T;27G>A;30G>C;34G>T;35A>G;36T>C;72C>T;75C>T;120A>G;123T>C;126C>T;141A>G;165G>A;171T>G;177G>A],NA,p.Asp12Cys,0.7758243322682081,0.7665690966779052,0.7916316709168083,0.0707689304714096,-1.589014,3.1667814295698355,3.1541317103243487,3.18839569150021
urn:mavedb:00000394-a-1#268,c.[3C>T;6T>G;21C>T;33_34insGGT;36T>C;42C>G;48C>T;72C>T;75C>T;120A>G;123T>C;132C>T;165G>A;168G>A;174A>G],NA,p.Met11_Asp12insGly,-0.5894677978306312,-0.6128098073330225,-0.577653718501013,0.028879743543133,-1.5007143,1.1415326978157794,1.1058392207547527,1.1594957663782697
urn:mavedb:00000394-a-1#269,c.[9G>A;12C>T;18C>T;21C>T;33_34insGCT;36T>C;39C>T;42C>G;48C>T;72C>T;75C>T;123T>C;141A>G;165G>A;171T>G;180G>C],NA,p.Met11_Asp12insAla,-0.5761588856363051,-0.6088114717537447,-0.5558570149405511,0.0376192236841313,-1.5042515,1.1671227960209254,1.117388699955761,1.1977925963746678
urn:mavedb:00000394-a-1#270,c.[6T>G;9G>A;12C>T;21C>T;30G>C;34_36del;42C>G;69T>C;72C>T;120A>G;123T>C;126C>T;156T>C;165G>A;171T>G;174A>G;177G>A;180G>C],NA,p.Asp12del,-1.3187259575864725,-1.3600504519742,-1.2786747277532369,0.0318874264694147,-1.562274,-0.165179568566512,-0.3029773686182526,-0.0474343986984418
urn:mavedb:00000394-a-1#271,c.[3C>T;6T>G;21C>T;36T>C;37A>C;38C>A;39C>G;42C>G;48C>T;72C>T;75C>T;120A>G;123T>C;129G>A;141A>G;147G>C;156T>C;165G>A;171T>G;174A>G;177G>A;180G>C;198G>T],NA,p.Thr13Gln,-0.5366890279292813,-0.552813904859492,-0.5311590238242339,0.0339540491143905,-1.5223804,1.2536517194190129,1.2295631919856014,1.261889105299936
urn:mavedb:00000394-a-1#272,c.[15A>G;21C>T;36T>C;37A>G;38C>A;39C>A;42C>G;48C>T;72C>T;75C>T;78C>T;120A>G;123T>C;138T>C;141A>G;147G>C;156T>C;171T>G;177G>A],NA,p.Thr13Glu,-0.5712525507886681,-0.5991685230584293,-0.5496401302153248,0.0423216530598219,-1.5140486,1.189342315386797,1.1470502079029152,1.2218452624146128
urn:mavedb:00000394-a-1#273,c.[12C>T;21C>T;36T>C;38C>A;42C>G;48C>T;120A>G;123T>C;132C>T;141A>G;171T>G;174A>G;177G>A],NA,p.Thr13Asn,-0.6452151436539648,-0.659038518948585,-0.6279096509378643,0.041655817860364,-1.5173469,1.0815439639574218,1.0601541080470949,1.108174683893131
urn:mavedb:00000394-a-1#274,c.[3C>T;6T>G;15A>G;21C>T;36T>C;37A>C;38C>A;42C>G;48C>T;72C>T;75C>T;120A>G;123T>C;135C>T;138T>C;141A>G;165G>A;168G>A;174A>G],NA,p.Thr13His,-0.6539549741123742,-0.6832519874529814,-0.6145059525575433,0.054986321600201,-1.5162334,1.0663092629878876,1.020677811436086,1.1269935436414005
urn:mavedb:00000394-a-1#275,c.[12C>T;21C>T;36T>C;37A>G;38C>A;42C>G;51C>T;69T>C;72C>T;78C>T;120A>G;123T>C;129G>A;171T>G;174A>G;177G>A;180G>C],NA,p.Thr13Asp,-0.9753683068404024,-1.0056976136073628,-0.9435214262455566,0.0341048607168606,-1.5116892,0.517105694018991,0.4591204608549734,0.5762328162965792
urn:mavedb:00000394-a-1#276,c.[21C>T;36T>C;37A>C;38C>G;51C>T;84C>T;105C>T;120A>G;123T>C;135C>T;171T>G;174A>G;177G>A],NA,p.Thr13Arg,-0.6222652529479903,-0.7074811734794498,-0.5668342499624747,0.0664196427573148,-1.60151,1.2439462409636763,1.115136993832741,1.326121652003018
urn:mavedb:00000394-a-1#277,c.[6T>G;9G>A;12C>T;21C>T;36T>C;38C>A;39C>A;42C>G;72C>T;75C>T;111G>C;120A>G;123T>C;126C>T;141A>G;168G>A;174A>G;180G>C],NA,p.Thr13Lys,-0.7039138869111763,-0.7584096450232419,-0.6464882798923434,0.0416471435919999,-1.5410824,1.0272094678632806,0.9410326326511648,1.1160565902149913
urn:mavedb:00000394-a-1#278,c.[9G>A;15A>G;21C>T;36T>C;37A>T;39C>T;42C>G;48C>T;54G>A;63G>C;66G>A;69T>C;72C>T;78C>T;87T>C;102T>C;120A>G;123T>C;132C>T;138T>C;141A>G;147G>C;156T>C;165G>A;171T>G;174A>G;177G>A;198G>T],NA,p.Thr13Ser,-0.0812562327538883,-0.1005837559067562,-0.0560664975974086,0.1655033303734789,-1.5262203,1.9100696872072844,1.8832078538034704,1.9450172435187607
urn:mavedb:00000394-a-1#279,c.[15A>G;21C>T;27G>A;36T>C;37A>G;39C>G;120A>G;126C>T;138T>C;141A>G;153A>G;165G>A;171T>G;174A>G;177G>A],NA,p.Thr13Ala,-0.8317442066630177,-0.915497366261013,-0.735025075533713,0.04907185602798,-1.5319939,0.8064564855442315,0.6629847977934687,0.963840643112353
urn:mavedb:00000394-a-1#280,c.[21C>T;36T>C;37A>G;38C>G;39C>T;42C>G;51C>T;72C>T;75C>T;120A>G;123T>C;153A>G;165G>A;171T>G;174A>G;180G>C],NA,p.Thr13Gly,-0.8032530077831324,-0.8154480542625321,-0.7932601913041314,0.0259236684877291,-1.5215597,0.8364437476277061,0.8162290933123098,0.852908154500002
urn:mavedb:00000394-a-1#281,c.[15A>G;21C>T;36T>C;38C>T;39C>G;42C>G;48C>T;72C>T;75C>T;93C>T;102T>C;111G>C;120A>G;123T>C;135C>T;138T>C;141A>G;165G>A;171T>G;174A>G;177G>A],NA,p.Thr13Met,-0.5744813431841322,-0.6083640466110903,-0.5464415606222195,0.039056289484574,-1.533762,1.2141289284766803,1.1630060725409228,1.2560657329888791
urn:mavedb:00000394-a-1#282,c.[3C>T;6T>G;12C>T;24C>T;36T>C;37A>C;38C>T;39C>G;42C>G;51C>T;63G>C;78C>T;99G>C;105C>T;120A>G;123T>C;141A>G;168G>A;171T>G;174A>G;177G>A],NA,p.Thr13Leu,-0.4285299955372548,-0.4725873505142689,-0.3941272882675198,0.0413583321552277,-1.5301704,1.4241089736856656,1.3598582349189148,1.473893705658993
urn:mavedb:00000394-a-1#283,c.[3C>T;6T>G;15A>G;21C>T;36T>C;37A>G;38C>T;39C>T;42C>G;51C>T;120A>G;123T>C;129G>A;138T>C;141A>G;165G>A;171T>G;174A>G;177G>A],NA,p.Thr13Val,0.2299594798901268,0.1994596211603346,0.2521129397920892,0.0586547921797931,-1.5246181,2.3360633708881235,2.294362201460463,2.366329608303474
urn:mavedb:00000394-a-1#284,c.[18C>T;27G>A;36T>C;38C>T;39C>T;51C>T;69T>C;72C>T;123T>C;141A>G;165G>A;168G>A;171T>G;174A>G;180G>C;198G>T],NA,p.Thr13Ile,0.1636972033112313,0.1411133429912393,0.1851473803275986,0.0861121191665241,-1.5240545,2.244643876475479,2.213697994958975,2.2740119602872526
urn:mavedb:00000394-a-1#285,c.[3C>T;6T>G;18C>T;21C>T;36T>C;37A>T;38C>G;39C>G;42C>G;120A>G;126C>T;141A>G;144C>T;174A>G],NA,p.Thr13Trp,-0.5916625482867186,-0.6273114010513128,-0.5599260248471739,0.060367231275003,-1.548809,1.2109070961985926,1.1570724011157711,1.2583755917584836
urn:mavedb:00000394-a-1#286,c.[3C>T;6T>G;9G>A;21C>T;36T>C;37A>T;38C>A;39C>T;42C>G;48C>T;54G>A;57T>G;66G>A;72C>T;75C>T;123T>C;141A>G;168G>A;174A>G;180G>C],NA,p.Thr13Tyr,-0.7353698464680601,-0.7933664682605219,-0.7149658086664952,0.0681064910478197,-1.5348358,0.967806457619607,0.874465963867907,1.0000714650855398
urn:mavedb:00000394-a-1#287,c.[21C>T;36T>C;37A>T;38C>T;51C>T;63G>C;69T>C;72C>T;108G>C;120A>G;132C>T;165G>A;171T>G;174A>G;177G>A],NA,p.Thr13Phe,-0.5443724508976393,-0.6075725206544637,-0.4463420024215438,0.0743782592590652,-1.5397539,1.2680566790763297,1.1732760630336978,1.412138174968233
urn:mavedb:00000394-a-1#288,c.[3C>T;6T>G;21C>T;36T>C;37A>C;39C>A;42C>G;48C>T;120A>G;123T>C;141A>G;165G>A;171T>G;174A>G;177G>A;180G>C;198G>T],NA,p.Thr13Pro,-1.4286058170265656,-1.4856546631037106,-1.380887803521589,0.0257693872924994,-1.5244832,-0.8109107723220924,-1.3742682191625613,-0.5432978142045126
urn:mavedb:00000394-a-1#289,c.[9G>A;12C>T;21C>T;27G>A;37A>T;38C>G;42C>G;72C>T;75C>T;120A>G;123T>C;126C>T;141A>G;165G>A;171T>G;174A>G;177G>A;207T>C],NA,p.Thr13Cys,0.57171366480288,0.5449528698317108,0.5861956489032091,0.0456746243214417,-1.5327644,2.8128332497677087,2.776388480840472,2.8325594352326915
urn:mavedb:00000394-a-1#290,c.[21C>T;36_37insGGT;42C>G;48C>T;60T>C;66G>A;84C>T;120A>G;123T>C;126C>T;165G>A;171T>G;174A>G;177G>A;180G>C],NA,p.Asp12_Thr13insGly,-0.9507423508306584,-0.9811471446986028,-0.9314348985234676,0.0448909418661716,-1.494173,0.5304620138670676,0.4727337541353701,0.566278248583415
urn:mavedb:00000394-a-1#291,c.[21C>T;36delinsCGCT;54G>A;63G>C;120A>G;123T>C;126C>T;135C>T;165G>A;171T>G;174A>G;177G>A],NA,p.Asp12_Thr13insAla,-1.1585942709547572,-1.2052957177761043,-1.125446095270182,0.0248628116205819,-1.5004187,0.1044082077963086,-0.0157720715168437,0.183245654852508
urn:mavedb:00000394-a-1#292,c.[6T>G;9G>A;21C>T;24C>T;36T>C;37_39del;42C>G;51C>T;60T>C;69T>C;72C>T;120A>G;135C>T;141A>G;165G>A;168G>A;171T>G;174A>G],NA,p.Thr13del,-1.4503670625660177,-1.5145285768328782,-1.3890011247525256,0.0340450181099631,-1.5243783,-0.9761257345294904,-2.189396425963,-0.5832623917250791
urn:mavedb:00000394-a-1#293,c.[21C>T;36T>C;39C>T;41T>A;42C>A;120A>G;123T>C;126C>T;129G>A;141A>G;180G>C],NA,p.Leu14Gln,-1.1291272914993344,-1.25360753710893,-1.0525454119330635,0.061568573966985,-1.5110202,0.1991348984527419,-0.1229097538175545,0.3644216120933599
urn:mavedb:00000394-a-1#294,c.[3C>T;6T>G;21C>T;36T>C;40C>G;41T>A;42C>G;120A>G;129G>A;141A>G;177G>A],NA,p.Leu14Glu,-1.4036431919064327,-1.4909518304048044,-1.3180202127934488,0.0314345298934954,-1.5089593,-0.7499010862580491,-1.833977733140056,-0.3443741483424655
urn:mavedb:00000394-a-1#295,c.[12C>T;21C>T;36T>C;40C>A;41T>A;48C>T;120A>G;123T>C],NA,p.Leu14Asn,-1.324232960294366,-1.3644378307140914,-1.2735079576488324,0.0238064349668359,-1.5100737,-0.3637225308604851,-0.5336731446130406,-0.1871307720419575
urn:mavedb:00000394-a-1#296,c.[21C>T;36T>C;41T>A;48C>T;108G>C;114C>T;120A>G;123T>C;141A>G;144C>T;171T>G;174A>G;177G>A;180G>C],NA,p.Leu14His,-1.143435724868831,-1.1825432182066768,-1.0772365948301754,0.0396240152903877,-1.5091577,0.1617073650511132,0.0665552483429361,0.3090996583816088
urn:mavedb:00000394-a-1#297,c.[3C>T;6T>G;21C>T;36T>C;40C>G;41T>A;42C>T;54G>A;60T>C;102T>C;120A>G;123T>C;126C>T;135C>T;138T>C;141A>G;147G>C;150C>T;171T>G;174A>G;177G>A;198G>T],NA,p.Leu14Asp,-1.3873688423827637,-1.4421963521830994,-1.3149777811299086,0.0205205782537293,-1.5086765,-0.6567652826736454,-1.043530758053496,-0.3340725170051851
urn:mavedb:00000394-a-1#298,c.[6T>G;9G>A;12C>T;21C>T;36T>C;41T>G;42C>T;51C>T;120A>G;123T>C;174A>G;180G>C;183A>G;198G>T],NA,p.Leu14Arg,-1.369126052147807,-1.439037926687016,-1.2780650682453354,0.0418117167656606,-1.6170917,-0.151536548884733,-0.3941310762462043,0.0975009762347624
urn:mavedb:00000394-a-1#299,c.[3C>T;6T>G;21C>T;36T>C;40C>A;41T>A;42C>A;51C>T;54G>A;60T>C;78C>T;120A>G;123T>C;135C>T;156T>C;165G>A;171T>G;174A>G;177G>A;198G>T],NA,p.Leu14Lys,-1.434169589742615,-1.4611282463384263,-1.3947408510801165,0.0270395194154192,-1.5484891,-0.696062977461464,-0.8707556608407161,-0.4965107796328236
urn:mavedb:00000394-a-1#300,c.[3C>T;6T>G;15A>G;21C>T;36T>C;40C>A;41T>C;51C>T;72C>T;75C>T;102T>C;111G>C;120A>G;123T>C;135C>T;141A>G;165G>A;171T>G;174A>G;177G>A],NA,p.Leu14Thr,-0.8901195357835366,-0.9112955674959192,-0.8643208688283673,0.0258361209060867,-1.5120034,0.6724691779912654,0.6350111505727308,0.7173404897442851
urn:mavedb:00000394-a-1#301,c.[18C>T;21C>T;36T>C;40C>T;41T>C;42C>T;51C>T;72C>T;75C>T;120A>G;123T>C;138T>C;141A>G;171T>G;174A>G],NA,p.Leu14Ser,-1.0883120913117252,-1.2377251908561937,-0.9809452800472166,0.0809134759819983,-1.5118637,0.2912549782813947,-0.0740924297735055,0.5069028158357286
urn:mavedb:00000394-a-1#302,c.[3C>T;6T>G;12C>T;21C>T;36T>C;40C>G;41T>C;42C>G;51C>T;54G>A;120A>G;123T>C;141A>G;165G>A;171T>G;174A>G;177G>A;198G>T;207T>C],NA,p.Leu14Ala,-1.2717084402776364,-1.3490696314520898,-1.240255771835719,0.0376036906411167,-1.5227418,-0.1421418422777218,-0.4116898303415237,-0.0505302346712395
urn:mavedb:00000394-a-1#303,c.[12C>T;21C>T;39C>T;40C>G;41T>G;120A>G;123T>C;126C>T;138T>C;141A>G;171T>G;174A>G;177G>A],NA,p.Leu14Gly,-1.4584317175398622,-1.5533531194855064,-1.3655539830864032,0.0395199098560579,-1.5136518,-1.1588620898265451,-25.0,-0.5222140602550144
urn:mavedb:00000394-a-1#304,c.[9G>A;12C>T;21C>T;36T>C;40C>A;42C>G;51C>T;69T>C;72C>T;75C>T;123T>C;141A>G;174A>G;180G>C],NA,p.Leu14Met,-0.2765020729033021,-0.2989968590681823,-0.2648988670888225,0.0350571206692027,-1.5243721,1.6337620812478433,1.6018215248396168,1.6501996052518777
urn:mavedb:00000394-a-1#305,c.[21C>T;36T>C;40C>G;42C>T;48C>T;72C>T;75C>T;102T>C;111G>C;120A>G;123T>C;138T>C;141A>G;165G>A;168G>A;171T>G;177G>A;195G>A],NA,p.Leu14Val,0.2315972866502085,0.1826027633190299,0.284354829763259,0.0396995567713911,-1.5174427,2.3285464226417254,2.261520809313766,2.4006128635690103
urn:mavedb:00000394-a-1#306,c.[3C>T;6T>G;21C>T;36T>C;40C>A;48C>T;72C>T;75C>T;102T>C;111G>C;120A>G;123T>C;141A>G;165G>A;171T>G;174A>G;195G>A;207T>C],NA,p.Leu14Ile,0.5503035873829571,0.4729554857909427,0.599815100430717,0.0484263167303216,-1.5195527,2.7658814510803684,2.660537852749884,2.8333363183406424
urn:mavedb:00000394-a-1#307,c.[3C>T;6T>G;15A>G;21C>T;40C>T;41T>G;42C>G;48C>T;120A>G;123T>C;141A>G;165G>A;171T>G;174A>G;183A>G],NA,p.Leu14Trp,-0.9861648248583016,-1.0138744221962726,-0.9695850887732322,0.0283894523803507,-1.5521178,0.5721559501297535,0.5207064742845463,0.6023530704695756
urn:mavedb:00000394-a-1#308,c.[21C>T;36T>C;39C>T;40C>T;41T>A;48C>T;54G>A;66G>A;75C>T;78C>T;84C>T;90T>C;120A>G;123T>C;126C>T;135C>T;141A>G;165G>A;171T>G;174A>G;177G>A],NA,p.Leu14Tyr,-0.8124288058122795,-0.9226296088295898,-0.7582240477378346,0.038138458237251,-1.536644,0.8461793912066793,0.6586049529433392,0.934224712096234
urn:mavedb:00000394-a-1#309,c.[18C>T;21C>T;36T>C;40C>T;48C>T;54G>A;66G>A;78C>T;87T>C;90T>C;102T>C;108G>C;111G>C;120A>G;123T>C;135C>T;141A>G;165G>A;171T>G;174A>G;177G>A],NA,p.Leu14Phe,-0.4577573851124991,-0.4801815486518415,-0.3977075820459797,0.0476444677213355,-1.5409088,1.3972006379806647,1.364448066837832,1.4841946021760264
urn:mavedb:00000394-a-1#310,c.[3C>T;6T>G;18C>T;21C>T;36T>C;39C>T;41T>C;42C>G;63G>C;66G>A;72C>T;75C>T;120A>G;123T>C;126C>T;141A>G;165G>A;168G>A;174A>G],NA,p.Leu14Pro,-0.9305501589451972,-0.9786631824338212,-0.852272102981149,0.0553452220902628,-1.5140672,0.6041509141158802,0.5153767650715261,0.7415560266890441
urn:mavedb:00000394-a-1#311,c.[21C>T;36T>C;40C>T;41T>G;72C>T;75C>T;120A>G;138T>C;141A>G;165G>A;168G>A;171T>G],NA,p.Leu14Cys,-0.4326679217692285,-0.4464527897697724,-0.3597041721772854,0.0493180063764865,-1.5289464,1.4163221308357727,1.3962598805571564,1.5216491951903837
urn:mavedb:00000394-a-1#312,c.[3C>T;6T>G;21C>T;36T>C;39_40insGGC;42C>G;57T>G;63G>C;72C>T;75C>T;78C>T;114C>T;120A>G;123T>C;126C>T;132C>T;144C>T;156T>C;165G>A;168G>A;177G>A],NA,p.Thr13_Leu14insGly,-1.3992509771000368,-1.445580260902512,-1.329906471914999,0.0347460339011121,-1.4932809,-0.8234696412661667,-1.2488819194315617,-0.4544584008396667
urn:mavedb:00000394-a-1#313,c.[3C>T;6T>G;21C>T;30G>C;36T>C;39_40insGCT;42C>G;78C>T;120A>G;129G>A;138T>C;141A>G;177G>A],NA,p.Thr13_Leu14insAla,-1.2017638592562263,-1.2514209787821575,-1.1398321229720028,0.0293495305761576,-1.5067544,0.0106460782073488,-0.1291374181830617,0.1645217739297424
urn:mavedb:00000394-a-1#314,c.[21C>T;36T>C;40_42del;51C>T;54G>A;120A>G;123T>C;141A>G;171T>G;174A>G;177G>A;180G>C;198G>T;207T>C],NA,p.Leu14del,-1.5193304325030974,-1.5810562986850607,-1.475492224362547,0.0403453918830438,-1.5181808,-15.0,-25.0,-1.3166789434156878
urn:mavedb:00000394-a-1#315,c.[21C>T;30G>C;43A>C;44T>A;120A>G;126C>T;144C>T;165G>A;171T>G;174A>G;177G>A],NA,p.Met15Gln,-1.50416581354376,-1.55753571159891,-1.4613993321467904,0.0300274569408054,-1.5141783,-2.179779998296312,-25.0,-1.1867504252862493
urn:mavedb:00000394-a-1#316,c.[21C>T;36T>C;42C>G;43A>G;44T>A;45G>A;48C>T;72C>T;75C>T;120A>G;123T>C;126C>T;138T>C;141A>G;144C>T;153A>G;165G>A;171T>G;174A>G;177G>A],NA,p.Met15Glu,-1.4348234082358746,-1.4698984139410758,-1.3842065799151833,0.0322852651032671,-1.5080094,-0.983193464605106,-1.385570888604136,-0.6432114169561588
urn:mavedb:00000394-a-1#317,c.[3C>T;6T>G;21C>T;36T>C;42C>G;44T>A;45G>C;120A>G;123T>C;126C>T;141A>G;165G>A;171T>G;174A>G;177G>A],NA,p.Met15Asn,-1.3933323736973704,-1.463667212798525,-1.2460948922672963,0.0413884386405948,-1.5131679,-0.6648764079491692,-1.2261759875867315,-0.0944438852515292
urn:mavedb:00000394-a-1#318,c.[3C>T;6T>G;12C>T;36T>C;42C>G;43A>C;44T>A;45G>C;72C>T;75C>T;114C>T;120A>G;123T>C;126C>T;141A>G;165G>A;168G>A;177G>A;180G>C],NA,p.Met15His,-1.5514548981450589,-1.641096811528762,-1.4886481951995916,0.0330109630374646,-1.511549,-15.0,-25.0,-1.6912607127223744
urn:mavedb:00000394-a-1#319,c.[6T>G;9G>A;12C>T;21C>T;36T>C;42C>G;43A>G;44T>A;45G>T;48C>T;120A>G;123T>C;174A>G;198G>T],NA,p.Met15Asp,-1.50677478391174,-1.6890040956741863,-1.4359583045478514,0.0368419012345528,-1.5069008,-4.7239984927052685,-25.0,-1.0027911026687646
urn:mavedb:00000394-a-1#320,c.[3C>T;9G>A;21C>T;36T>C;42C>G;43A>C;44T>G;45G>T;51C>T;60T>C;120A>G;123T>C;165G>A;168G>A;174A>G;180G>C],NA,p.Met15Arg,-1.5062776966028315,-1.5623986813238049,-1.463006691812862,0.0299014094032593,-1.5514464,-1.2822447211574786,-25.0,-0.8628924568780967
urn:mavedb:00000394-a-1#321,c.[3C>T;6T>G;12C>T;21C>T;36T>C;44T>A;45G>A;48C>T;66G>A;72C>T;75C>T;120A>G;123T>C;132C>T;144C>T;171T>G;174A>G;177G>A],NA,p.Met15Lys,-1.4398556746172253,-1.54077759716122,-1.243631827350864,0.0592579258474945,-1.5196939,-0.9281627969383348,-25.0,-0.06861918980787
urn:mavedb:00000394-a-1#322,c.[3C>T;6T>G;12C>T;21C>T;36T>C;42C>G;44T>C;45G>C;51C>T;120A>G;123T>C;129G>A;141A>G;147G>C;165G>A;171T>G;174A>G;177G>A],NA,p.Met15Thr,-1.518265665974675,-1.554986530533147,-1.4657485432246251,0.0198095658888724,-1.5158882,-15.0,-25.0,-1.2183025584275793
urn:mavedb:00000394-a-1#323,c.[3C>T;6T>G;21C>T;36T>C;42C>G;43A>T;44T>C;45G>T;69T>C;72C>T;120A>G;123T>C;126C>T;141A>G;165G>A;171T>G;174A>G;177G>A;180G>C],NA,p.Met15Ser,-1.3995385661688275,-1.4575114220092342,-1.3619233611684047,0.0366816069909013,-1.5176868,-0.6742800123560482,-1.10563660443229,-0.4875268722432569
urn:mavedb:00000394-a-1#324,c.[3C>T;42C>G;43A>G;44T>C;72C>T;75C>T;78C>T;108G>C;111G>C;120A>G;123T>C;126C>T;132C>T;135C>T;141A>G;165G>A;168G>A;177G>A],NA,p.Met15Ala,-1.321163458333026,-1.4202507181739836,-1.1978385305451775,0.061750989214588,-1.5196342,-0.3165323942740672,-0.7876494360648159,0.0543156686016383
urn:mavedb:00000394-a-1#325,c.[3C>T;6T>G;18C>T;21C>T;39C>T;42C>G;43A>G;44T>G;45G>T;51C>T;54G>A;99G>C;120A>G;123T>C;129G>A;138T>C;141A>G;168G>A;174A>G;198G>T],NA,p.Met15Gly,-1.2843103611967075,-1.408708595718899,-1.166390241251812,0.0542625869837691,-1.5140972,-0.208925866363191,-0.749452445580997,0.1187447688720439
urn:mavedb:00000394-a-1#326,c.[21C>T;36T>C;42C>G;43A>C;45G>C;120A>G;129G>A;150C>T;165G>A;171T>G;174A>G;177G>A],NA,p.Met15Leu,-1.1464175550872548,-1.200389269714828,-1.0817073244958066,0.0453664211978926,-1.5178947,0.1751427510406449,0.0433172109869591,0.3181145073266807
urn:mavedb:00000394-a-1#327,c.[12C>T;21C>T;36T>C;42C>G;43A>G;45G>T;51C>T;69T>C;72C>T;114C>T;120A>G;135C>T;141A>G;165G>A;168G>A;171T>G],NA,p.Met15Val,-1.425514241826375,-1.5108439871213726,-1.3365205120827992,0.0252193297111984,-1.5157013,-0.8503323742398232,-2.602774658937024,-0.3896496840457045
urn:mavedb:00000394-a-1#328,c.[6T>G;9G>A;21C>T;36T>C;39C>T;42C>G;45G>C;63G>C;72C>T;75C>T;120A>G;171T>G;177G>A],NA,p.Met15Ile,-0.413307846596729,-0.4369272998311945,-0.3908489792507025,0.0393108453525279,-1.5196543,1.430955240738899,1.3966142315959766,1.4634639680246422
urn:mavedb:00000394-a-1#329,c.[3C>T;6T>G;21C>T;36T>C;42C>G;43A>T;44T>G;48C>T;120A>G;123T>C;141A>G;165G>A;171T>G;174A>G;177G>A;198G>T;207T>C],NA,p.Met15Trp,-1.3610048705489626,-1.4101384227522475,-1.3016063899960169,0.0247990506984882,-1.5249758,-0.4519272586818829,-0.6930766788715236,-0.2300143396245117
urn:mavedb:00000394-a-1#330,c.[3C>T;6T>G;21C>T;36T>C;42C>G;43A>T;44T>A;45G>C;48C>T;120A>G;123T>C;141A>G;144C>T;165G>A;171T>G;174A>G;177G>A],NA,p.Met15Tyr,-1.3000025717535957,-1.3693186177826613,-1.1738032819838258,0.0527670063969824,-1.5197558,-0.2420997336979701,-0.511473203550318,0.1144828860487979
urn:mavedb:00000394-a-1#331,c.[6T>G;9G>A;12C>T;21C>T;36T>C;42C>G;43A>T;45G>C;108G>C;111G>C;120A>G;126C>T;141A>G;168G>A;174A>G],NA,p.Met15Phe,-1.3576185947936916,-1.4618422736629555,-1.3024800362271372,0.0572792922000078,-1.5224113,-0.4484438229618492,-1.101586471681748,-0.2415016829751172
urn:mavedb:00000394-a-1#332,c.[3C>T;6T>G;21C>T;36T>C;42C>G;43A>C;44T>C;45G>A;69T>C;72C>T;120A>G;123T>C;126C>T;141A>G;165G>A;171T>G;174A>G;177G>A],NA,p.Met15Pro,-1.5203179825572002,-1.563982773241356,-1.476794364806554,0.0252260958525234,-1.5097685,-15.0,-25.0,-1.473020667604373
urn:mavedb:00000394-a-1#333,c.[12C>T;21C>T;36T>C;42C>G;43A>T;44T>G;45G>C;72C>T;75C>T;120A>G;141A>G;165G>A;171T>G;174A>G;177G>A],NA,p.Met15Cys,-0.6581690586808975,-0.6888651733792671,-0.6384844055621819,0.0352952223868609,-1.5210805,1.067285172983231,1.019473461499864,1.0976625575923464
urn:mavedb:00000394-a-1#334,c.[3C>T;9G>A;12C>T;21C>T;36T>C;42delinsGGGT;48C>T;57T>G;66G>A;69T>C;72C>T;75C>T;108G>C;120A>G;123T>C;141A>G;162G>C;165G>A;171T>G;177G>A],NA,p.Leu14_Met15insGly,-1.2636835225967469,-1.351857817051207,-1.1958965794975551,0.0423857623271528,-1.4980159,-0.1942556242765952,-0.5312266050482366,0.0030227809510518
urn:mavedb:00000394-a-1#335,c.[21C>T;36T>C;42delinsGGCG;78C>T;120A>G;123T>C;126C>T;156T>C;165G>A;171T>G;174A>G;177G>A],NA,p.Leu14_Met15insAla,-1.352056306115521,-1.386093120523239,-1.3214428757679988,0.0280251523724001,-1.5098572,-0.4785453812895389,-0.6434203645350073,-0.353903502908436
urn:mavedb:00000394-a-1#336,c.[6T>G;9G>A;12C>T;21C>T;36T>C;39C>T;42C>G;43_45del;108G>C;114C>T;120A>G;126C>T;141A>G;147G>C;168G>A;171T>G;174A>G;177G>A;180G>C],NA,p.Met15del,-1.4469680262953055,-1.5336897285977191,-1.3951797409778308,0.0651381361675012,-1.5176783,-1.0048537389008734,-25.0,-0.6502680377685391
urn:mavedb:00000394-a-1#337,c.[3C>T;6T>G;21C>T;36T>C;42C>G;46A>C;47C>A;48C>G;120A>G;123T>C;141A>G;165G>A;171T>G;174A>G;177G>A;183A>G;198G>T;207T>C],NA,p.Thr16Gln,0.133273033512971,0.1112162823992153,0.1471526594094743,0.0432744505278632,-1.5217438,2.1997925552030586,2.169527557012518,2.2188228110198063
urn:mavedb:00000394-a-1#338,c.[3C>T;6T>G;12C>T;21C>T;30G>C;42C>G;46A>G;47C>A;48C>A;69T>C;72C>T;120A>G;123T>C;132C>T;138T>C;141A>G;147G>C;153A>G;165G>A;171T>G;177G>A;180G>C],NA,p.Thr16Glu,0.1650195716211194,0.1149650229332084,0.2057899824620873,0.0542440899561187,-1.5072265,2.2235024021360124,2.1548195638826098,2.2793448327748376
urn:mavedb:00000394-a-1#339,c.[3C>T;12C>T;21C>T;24C>T;27G>A;30G>C;47C>A;72C>T;75C>T;120A>G;123T>C;129G>A;141A>G;177G>A],NA,p.Thr16Asn,-0.1117304570353503,-0.13624099750604,-0.0783007425276505,0.0818576711106172,-1.5197468,1.8587019519583468,1.824518877809336,1.90520613975028
urn:mavedb:00000394-a-1#340,c.[3C>T;6T>G;15A>G;21C>T;36T>C;42C>G;46A>C;47C>A;54G>A;72C>T;75C>T;120A>G;123T>C;132C>T;141A>G;165G>A;168G>A;174A>G],NA,p.Thr16His,-0.0335761091522857,-0.0472170517017441,0.0114752439908795,0.0457720543857769,-1.518249,1.9651615977228285,1.9462643580528327,2.027446155320749
urn:mavedb:00000394-a-1#341,c.[3C>T;6T>G;12C>T;21C>T;30G>C;42C>G;46A>G;47C>A;120A>G;123T>C;141A>G;165G>A;171T>G;174A>G;177G>A;198G>T],NA,p.Thr16Asp,-0.2273424839544378,-0.2416728877051543,-0.2206985607040444,0.0591699409275962,-1.5076733,1.6797264446105216,1.6594750262808136,1.689103297377727
urn:mavedb:00000394-a-1#342,c.[6T>G;9G>A;12C>T;21C>T;24C>T;27G>A;36T>C;42C>G;46A>C;47C>G;48C>T;63G>C;69T>C;72C>T;120A>G;123T>C;138T>C;141A>G;168G>A;177G>A],NA,p.Thr16Arg,0.1504320990306572,0.116759607245011,0.2302089933024417,0.116891998740729,-1.5522962,2.264976113702448,2.218865565867919,2.374009144338137
urn:mavedb:00000394-a-1#343,c.[21C>T;36T>C;42C>G;47C>A;48C>A;72C>T;75C>T;120A>G;123T>C;165G>A;168G>A],NA,p.Thr16Lys,0.1420066206241794,0.0743673397708925,0.1738751650064217,0.0510114739798757,-1.5282159,2.220602042316189,2.127763237973674,2.26425235896105
urn:mavedb:00000394-a-1#344,c.[3C>T;6T>G;21C>T;36T>C;42C>G;46A>T;48C>T;120A>G;123T>C;138T>C;141A>G;174A>G;198G>T],NA,p.Thr16Ser,0.1196252889649122,0.0853811673418476,0.1685206060956478,0.0593877344263543,-1.5260496,2.1869534699696707,2.139934683896523,2.253969265732209
urn:mavedb:00000394-a-1#345,c.[21C>T;36T>C;42C>G;46A>G;48C>G;69T>C;72C>T;120A>G;123T>C;129G>A;138T>C;141A>G;165G>A;171T>G;174A>G;177G>A],NA,p.Thr16Ala,-0.06470389976148,-0.0825140857275234,-0.0482805013045581,0.0513309103635651,-1.529067,1.936978918300771,1.9122660326680925,1.9597380417573904
urn:mavedb:00000394-a-1#346,c.[3C>T;6T>G;12C>T;36T>C;42C>G;46A>G;47C>G;48C>T;120A>G;123T>C;138T>C;141A>G;144C>T;174A>G],NA,p.Thr16Gly,-0.7182314026953848,-0.742805452144355,-0.6889722901239146,0.0391528059343713,-1.5250778,0.9795170843781458,0.9404039183218004,1.025560475170071
urn:mavedb:00000394-a-1#347,c.[12C>T;21C>T;42C>G;47C>T;48C>G;120A>G;123T>C;141A>G;168G>A;177G>A;198G>T],NA,p.Thr16Met,0.3593119608954948,0.3303600172136272,0.3912510472846855,0.0391696535583638,-1.5446529,2.539673244675748,2.500230186185489,2.58316970276068
urn:mavedb:00000394-a-1#348,c.[21C>T;36T>C;42C>G;46A>C;47C>T;48C>G;57T>G;69T>C;72C>T;120A>G;123T>C;138T>C;141A>G;162G>C;165G>A;171T>G;174A>G;177G>A;198G>T;207T>C],NA,p.Thr16Leu,0.4124387692585385,0.3728016205960828,0.4503352787090077,0.0875549625140725,-1.5413446,2.607549467566644,2.5535735151152563,2.659141122758125
urn:mavedb:00000394-a-1#349,c.[9G>A;12C>T;21C>T;36T>C;42C>G;46A>G;47C>T;48C>T;120A>G;123T>C;141A>G;174A>G;180G>C;198G>T],NA,p.Thr16Val,0.3106501951939578,0.2857263792816678,0.3463732416163108,0.0432942109619452,-1.5312214,2.4551727568798527,2.421176035083631,2.503872964448299
urn:mavedb:00000394-a-1#350,c.[3C>T;6T>G;21C>T;36T>C;42C>G;47C>T;72C>T;75C>T;102T>C;111G>C;120A>G;123T>C;138T>C;141A>G;165G>A;171T>G;174A>G;177G>A;198G>T],NA,p.Thr16Ile,0.3805472974699689,0.3014936908438735,0.4768017387330404,0.1302732909489126,-1.5404749,2.562947218764855,2.455225437541944,2.693995437111841
urn:mavedb:00000394-a-1#351,c.[3C>T;6T>G;21C>T;36T>C;42C>G;46A>T;47C>G;48C>G;120A>G;123T>C;141A>G;165G>A;171T>G;174A>G;177G>A;198G>T],NA,p.Thr16Trp,0.1610763502696211,0.1389755587144663,0.1788396328148433,0.0707497823152969,-1.5352416,2.256305246626027,2.226035053017404,2.280616719049277
urn:mavedb:00000394-a-1#352,c.[3C>T;6T>G;9G>A;36T>C;42C>G;46A>T;47C>A;54G>A;63G>C;72C>T;75C>T;120A>G;123T>C;132C>T;141A>G;177G>A],NA,p.Thr16Tyr,0.0670699511064813,0.053190487792301,0.0797939763670884,0.0609829478217389,-1.5325823,2.1237119087509613,2.104622409417679,2.141200396575352
urn:mavedb:00000394-a-1#353,c.[3C>T;6T>G;21C>T;36T>C;42C>G;46A>T;47C>T;120A>G;123T>C;141A>G;174A>G;198G>T;207T>C],NA,p.Thr16Phe,0.0704387215358065,0.0488437653607363,0.0786216592677191,0.0557129522393641,-1.5399041,2.1383694507033546,2.1086804072801044,2.149611092184125
urn:mavedb:00000394-a-1#354,c.[3C>T;6T>G;15A>G;21C>T;36T>C;42C>G;46A>C;48C>G;72C>T;75C>T;99G>C;120A>G;123T>C;135C>T;141A>G;147G>C;153A>G;171T>G;174A>G;177G>A],NA,p.Thr16Pro,-1.1469073025433505,-1.240512397316606,-1.1003115586492835,0.0475640301244305,-1.5174136,0.1728853238939137,-0.0662387324646948,0.2773603195944731
urn:mavedb:00000394-a-1#355,c.[21C>T;36T>C;42C>G;46A>T;47C>G;51C>T;63G>C;69T>C;72C>T;78C>T;120A>G;123T>C;141A>G;165G>A;171T>G;180G>C;198G>T;207T>C],NA,p.Thr16Cys,0.5385049858003319,0.5256244416106908,0.563299941678463,0.0505633469419219,-1.5333958,2.76845877496825,2.7509203531542323,2.8022240410222072
urn:mavedb:00000394-a-1#356,c.[21C>T;36T>C;42C>G;45_46insGGT;72C>T;75C>T;105C>T;120A>G;123T>C;126C>T;135C>T;141A>G;171T>G;174A>G;177G>A;192C>T;195G>A;207T>C],NA,p.Met15_Thr16insGly,-1.4502705583203608,-1.489680035361802,-1.4081057680498703,0.030104665898699,-1.4981122,-1.2470748006655186,-2.280469120571057,-0.8516171245005636
urn:mavedb:00000394-a-1#357,c.[21C>T;36T>C;42C>G;45_46insGCT;51C>T;72C>T;75C>T;120A>G;123T>C;138T>C;141A>G;171T>G;174A>G;177G>A],NA,p.Met15_Thr16insAla,-1.4655213335571848,-1.5170264011872308,-1.431667602472619,0.042069809896911,-1.5049057,-1.3656448295124708,-25.0,-0.982744410385498
urn:mavedb:00000394-a-1#358,c.[6T>G;9G>A;12C>T;21C>T;36T>C;46_48del;72C>T;75C>T;78C>T;120A>G;123T>C;126C>T;141A>G;168G>A;174A>G],NA,p.Thr16del,-1.42447480889601,-1.4652810567108514,-1.376217719106006,0.0370628764687679,-1.5254884,-0.7770836787498138,-1.1053078854285934,-0.5168129672908273
urn:mavedb:00000394-a-1#359,c.[21C>T;36T>C;42C>G;49G>C;51C>G;54G>A;57T>G;60T>C;69T>C;72C>T;120A>G;123T>C;138T>C;141A>G;144C>T;165G>A;171T>G;174A>G;177G>A],NA,p.Asp17Gln,-1.1361096047762542,-1.1854159554367103,-1.0991919107650945,0.0184268528445725,-1.5493279,0.2689225700840636,0.157441649340328,0.3472370567828057
urn:mavedb:00000394-a-1#360,c.[3C>T;6T>G;15A>G;21C>T;36T>C;42C>G;51C>G;54G>A;66G>A;120A>G;123T>C;141A>G;165G>A;171T>G;174A>G;195G>A;207T>C],NA,p.Asp17Glu,-0.4076829473579612,-0.4421864180623626,-0.3809810769616304,0.0610129131795298,-1.52496,1.4467853034050335,1.3966739648253736,1.4853424852617172
urn:mavedb:00000394-a-1#361,c.[3C>T;6T>G;21C>T;36T>C;42C>G;49G>A;69T>C;72C>T;120A>G;123T>C;138T>C;141A>G;165G>A;171T>G;174A>G;177G>A;180G>C;183A>G;198G>T],NA,p.Asp17Asn,-0.5919542264492651,-0.6245455983210776,-0.5637338952298502,0.0452478381266107,-1.5418882,1.2000682760764874,1.150766710623856,1.242382257376742
urn:mavedb:00000394-a-1#362,c.[21C>T;36T>C;42C>G;49G>C;120A>G;123T>C;138T>C;141A>G;165G>A;171T>G;174A>G;177G>A;198G>T],NA,p.Asp17His,-0.9368051085957666,-1.0822455998465157,-0.8314039152921786,0.0503492395425077,-1.5382318,0.6362793365760402,0.3593059772890366,0.8174095439929724
urn:mavedb:00000394-a-1#363,c.[3C>T;6T>G;15A>G;21C>T;36T>C;42C>G;49G>C;50A>G;51C>T;57T>G;66G>A;72C>T;75C>T;111G>C;120A>G;123T>C;132C>T;138T>C;141A>G;174A>G;180G>C;189G>A;192C>T;198G>T],NA,p.Asp17Arg,-1.23483130835716,-1.3296802513133368,-1.1189636532070688,0.0497868418534045,-1.5831494,0.1202070639512265,-0.1347703916481914,0.3760549351231058
urn:mavedb:00000394-a-1#364,c.[3C>T;6T>G;21C>T;36T>C;42C>G;49G>A;51C>A;57T>G;120A>G;123T>C;141A>G;162G>C;165G>A;168G>A;171T>G;174A>G;180G>C;198G>T],NA,p.Asp17Lys,-1.410569075862138,-1.5056474616534523,-1.3189319535995003,0.0418565367271294,-1.5506191,-0.5602988545840667,-1.2849145029399782,-0.2027756028561811
urn:mavedb:00000394-a-1#365,c.[3C>T;6T>G;15A>G;21C>T;36T>C;42C>G;49G>A;50A>C;51C>T;54G>A;102T>C;120A>G;123T>C;129G>A;138T>C;141A>G;168G>A;171T>G;174A>G],NA,p.Asp17Thr,-1.3021155030380456,-1.3265267318543783,-1.2333826089344817,0.0272298866382303,-1.5492883,-0.1539603987805193,-0.2320403986074466,0.0391821345236038
urn:mavedb:00000394-a-1#366,c.[15A>G;21C>T;39C>T;42C>G;48C>T;49G>T;50A>C;51C>T;120A>G;123T>C;138T>C;141A>G;165G>A;168G>A;177G>A],NA,p.Asp17Ser,-1.0739633715552084,-1.142797001180937,-1.0078413636221049,0.0505363085125714,-1.5489159,0.397830135523055,0.2533939996374223,0.5260240757615091
urn:mavedb:00000394-a-1#367,c.[15A>G;21C>T;30G>C;36T>C;42C>G;50A>C;51C>G;54G>A;57T>G;60T>C;63G>C;69T>C;72C>T;78C>T;99G>C;102T>C;120A>G;123T>C;135C>T;141A>G;165G>A;171T>G;174A>G;177G>A],NA,p.Asp17Ala,1.0987126138153136,0.6069555046278945,1.699734391455323,0.3267766943772257,-1.5501528,3.5597459656489834,2.884230706861404,4.439911938993639
urn:mavedb:00000394-a-1#368,c.[3C>T;15A>G;21C>T;36T>C;42C>G;48C>T;50A>G;120A>G;123T>C;126C>T;141A>G;165G>A;171T>G;174A>G;177G>A],NA,p.Asp17Gly,-1.3512133432357487,-1.3960333576774138,-1.3230311830048291,0.0267284526154745,-1.545044,-0.3335900634372847,-0.5180112435253282,-0.2345349556068491
urn:mavedb:00000394-a-1#369,c.[9G>A;21C>T;27G>A;30G>C;42C>G;49G>A;50A>T;51C>G;57T>G;72C>T;75C>T;111G>C;135C>T;138T>C;141A>G;165G>A;171T>G;174A>G;177G>A],NA,p.Asp17Met,-1.0305402572214712,-1.0948171936629736,-0.9851869457010448,0.0485338754470476,-1.571723,0.5262177645632824,0.4017411716234476,0.6095739708434836
urn:mavedb:00000394-a-1#370,c.[3C>T;6T>G;21C>T;36T>C;42C>G;49G>C;50A>T;51C>G;63G>C;120A>G;123T>C;141A>G;165G>A;171T>G;174A>G;177G>A;180G>C;198G>T;207T>C],NA,p.Asp17Leu,-1.122486758308308,-1.2013796566510118,-1.056905163931032,0.0467565875571279,-1.5652189,0.331833868414118,0.1572661997486439,0.4636017910930453
urn:mavedb:00000394-a-1#371,c.[3C>T;6T>G;21C>T;36T>C;42C>G;50A>T;51C>G;57T>G;120A>G;123T>C;141A>G;165G>A;168G>A;174A>G],NA,p.Asp17Val,-1.2276573668258526,-1.2837729311205193,-1.144299274701032,0.057840059507966,-1.5530319,0.0634066768971341,-0.0881156781216968,0.2591286685485062
urn:mavedb:00000394-a-1#372,c.[21C>T;36T>C;42C>G;49G>A;50A>T;120A>G;123T>C;162G>C;165G>A;168G>A;171T>G;174A>G;180G>C;198G>T],NA,p.Asp17Ile,-1.0363297607130308,-1.1155413231493967,-0.9551356132757914,0.0441731284666826,-1.5613194,0.4956245772896189,0.338187537370417,0.6447300771623584
urn:mavedb:00000394-a-1#373,c.[3C>T;18C>T;21C>T;36T>C;49G>T;50A>G;51C>G;72C>T;75C>T;120A>G;123T>C;135C>T;141A>G;165G>A;168G>A],NA,p.Asp17Trp,-0.789859729163046,-0.8393863904688711,-0.7597174849146434,0.033746653297531,-1.5641327,0.9275507199125343,0.8470365444877116,0.9756360838033384
urn:mavedb:00000394-a-1#374,c.[21C>T;36T>C;42C>G;49G>T;78C>T;102T>C;120A>G;135C>T;141A>G;165G>A;171T>G;174A>G;177G>A],NA,p.Asp17Tyr,-0.9308219216882108,-0.9961087190715066,-0.8779519523744304,0.0344757723810753,-1.5585403,0.6826636758920783,0.5656848318092627,0.7734419885925518
urn:mavedb:00000394-a-1#375,c.[21C>T;30G>C;39C>T;42C>G;49G>T;50A>T;69T>C;72C>T;78C>T;120A>G;138T>C;141A>G;144C>T;153A>G;165G>A;171T>G;174A>G;177G>A],NA,p.Asp17Phe,-0.7455283294167894,-0.776089340988852,-0.6946205558382651,0.0414444734051216,-1.5694618,1.0064370937580702,0.9580905919830934,1.0856768431794503
urn:mavedb:00000394-a-1#376,c.[3C>T;6T>G;18C>T;21C>T;39C>T;42C>G;48C>T;49G>C;50A>C;51C>A;72C>T;75C>T;120A>G;168G>A;171T>G;174A>G;177G>A],NA,p.Asp17Pro,-1.4069129869529238,-1.4354749915414606,-1.3374506744261552,0.0382526048040024,-1.5434833,-0.5773377972400582,-0.7333947473513432,-0.2894078115233643
urn:mavedb:00000394-a-1#377,c.[21C>T;36T>C;42C>G;49G>T;50A>G;51C>T;120A>G;123T>C;141A>G;177G>A],NA,p.Asp17Cys,-0.2035630392815495,-0.2272732875091199,-0.1711582311210463,0.0550290244757431,-1.5570965,1.7825075982877303,1.749270692026721,1.8278033859566665
urn:mavedb:00000394-a-1#378,c.[3C>T;6T>G;36T>C;42C>G;48_49insGGT;120A>G;123T>C;141A>G;165G>A;168G>A;174A>G],NA,p.Thr16_Asp17insGly,-1.3696567842569496,-1.4035708865474357,-1.3151969384674218,0.0327787221601193,-1.4969368,-0.6247095973638235,-0.8280399942418839,-0.3795935982986994
urn:mavedb:00000394-a-1#379,c.[9G>A;12C>T;21C>T;36T>C;42C>G;48_49insGCG;120A>G;123T>C;165G>A;168G>A;174A>G],NA,p.Thr16_Asp17insAla,-1.4150333057527154,-1.484954480183024,-1.3474196687029076,0.0394534322644734,-1.5006208,-0.8838666905419827,-1.9163289284499505,-0.4989567089504473
urn:mavedb:00000394-a-1#380,c.[21C>T;36T>C;42C>G;48C>T;49_51del;78C>T;102T>C;108G>C;120A>G;123T>C;135C>T;141A>G;165G>A;171T>G;174A>G],NA,p.Asp17del,-1.2406474384859334,-1.5177458576213023,-1.1165314635574568,0.0824279926628615,-1.5592184,0.046047745569369,-1.3342716087141755,0.3317413273133439
urn:mavedb:00000394-a-1#381,c.[6T>G;9G>A;21C>T;36T>C;48C>T;53C>A;63G>C;69T>C;72C>T;120A>G;123T>C;162G>C;165G>A;171T>G;180G>C;198G>T;207T>C],NA,p.Pro18Gln,-1.1399456372266314,-1.236530931146245,-0.9905766669858892,0.0643817061105456,-1.5366712,0.2325969868699792,-0.002272499610074,0.5354214880006568
urn:mavedb:00000394-a-1#382,c.[12C>T;36T>C;42C>G;52C>G;53C>A;54G>A;72C>T;75C>T;93C>T;123T>C;132C>T;135C>T;141A>G;165G>A;171T>G;174A>G;177G>A],NA,p.Pro18Glu,-1.5431411579585257,-1.6265478172057857,-1.473902285297778,0.0285216245494572,-1.5195274,-15.0,-25.0,-1.2760989676869194
urn:mavedb:00000394-a-1#383,c.[3C>T;6T>G;15A>G;21C>T;36T>C;42C>G;52C>A;53C>A;54G>C;78C>T;102T>C;120A>G;123T>C;132C>T;135C>T;141A>G;174A>G],NA,p.Pro18Asn,-1.4577477869304754,-1.4888497296303531,-1.4013222756098356,0.035326432356841,-1.5288582,-1.0013079992097595,-1.3561061191475705,-0.6233709031476384
urn:mavedb:00000394-a-1#384,c.[3C>T;6T>G;15A>G;36T>C;42C>G;51C>T;53C>A;54G>C;72C>T;75C>T;120A>G;123T>C;132C>T;141A>G;165G>A;168G>A;174A>G],NA,p.Pro18His,-1.2412961361775343,-1.3790100289034717,-1.1715227589663335,0.0379074799026011,-1.5266595,-0.0425234162748944,-0.5242913453331981,0.1366292837845632
urn:mavedb:00000394-a-1#385,c.[6T>G;9G>A;12C>T;21C>T;36T>C;42C>G;52C>G;53C>A;54G>C;63G>C;120A>G;123T>C;141A>G;165G>A;168G>A;177G>A],NA,p.Pro18Asp,-1.5189306890090948,-1.6008338246642166,-1.4691695852530566,0.0488107772347541,-1.5163584,-15.0,-25.0,-1.2554903738169012
urn:mavedb:00000394-a-1#386,c.[15A>G;21C>T;36T>C;53C>G;54G>T;66G>A;120A>G;123T>C;126C>T;138T>C;141A>G;165G>A;171T>G;174A>G;177G>A],NA,p.Pro18Arg,-1.4184192212742577,-1.4645438300536002,-1.345931022270469,0.0379288933369916,-1.608717,-0.3468031416026426,-0.540575094311208,-0.1070028194000412
urn:mavedb:00000394-a-1#387,c.[3C>T;6T>G;21C>T;36T>C;42C>G;52C>A;53C>A;54G>A;72C>T;75C>T;78C>T;120A>G;123T>C;141A>G;153A>G;165G>A;168G>A;183A>G],NA,p.Pro18Lys,-1.4714416225804232,-1.5598662885856869,-1.3720865377310845,0.0474906803290124,-1.5504622,-0.9347006731803772,-25.0,-0.3928427618400945
urn:mavedb:00000394-a-1#388,c.[3C>T;6T>G;21C>T;36T>C;42C>G;52C>A;54G>C;102T>C;111G>C;120A>G;129G>A;138T>C;141A>G;165G>A;171T>G;174A>G;177G>A],NA,p.Pro18Thr,-1.4706273198343631,-1.597066963793202,-1.3265535389762662,0.0511404799157484,-1.5358195,-1.0557637502105497,-25.0,-0.2780437684281674
urn:mavedb:00000394-a-1#389,c.[6T>G;9G>A;12C>T;21C>T;36T>C;42C>G;52C>T;54G>T;69T>C;72C>T;120A>G;123T>C;141A>G;144C>T;165G>A;168G>A;174A>G],NA,p.Pro18Ser,-1.496483800087125,-1.5529454684267998,-1.4269162094692731,0.033778413368041,-1.5327702,-1.415264891480347,-25.0,-0.7465764515041772
urn:mavedb:00000394-a-1#390,c.[21C>T;36T>C;42C>G;52C>G;63G>C;120A>G;123T>C;132C>T;141A>G;171T>G;174A>G;177G>A;180G>C],NA,p.Pro18Ala,-1.4568293957323442,-1.499271112947346,-1.4012318491258198,0.0344270923450689,-1.540957,-0.8948583007345027,-1.3311484446113808,-0.5618728511481029
urn:mavedb:00000394-a-1#391,c.[3C>T;6T>G;15A>G;21C>T;36T>C;42C>G;52C>G;53C>G;54G>T;63G>C;120A>G;123T>C;135C>T;141A>G;165G>A;171T>G;174A>G;177G>A],NA,p.Pro18Gly,-1.4062456132686003,-1.4881223733634634,-1.3032687139242245,0.0384550267753762,-1.5300155,-0.6433925076867506,-1.3281300294908287,-0.2188614897147556
urn:mavedb:00000394-a-1#392,c.[3C>T;6T>G;12C>T;36T>C;42C>G;52C>A;53C>T;120A>G;123T>C;162G>C;165G>A;168G>A;171T>G;174A>G;180G>C;183A>G;198G>T],NA,p.Pro18Met,-1.4764943672563846,-1.5670045493791067,-1.3738917631807686,0.0337233758664208,-1.5538464,-0.9482270053732976,-25.0,-0.3866048876750477
urn:mavedb:00000394-a-1#393,c.[15A>G;36T>C;53C>T;63G>C;120A>G;123T>C;126C>T;138T>C;141A>G;165G>A;171T>G;174A>G;177G>A],NA,p.Pro18Leu,-1.0247819404298564,-1.119016011129361,-0.9267421787372874,0.0921255369796576,-1.549375,0.4948739294494193,0.3057711816152521,0.6737638099313668
urn:mavedb:00000394-a-1#394,c.[3C>T;6T>G;21C>T;36T>C;42C>G;52C>G;53C>T;54G>T;84C>T;108G>C;120A>G;123T>C;129G>A;141A>G;144C>T;171T>G;174A>G;177G>A],NA,p.Pro18Val,-1.2127741940438566,-1.2927513713706489,-1.0836991443478097,0.0685954112974047,-1.536417,0.0590162648105882,-0.1648083614818417,0.352577060386362
urn:mavedb:00000394-a-1#395,c.[3C>T;6T>G;18C>T;21C>T;36T>C;42C>G;52C>A;53C>T;54G>C;72C>T;75C>T;102T>C;111G>C;120A>G;123T>C;141A>G;165G>A;171T>G;174A>G;177G>A;198G>T],NA,p.Pro18Ile,-1.3227213068350432,-1.3726915122389158,-1.2760325023454873,0.0290769651813427,-1.5385818,-0.255286436912727,-0.4438170517528068,-0.1076848705394058
urn:mavedb:00000394-a-1#396,c.[3C>T;6T>G;15A>G;21C>T;36T>C;42C>G;52C>T;53C>G;63G>C;84C>T;102T>C;111G>C;120A>G;123T>C;126C>T;138T>C;141A>G;153A>G;168G>A;174A>G;180G>C],NA,p.Pro18Trp,-0.9428331900484164,-1.0307493703195425,-0.7874674494987294,0.0805212028420133,-1.5665545,0.6756639590861373,0.5161108943366065,0.9352726554065776
urn:mavedb:00000394-a-1#397,c.[21C>T;36T>C;42C>G;52C>T;53C>A;54G>C;120A>G;123T>C;129G>A;138T>C;141A>G;150C>T;165G>A;168G>A;171T>G;174A>G;177G>A],NA,p.Pro18Tyr,-1.372347395501118,-1.431034499822223,-1.3156720012829688,0.0345630003411175,-1.5526733,-0.3851442319905682,-0.654959947053331,-0.1857557789094673
urn:mavedb:00000394-a-1#398,c.[3C>T;6T>G;18C>T;21C>T;36T>C;42C>G;52C>T;53C>T;54G>C;72C>T;75C>T;120A>G;141A>G;165G>A;168G>A;171T>G;174A>G;177G>A],NA,p.Pro18Phe,-1.3080139930195165,-1.3511021101908107,-1.2270123622034028,0.0339584402018194,-1.5594759,-0.140846817769568,-0.2811698484559491,0.0812332963195711
urn:mavedb:00000394-a-1#399,c.[21C>T;36T>C;42C>G;52C>T;53C>G;54G>C;72C>T;75C>T;120A>G;123T>C;135C>T;141A>G;177G>A;180G>C],NA,p.Pro18Cys,-0.664948576085224,-0.7004635590243492,-0.6428594901351361,0.0442045310340473,-1.5460634,1.0953604719560723,1.0403679443525269,1.1292193276733764
urn:mavedb:00000394-a-1#400,c.[21C>T;36T>C;42C>G;51_52insGGT;102T>C;120A>G;123T>C;138T>C;141A>G;165G>A;168G>A;177G>A],NA,p.Asp17_Pro18insGly,-1.555270116294147,-1.6332935051820852,-1.5043279752022118,0.0318008468177747,-1.4933662,-15.0,-25.0,-5.0
urn:mavedb:00000394-a-1#401,c.[21C>T;36T>C;42C>G;51_52insGCG;54G>A;60T>C;75C>T;102T>C;120A>G;123T>C;165G>A;168G>A;171T>G;174A>G;192C>T;195G>A],NA,p.Asp17_Pro18insAla,-1.5104962517962002,-1.5745294983492713,-1.423450603876408,0.0323439707410558,-1.4975157,-15.0,-25.0,-0.9756626730779804
urn:mavedb:00000394-a-1#402,c.[21C>T;36T>C;42C>G;52_54del;120A>G;123T>C;141A>G;165G>A;171T>G;174A>G;195G>A;207T>C],NA,p.Pro18del,-1.6062331020151452,-1.6555631783609734,-1.5560146034291622,0.0309172184559733,-1.5393167,-15.0,-25.0,-5.0
urn:mavedb:00000394-a-1#403,c.[21C>T;36T>C;55G>C;56T>A;57T>G;60T>C;120A>G;135C>T;141A>G;165G>A;171T>G;174A>G;177G>A],NA,p.Val19Gln,-1.2953948750113158,-1.334431763074648,-1.2499572798801737,0.0339854461822372,-1.5169826,-0.2359487402545454,-0.3764358040111442,-0.0945834653118392
urn:mavedb:00000394-a-1#404,c.[3C>T;6T>G;9G>A;21C>T;36T>C;42C>G;51C>T;54G>A;56T>A;57T>A;72C>T;75C>T;96C>T;99G>C;102T>C;111G>C;120A>G;123T>C;129G>A;141A>G;165G>A;168G>A;171T>G;174A>G;177G>A;180G>C],NA,p.Val19Glu,-1.5139021662543712,-1.5972859469706555,-1.4503207754407472,0.0342376340813525,-1.5113492,-15.0,-25.0,-1.0968883208460716
urn:mavedb:00000394-a-1#405,c.[3C>T;6T>G;18C>T;21C>T;36T>C;42C>G;54G>A;55G>A;56T>A;57T>C;99G>C;105C>T;108G>C;111G>C;120A>G;129G>A;141A>G;162G>C;165G>A;171T>G;174A>G;177G>A],NA,p.Val19Asn,-1.3980833597003848,-1.481808001310277,-1.306252352035147,0.0543379683518728,-1.514193,-0.6857971305175454,-1.4838760316298742,-0.2826800913557061
urn:mavedb:00000394-a-1#406,c.[15A>G;21C>T;36T>C;42C>G;55G>C;56T>A;57T>C;120A>G;123T>C;126C>T;129G>A;141A>G;165G>A;171T>G;174A>G;177G>A],NA,p.Val19His,-1.2424781431746057,-1.3050104056934324,-1.1590658389531092,0.0423404588355584,-1.513164,-0.0839897808056834,-0.2819326689342607,0.1341473549143963
urn:mavedb:00000394-a-1#407,c.[6T>G;9G>A;21C>T;36T>C;42C>G;54G>A;56T>A;57T>C;72C>T;75C>T;120A>G;123T>C;126C>T;141A>G;156T>C;165G>A;168G>A;174A>G;180G>C],NA,p.Val19Asp,-1.5195057122062052,-1.614755522781197,-1.4346314833909493,0.0353785140317568,-1.5099354,-15.0,-25.0,-0.96519260953247
urn:mavedb:00000394-a-1#408,c.[3C>T;6T>G;18C>T;21C>T;36T>C;51C>T;55G>C;56T>G;72C>T;75C>T;105C>T;120A>G;129G>A;132C>T;135C>T;141A>G;165G>A;171T>G;174A>G;177G>A],NA,p.Val19Arg,-1.516508985940963,-1.5553774434961525,-1.447894931317684,0.0313077814911708,-1.6280575,-0.712236906879987,-0.9875805578542208,-0.3857988397275924
urn:mavedb:00000394-a-1#409,c.[3C>T;6T>G;12C>T;21C>T;36T>C;42C>G;51C>T;55G>A;56T>A;57T>A;120A>G;123T>C;141A>G;156T>C;177G>A],NA,p.Val19Lys,-1.5156766085471012,-1.5690788681384031,-1.4798788672598302,0.032172640539378,-1.5589833,-1.3079268325542497,-25.0,-0.9340290127032128
urn:mavedb:00000394-a-1#410,c.[6T>G;9G>A;12C>T;21C>T;36T>C;42C>G;48C>T;54G>A;55G>A;56T>C;57T>C;60T>C;78C>T;87T>C;102T>C;123T>C;153A>G;156T>C;162G>C;165G>A;171T>G;174A>G;177G>A;183A>G;195G>A;207T>C],NA,p.Val19Thr,-1.166647293446693,-1.2508763926103617,-1.0702919634712755,0.0808657737810579,-1.5189362,0.129803958009489,-0.0915797786021525,0.3441568700534738
urn:mavedb:00000394-a-1#411,c.[3C>T;6T>G;9G>A;21C>T;27G>A;42C>G;55G>T;56T>C;69T>C;120A>G;129G>A;141A>G;168G>A],NA,p.Val19Ser,-1.4913053019894655,-1.527862204263357,-1.456198454245332,0.0284866852958767,-1.5199051,-1.5585259624553696,-25.0,-1.0701475152380706
urn:mavedb:00000394-a-1#412,c.[3C>T;6T>G;9G>A;21C>T;39C>T;42C>G;51C>T;56T>C;72C>T;75C>T;120A>G;141A>G;168G>A;171T>G;174A>G;177G>A],NA,p.Val19Ala,-1.4143677502521856,-1.4738323148586905,-1.309273427348492,0.0632854264565243,-1.5324249,-0.6747933531866295,-1.1221799158623622,-0.2307400556415904
urn:mavedb:00000394-a-1#413,c.[6T>G;9G>A;12C>T;21C>T;36T>C;42C>G;54G>A;56T>G;120A>G;123T>C;126C>T;153A>G;165G>A;171T>G;174A>G;177G>A;180G>C;198G>T],NA,p.Val19Gly,-1.412158108477286,-1.5561329490359777,-1.2293354003955654,0.0436817581205443,-1.5197034,-0.7362047154641157,-25.0,-0.0287283899212371
urn:mavedb:00000394-a-1#414,c.[3C>T;9G>A;21C>T;36T>C;42C>G;54G>A;55G>A;57T>G;60T>C;63G>C;129G>A;138T>C;141A>G;147G>C;150C>T;168G>A;174A>G;198G>T],NA,p.Val19Met,-0.1600772340464617,-0.1855254453965716,-0.0683086536461462,0.1221526491349772,-1.5352955,1.8128969306352,1.7772962770998035,1.9405940012824647
urn:mavedb:00000394-a-1#415,c.[3C>T;6T>G;15A>G;21C>T;27G>A;36T>C;42C>G;55G>C;57T>G;66G>A;120A>G;129G>A;150C>T;168G>A;174A>G],NA,p.Val19Leu,-1.2008169789678562,-1.3416411520583802,-1.1179443956471842,0.0411941779451425,-1.5328369,0.0801319983490611,-0.3434157921002371,0.2725664582918176
urn:mavedb:00000394-a-1#416,c.[21C>T;36T>C;42C>G;48C>T;55G>A;57T>C;72C>T;75C>T;102T>C;111G>C;120A>G;123T>C;138T>C;141A>G;165G>A;171T>G;174A>G;177G>A;180G>C;183A>G;198G>T;207T>C],NA,p.Val19Ile,-0.7843589905226656,-0.8948645835099133,-0.7432023052267743,0.08857758188884,-1.5266547,0.8758199838808187,0.6897863746495877,0.942290685734272
urn:mavedb:00000394-a-1#417,c.[3C>T;6T>G;21C>T;36T>C;42C>G;48C>T;55G>T;56T>G;57T>G;69T>C;72C>T;120A>G;123T>C;141A>G;165G>A;171T>G;174A>G;177G>A;180G>C;198G>T;207T>C],NA,p.Val19Trp,-0.803865431077025,-0.8414574288397975,-0.7359755781407729,0.0728130282702621,-1.5651999,0.9067053363603326,0.8453828540426828,1.0147483139100837
urn:mavedb:00000394-a-1#418,c.[9G>A;21C>T;36T>C;42C>G;55G>T;56T>A;123T>C;126C>T;174A>G],NA,p.Val19Tyr,-0.846499057442974,-0.877750035874947,-0.8188765010029703,0.0172648349902351,-1.5464425,0.8059365395215368,0.753292916461591,0.8516861694251153
urn:mavedb:00000394-a-1#419,c.[3C>T;6T>G;18C>T;21C>T;36T>C;42C>G;48C>T;54G>A;55G>T;120A>G;123T>C;141A>G;165G>A;168G>A;174A>G],NA,p.Val19Phe,-1.2685360225858118,-1.3553373020486963,-1.188204782827518,0.0354781247661417,-1.5519981,-0.0478142781236142,-0.3231524743424157,0.1571616379240855
urn:mavedb:00000394-a-1#420,c.[12C>T;21C>T;36T>C;42C>G;55G>C;56T>C;57T>A;111G>C;120A>G;126C>T;138T>C;141A>G;165G>A;168G>A;171T>G;174A>G;177G>A;180G>C;183A>G;195G>A],NA,p.Val19Pro,-1.3661810947522883,-1.4740799198639998,-1.2393882315464273,0.0747507081756268,-1.520587,-0.4935650411069631,-1.2643948343265363,-0.0541309570272342
urn:mavedb:00000394-a-1#421,c.[6T>G;9G>A;21C>T;36T>C;42C>G;55G>T;56T>G;57T>C;63G>C;72C>T;75C>T;78C>T;120A>G;123T>C;126C>T;141A>G;162G>C;165G>A;168G>A;171T>G;174A>G],NA,p.Val19Cys,-0.6836737638319829,-0.757707183687803,-0.6183507186264008,0.078418952566522,-1.5375447,1.0532466828492002,0.9364958597179464,1.1535849069803903
urn:mavedb:00000394-a-1#422,c.[21C>T;36T>C;42C>G;51C>T;54_55insGGT;69T>C;72C>T;123T>C;138T>C;141A>G;150C>T;162G>C;165G>A;168G>A;177G>A],NA,p.Pro18_Val19insGly,-1.5604799432108205,-1.6104818746196674,-1.504482611200069,0.0349903533688567,-1.51367,-15.0,-25.0,-2.2302137238780992
urn:mavedb:00000394-a-1#423,c.[12C>T;21C>T;36T>C;42C>G;48C>T;51C>T;54_55insGCG;75C>T;78C>T;120A>G;123T>C;138T>C;144C>T;156T>C;165G>A;171T>G;174A>G;177G>A],NA,p.Pro18_Val19insAla,-1.5941169778196989,-1.6686989623068194,-1.503387231290013,0.0398406493993768,-1.5230927,-15.0,-25.0,-1.7805738244361071
urn:mavedb:00000394-a-1#424,c.[6T>G;9G>A;21C>T;36T>C;42C>G;48C>T;54G>A;55_57del;66G>A;69T>C;72C>T;120A>G;123T>C;129G>A;141A>G;165G>A;171T>G;174A>G;177G>A],NA,p.Val19del,-1.6029348209517489,-1.6766713836889773,-1.516123083643999,0.0508279703374279,-1.5441322,-15.0,-25.0,-1.5710323370272703
urn:mavedb:00000394-a-1#425,c.[6T>G;9G>A;12C>T;21C>T;36T>C;42C>G;51C>T;57T>G;59G>A;60T>G;63G>C;120A>G;123T>C;141A>G;162G>C;165G>A;168G>A;174A>G],NA,p.Arg20Gln,-0.7715906885849184,-0.7862966110581686,-0.7551474966482301,0.0335793433080131,-1.5170445,0.8809746706340965,0.8569319359940634,0.9076481258558592
urn:mavedb:00000394-a-1#426,c.[3C>T;6T>G;21C>T;36T>C;42C>G;58C>G;59G>A;60T>G;63G>C;78C>T;87T>C;120A>G;141A>G;147G>C;153A>G;171T>G;174A>G;177G>A],NA,p.Arg20Glu,-1.2963142486405062,-1.3451599283885345,-1.2346559336478624,0.0404647778017002,-1.5108585,-0.2597796428571376,-0.4446187883848367,-0.0682182150283864
urn:mavedb:00000394-a-1#427,c.[3C>T;21C>T;36T>C;42C>G;48C>T;58C>A;59G>A;72C>T;75C>T;120A>G;123T>C;126C>T;141A>G;144C>T;171T>G;174A>G;177G>A],NA,p.Arg20Asn,-1.468233452906471,-1.6088062554436189,-1.3376039736497192,0.0420550457403836,-1.5155773,-1.2534824524484292,-25.0,-0.3944330038331081
urn:mavedb:00000394-a-1#428,c.[3C>T;6T>G;12C>T;21C>T;36T>C;59G>A;60T>C;69T>C;72C>T;75C>T;108G>C;120A>G;141A>G;165G>A;168G>A;171T>G;174A>G],NA,p.Arg20His,-1.207562780738789,-1.3027834499216926,-1.1172121862953033,0.050433936300079,-1.5146298,0.0161280815664261,-0.2690691085724175,0.2341465776868543
urn:mavedb:00000394-a-1#429,c.[18C>T;21C>T;27G>A;42C>G;48C>T;54G>A;58C>G;59G>A;69T>C;72C>T;75C>T;120A>G;123T>C;129G>A;138T>C;141A>G;150C>T;156T>C;165G>A;168G>A;171T>G;198G>T],NA,p.Arg20Asp,-1.5565626298057964,-1.6181921003171724,-1.5123442885398088,0.0334905853033125,-1.5099111,-15.0,-25.0,-5.0
urn:mavedb:00000394-a-1#430,c.[6T>G;9G>A;21C>T;36T>C;42C>G;58C>A;59G>A;60T>G;66G>A;69T>C;72C>T;120A>G;123T>C;126C>T;141A>G;165G>A;171T>G;174A>G;177G>A],NA,p.Arg20Lys,-0.0767521076482677,-0.0859971912613834,-0.0648159546739406,0.0420051707180715,-1.5169187,1.903438646842246,1.8905892204001893,1.9200141783069355
urn:mavedb:00000394-a-1#431,c.[3C>T;6T>G;21C>T;36T>C;42C>G;54G>A;58C>A;59G>C;60T>C;69T>C;72C>T;87T>C;102T>C;105C>T;120A>G;132C>T;141A>G;156T>C;165G>A;168G>A;171T>G;177G>A;180G>C;195G>A],NA,p.Arg20Thr,-1.2550509419255194,-1.353929685336991,-1.1735907258459857,0.0250626926878857,-1.518187,-0.1059541985878576,-0.450710575665117,0.111180307435002
urn:mavedb:00000394-a-1#432,c.[18C>T;51C>T;54G>A;58C>T;59G>C;66G>A;72C>T;75C>T;120A>G;123T>C;138T>C;141A>G;165G>A;171T>G;174A>G;177G>A],NA,p.Arg20Ser,-0.9619343154283628,-1.103202777439229,-0.8703733150023694,0.0451858776698773,-1.519804,0.5572928420961262,0.2762754067911766,0.7203479958416138
urn:mavedb:00000394-a-1#433,c.[21C>T;36T>C;42C>G;58C>G;59G>C;60T>G;120A>G;123T>C;126C>T;144C>T;165G>A;168G>A;177G>A;180G>C],NA,p.Arg20Ala,-0.9751995891822168,-1.0668284685124487,-0.8869618794230891,0.042624429251836,-1.5194244,0.5319359326593796,0.3523315211601793,0.6909618804969596
urn:mavedb:00000394-a-1#434,c.[3C>T;6T>G;12C>T;21C>T;27G>A;42C>G;58C>G;72C>T;75C>T;120A>G;123T>C;126C>T;141A>G;165G>A;168G>A;174A>G],NA,p.Arg20Gly,-1.4167568980293788,-1.4827660914649765,-1.3715121822219198,0.0270239000406794,-1.5157866,-0.7899624313107299,-1.47217503246462,-0.5400815441094827
urn:mavedb:00000394-a-1#435,c.[3C>T;6T>G;9G>A;21C>T;36T>C;42C>G;54G>A;58C>A;59G>T;60T>G;69T>C;72C>T;87T>C;120A>G;141A>G;171T>G;174A>G;177G>A;180G>C],NA,p.Arg20Met,-0.275719011473126,-0.287100678047588,-0.264359302675755,0.0405821704671535,-1.5258679,1.6369890339371378,1.6208455717315056,1.6530769494288724
urn:mavedb:00000394-a-1#436,c.[3C>T;6T>G;12C>T;21C>T;36T>C;42C>G;51C>T;59G>T;60T>C;102T>C;114C>T;120A>G;132C>T;135C>T;141A>G;165G>A;168G>A;174A>G],NA,p.Arg20Leu,-0.6024303403055303,-0.607910610745242,-0.5949127169320603,0.1210442560573019,-1.5194912,1.15036141015784,1.1420215899729955,1.1617782796098295
urn:mavedb:00000394-a-1#437,c.[15A>G;21C>T;36T>C;42C>G;51C>T;58C>G;59G>T;69T>C;72C>T;123T>C;138T>C;141A>G;165G>A;171T>G;174A>G;177G>A;198G>T],NA,p.Arg20Val,-0.829161404200816,-0.8744207772825757,-0.7846957890654304,0.0440363333660376,-1.5169172,0.7855406786514104,0.7083814897244451,0.8593493304482867
urn:mavedb:00000394-a-1#438,c.[3C>T;6T>G;15A>G;18C>T;21C>T;36T>C;42C>G;51C>T;58C>A;59G>T;60T>C;120A>G;123T>C;138T>C;141A>G;144C>T;174A>G;180G>C],NA,p.Arg20Ile,-0.7145209904750504,-0.7410004355902985,-0.651854853423301,0.0336828094703534,-1.5201225,0.977549707982032,0.9353625504305798,1.0755728848304582
urn:mavedb:00000394-a-1#439,c.[12C>T;21C>T;36T>C;48C>T;58C>T;60T>G;63G>C;72C>T;75C>T;123T>C;138T>C;141A>G;180G>C],NA,p.Arg20Trp,-0.7807341982215767,-0.9269121394955052,-0.6914005459237313,0.0874379175203177,-1.5199981,0.8708748132291291,0.6213767743893659,1.0138019714378328
urn:mavedb:00000394-a-1#440,c.[21C>T;36T>C;42C>G;48C>T;58C>T;59G>A;60T>C;63G>C;120A>G;123T>C;162G>C;165G>A;171T>G;174A>G;177G>A],NA,p.Arg20Tyr,-1.0662147147456196,-1.103916286483622,-1.027089121135237,0.0211410626224263,-1.5177164,0.3500725632019328,0.2701982131335229,0.429047559773491
urn:mavedb:00000394-a-1#441,c.[3C>T;6T>G;12C>T;21C>T;36T>C;42C>G;48C>T;54G>A;58C>T;59G>T;60T>C;63G>C;75C>T;87T>C;108G>C;120A>G;126C>T;135C>T;141A>G;165G>A;171T>G;174A>G;177G>A],NA,p.Arg20Phe,-0.9919712660509804,-1.036746600447095,-0.9422412771245502,0.0524605247058115,-1.5195398,0.5005464991020527,0.413519460604339,0.5928800784801326
urn:mavedb:00000394-a-1#442,c.[3C>T;6T>G;15A>G;21C>T;36T>C;42C>G;51C>T;54G>A;59G>C;60T>A;72C>T;75C>T;102T>C;120A>G;123T>C;129G>A;156T>C;162G>C;165G>A;171T>G;174A>G;177G>A;198G>T],NA,p.Arg20Pro,-1.475217323246122,-1.52344419989325,-1.387029125184457,0.0302833716423442,-1.5096307,-1.4472682783523505,-25.0,-0.6497070702074604
urn:mavedb:00000394-a-1#443,c.[12C>T;21C>T;36T>C;42C>G;58C>T;60T>C;120A>G;141A>G;165G>A;171T>G;174A>G;177G>A;207T>C],NA,p.Arg20Cys,-0.6397304462089626,-0.6983046941861312,-0.5977767288072668,0.0498063244332875,-1.5213227,1.0961182829439846,1.0050363602159376,1.1602098480991951
urn:mavedb:00000394-a-1#444,c.[6T>G;9G>A;12C>T;21C>T;36T>C;54G>A;57delinsGGGT;72C>T;75C>T;120A>G;123T>C;126C>T;129G>A;138T>C;141A>G;165G>A;168G>A;177G>A],NA,p.Val19_Arg20insGly,-1.5502316760751529,-1.624786779936494,-1.494421175545447,0.0520916298846527,-1.5176611,-15.0,-25.0,-1.6825072633487412
urn:mavedb:00000394-a-1#445,c.[3C>T;6T>G;21C>T;36T>C;42C>G;48C>T;57_58insGCG;78C>T;102T>C;120A>G;123T>C;129G>A;141A>G;165G>A;168G>A;171T>G;174A>G;177G>A],NA,p.Val19_Arg20insAla,-1.5515547490907655,-1.606443384827153,-1.5118839322058073,0.0331090201041365,-1.538404,-15.0,-25.0,-1.6037209288745746
urn:mavedb:00000394-a-1#446,c.[6T>G;9G>A;12C>T;21C>T;36T>C;42C>G;48C>T;58_60del;102T>C;120A>G;123T>C;126C>T;132C>T;141A>G;171T>G;174A>G;177G>A],NA,p.Arg20del,-1.6720933458564091,-1.7180902446596305,-1.629820346533246,0.0383164527588308,-1.5162501,-15.0,-25.0,-5.0
urn:mavedb:00000394-a-1#447,c.[9G>A;15A>G;21C>T;36T>C;48C>T;62T>A;72C>T;75C>T;102T>C;111G>C;120A>G;123T>C;135C>T;138T>C;141A>G;165G>A;171T>G;174A>G;177G>A],NA,p.Leu21Gln,-1.4149472147564364,-1.5398086941918443,-1.090626592775351,0.0915386617904662,-1.5185223,-0.760780418495217,-25.0,0.3005398438572106
urn:mavedb:00000394-a-1#448,c.[3C>T;6T>G;21C>T;36T>C;42C>G;61C>G;62T>A;66G>A;120A>G;123T>C;126C>T;129G>A;144C>T;174A>G],NA,p.Leu21Glu,-1.5305093601921351,-1.577650319326107,-1.4844225403432476,0.0334180577095527,-1.5108204,-15.0,-25.0,-1.6064785750712407
urn:mavedb:00000394-a-1#449,c.[3C>T;6T>G;21C>T;36T>C;42C>G;48C>T;51C>T;54G>A;61C>A;62T>A;63G>C;78C>T;108G>C;120A>G;123T>C;126C>T;141A>G;150C>T;171T>G;174A>G;177G>A],NA,p.Leu21Asn,-1.5377153655733076,-1.7133606608047072,-1.3495163396988104,0.0621824098257818,-1.5167046,-15.0,-25.0,-0.4383703874968475
urn:mavedb:00000394-a-1#450,c.[3C>T;6T>G;18C>T;21C>T;36T>C;42C>G;51C>T;62T>A;63G>C;120A>G;123T>C;141A>G;165G>A;168G>A;174A>G],NA,p.Leu21His,-1.5671677697811128,-1.6199124054589396,-1.5320619322070494,0.0338275393750351,-1.5155978,-15.0,-25.0,-5.0
urn:mavedb:00000394-a-1#451,c.[3C>T;6T>G;9G>A;15A>G;21C>T;36T>C;42C>G;48C>T;60T>C;61C>G;62T>A;63G>T;69T>C;72C>T;120A>G;123T>C;129G>A;141A>G;165G>A;171T>G;174A>G;177G>A],NA,p.Leu21Asp,-1.497440427393919,-1.5467518353118004,-1.441246433477355,0.0221486405585163,-1.5101924,-2.0376670720759824,-25.0,-1.0207178503041452
urn:mavedb:00000394-a-1#452,c.[3C>T;6T>G;9G>A;21C>T;36T>C;39C>T;54G>A;57T>G;62T>G;63G>T;69T>C;72C>T;120A>G;129G>A;141A>G;144C>T;150C>T;171T>G;174A>G;177G>A],NA,p.Leu21Arg,-1.467522659139732,-1.520788409431925,-1.4206492282160113,0.0436831785701249,-1.5307922,-1.0744413708483689,-2.1802919360957485,-0.720556140645636
urn:mavedb:00000394-a-1#453,c.[3C>T;6T>G;12C>T;21C>T;39C>T;42C>G;60T>C;61C>A;62T>A;63G>A;120A>G;126C>T;165G>A;171T>G;174A>G;177G>A],NA,p.Leu21Lys,-1.5301021926999108,-1.5633999752436345,-1.4626263892038336,0.0270602142726597,-1.5197825,-15.0,-25.0,-1.1375554786683604
urn:mavedb:00000394-a-1#454,c.[9G>A;21C>T;36T>C;42C>G;48C>T;61C>A;62T>C;63G>T;72C>T;75C>T;105C>T;120A>G;123T>C;138T>C;141A>G;165G>A;168G>A;171T>G;174A>G;198G>T],NA,p.Leu21Thr,-1.1779174147074507,-1.3601868527403955,-1.0624887947137385,0.053177763241855,-1.5211425,0.1078313869628115,-0.4648307828506441,0.3647843462439023
urn:mavedb:00000394-a-1#455,c.[21C>T;36T>C;42C>G;48C>T;61C>T;62T>C;63G>T;69T>C;72C>T;120A>G;123T>C;129G>A;138T>C;141A>G;165G>A;171T>G;174A>G],NA,p.Leu21Ser,-1.516262079497508,-1.5939000109579011,-1.3721912273703136,0.0377075363789528,-1.5238576,-2.341640047896867,-25.0,-0.5058856432464931
urn:mavedb:00000394-a-1#456,c.[3C>T;9G>A;21C>T;36T>C;42C>G;51C>T;54G>A;61C>G;62T>C;120A>G;123T>C;141A>G;165G>A;171T>G;174A>G;177G>A;198G>T],NA,p.Leu21Ala,-1.5151453992266275,-1.5611928823617984,-1.467748974537648,0.0231783146855172,-1.5235009,-2.285821244100894,-25.0,-1.152941303131208
urn:mavedb:00000394-a-1#457,c.[3C>T;6T>G;9G>A;21C>T;36T>C;48C>T;61C>G;62T>G;63G>T;72C>T;75C>T;120A>G;123T>C;126C>T;141A>G;180G>C],NA,p.Leu21Gly,-1.522954069885645,-1.627165551478781,-1.4640287552925582,0.0513393203226065,-1.5187154,-15.0,-25.0,-1.1648567818529905
urn:mavedb:00000394-a-1#458,c.[6T>G;9G>A;15A>G;18C>T;36T>C;48C>T;61C>A;66G>A;120A>G;123T>C;165G>A;171T>G;174A>G;177G>A;180G>C;183A>G;198G>T;207T>C],NA,p.Leu21Met,-0.992403132032667,-1.0891441450867767,-0.8840049294047287,0.0760378647948938,-1.5309091,0.521209050340072,0.3298228628751396,0.7159876162579216
urn:mavedb:00000394-a-1#459,c.[6T>G;9G>A;12C>T;15A>G;18C>T;21C>T;30G>C;42C>G;51C>T;61C>G;63G>T;75C>T;120A>G;123T>C;132C>T;141A>G;183A>G],NA,p.Leu21Val,-1.375396788377916,-1.441571334668819,-1.34753131933929,0.0231191878811189,-1.520647,-0.5354849219193946,-0.9342541655285432,-0.4139472399060412
urn:mavedb:00000394-a-1#460,c.[3C>T;6T>G;12C>T;21C>T;36T>C;42C>G;61C>A;63G>C;69T>C;72C>T;120A>G;123T>C;126C>T;138T>C;141A>G;174A>G],NA,p.Leu21Ile,-1.1612228554250466,-1.2277316121695498,-1.0658462259952668,0.0454149493571839,-1.5248175,0.1567014620976095,-0.0104744051082617,0.3654332896733575
urn:mavedb:00000394-a-1#461,c.[21C>T;36T>C;42C>G;51C>T;61C>T;62T>G;99G>C;120A>G;123T>C;138T>C;141A>G;165G>A;171T>G;174A>G;177G>A;198G>T],NA,p.Leu21Trp,-1.204558390281742,-1.2678354408981751,-1.1594369461944531,0.0541264437579511,-1.5220075,0.0431710641869063,-0.1326362143641273,0.1542880375902919
urn:mavedb:00000394-a-1#462,c.[3C>T;21C>T;36T>C;42C>G;51C>T;60T>C;61C>T;62T>A;63G>C;87T>C;102T>C;111G>C;120A>G;123T>C;129G>A;141A>G;162G>C;165G>A;168G>A;171T>G;174A>G;180G>C;183A>G],NA,p.Leu21Tyr,-1.4571770315019803,-1.514988620232813,-1.412538276959845,0.03606772925365,-1.5192871,-1.0859603531649633,-2.6740389102808364,-0.7410698661436547
urn:mavedb:00000394-a-1#463,c.[3C>T;6T>G;9G>A;21C>T;36T>C;39C>T;42C>G;54G>A;57T>G;61C>T;63G>T;66G>A;99G>C;111G>C;120A>G;123T>C;126C>T;129G>A;141A>G;147G>C;168G>A;174A>G],NA,p.Leu21Phe,-1.1683017315137805,-1.224170066853838,-1.132111140459929,0.046230087260475,-1.5225701,0.1345523410565976,-0.0069365547432086,0.2185566126769593
urn:mavedb:00000394-a-1#464,c.[3C>T;6T>G;9G>A;21C>T;36T>C;42C>G;48C>T;60T>C;62T>C;63G>A;66G>A;120A>G;123T>C;126C>T;129G>A;141A>G;144C>T;165G>A;171T>G;174A>G;177G>A],NA,p.Leu21Pro,-1.4605859979348934,-1.628586536360769,-1.3749605088018542,0.0457009310622063,-1.5129776,-1.1912867368282578,-25.0,-0.5702034073917701
urn:mavedb:00000394-a-1#465,c.[21C>T;36T>C;42C>G;61C>T;62T>G;63G>C;72C>T;75C>T;120A>G;129G>A;141A>G;165G>A;171T>G;174A>G;177G>A],NA,p.Leu21Cys,-0.742647528844052,-0.8485791463260315,-0.6856268509276111,0.0554921617613038,-1.5243206,0.9394453184001093,0.7652672015875677,1.029608127735664
urn:mavedb:00000394-a-1#466,c.[6T>G;9G>A;21C>T;36T>C;42C>G;54G>A;60_61insGGT;66G>A;120A>G;144C>T;165G>A;171T>G;174A>G;177G>A],NA,p.Arg20_Leu21insGly,-1.3643821755206935,-1.4185946127702105,-1.341715126355281,0.02891595862998,-1.5240436,-0.4704313694720166,-0.7490798873496171,-0.3773029874915036
urn:mavedb:00000394-a-1#467,c.[3C>T;15A>G;21C>T;36T>C;42C>G;61_63del;120A>G;123T>C;126C>T;141A>G;165G>A;171T>G;174A>G;192C>T],NA,p.Leu21del,-1.6832582053035583,-1.7265788525170205,-1.6410862489963818,0.0361760713890676,-1.5167441,-15.0,-25.0,-5.0
urn:mavedb:00000394-a-1#468,c.[3C>T;6T>G;21C>T;36T>C;42C>G;51C>T;65C>A;78C>T;108G>C;111G>C;120A>G;141A>G;168G>A;174A>G;180G>C],NA,p.Pro22Gln,-1.284350290031596,-1.363914758613407,-1.2185277224393507,0.0414467992900449,-1.5395737,-0.1294754903639257,-0.4036798224185553,0.0523956465831671
urn:mavedb:00000394-a-1#469,c.[3C>T;6T>G;18C>T;21C>T;36T>C;42C>G;64C>G;65C>A;66G>A;69T>C;72C>T;120A>G;123T>C;126C>T;141A>G;165G>A;171T>G;174A>G;177G>A],NA,p.Pro22Glu,-1.4258311103051329,-1.4666060020570308,-1.3867009829577603,0.026426037550521,-1.5199142,-0.823109348235902,-1.180603731663873,-0.594127329100489
urn:mavedb:00000394-a-1#470,c.[6T>G;9G>A;12C>T;21C>T;36T>C;42C>G;63G>C;64C>A;65C>A;66G>C;69T>C;72C>T;120A>G;132C>T;138T>C;141A>G;177G>A],NA,p.Pro22Asn,-1.4891936510291313,-1.588322545806034,-1.4308113428336378,0.0364569895839362,-1.5353799,-1.2686300056004929,-25.0,-0.7545563539148721
urn:mavedb:00000394-a-1#471,c.[3C>T;21C>T;65C>A;66G>T;120A>G;123T>C;126C>T;132C>T;141A>G;144C>T;150C>T;165G>A;168G>A;180G>C],NA,p.Pro22His,-0.9995387719895544,-1.0433008744197705,-0.9359201611317604,0.0632196704180507,-1.5343451,0.5142408219764273,0.4298637087534442,0.6309258538685047
urn:mavedb:00000394-a-1#472,c.[3C>T;6T>G;15A>G;21C>T;36T>C;42C>G;51C>T;64C>G;65C>A;66G>C;99G>C;102T>C;120A>G;123T>C;132C>T;138T>C;141A>G;165G>A;171T>G;174A>G;177G>A],NA,p.Pro22Asp,-1.4560120904829188,-1.573612786579102,-1.3598733186078955,0.0566007994460962,-1.5202999,-1.0644828272954057,-25.0,-0.4671153621514043
urn:mavedb:00000394-a-1#473,c.[21C>T;36T>C;42C>G;48C>T;65C>G;66G>T;69T>C;72C>T;120A>G;123T>C;135C>T;141A>G;165G>A;171T>G;174A>G;177G>A],NA,p.Pro22Arg,-1.4671241323432078,-1.5271746501916383,-1.4314837051499976,0.0159475020941703,-1.6672959,-0.310385143955935,-0.5599706257538348,-0.1895595956477565
urn:mavedb:00000394-a-1#474,c.[3C>T;6T>G;12C>T;21C>T;36T>C;42C>G;48C>T;64C>A;65C>A;66G>A;72C>T;75C>T;120A>G;123T>C;141A>G;153A>G;174A>G],NA,p.Pro22Lys,-1.386275170819356,-1.4467836210269718,-1.3452036707409607,0.0231577399773571,-1.5903578,-0.2963365324653152,-0.5434092112314283,-0.1601999953268668
urn:mavedb:00000394-a-1#475,c.[3C>T;21C>T;39C>T;42C>G;64C>A;66G>C;120A>G;135C>T;165G>A;171T>G;174A>G;177G>A],NA,p.Pro22Thr,-1.353002690876925,-1.4482878030099382,-1.2555429566274183,0.0523650453865833,-1.5434151,-0.3463603731485353,-0.8159884214787503,-0.0355918331894044
urn:mavedb:00000394-a-1#476,c.[3C>T;6T>G;18C>T;21C>T;51C>T;64C>T;66G>C;108G>C;123T>C;141A>G;165G>A;168G>A;171T>G;174A>G;195G>A],NA,p.Pro22Ser,-1.0168679355222043,-1.1215218694582236,-0.8831214906169793,0.1017901908754942,-1.5473347,0.5060324388221336,0.2960843574266163,0.7456641391962581
urn:mavedb:00000394-a-1#477,c.[21C>T;64C>G;66G>T;120A>G;129G>A;171T>G;174A>G;177G>A],NA,p.Pro22Ala,-1.1825127818431942,-1.2463444916941646,-1.1291418223234808,0.0449637761901262,-1.5592046,0.1871934508752482,0.0312832593983911,0.3051386934300633
urn:mavedb:00000394-a-1#478,c.[3C>T;6T>G;12C>T;21C>T;30G>C;36T>C;39C>T;42C>G;48C>T;51C>T;54G>A;64C>G;65C>G;66G>T;78C>T;84C>T;87T>C;102T>C;120A>G;123T>C;129G>A;141A>G;144C>T;153A>G;168G>A;174A>G;195G>A;207T>C],NA,p.Pro22Gly,-1.3105712789778297,-1.417311483905302,-1.2340753887095943,0.0648728973925998,-1.5450602,-0.1937646293430597,-0.6222575783808483,0.0263983805702288
urn:mavedb:00000394-a-1#479,c.[3C>T;6T>G;21C>T;36T>C;42C>G;48C>T;60T>C;64C>A;65C>T;120A>G;123T>C;141A>G;165G>A;171T>G;174A>G;177G>A;183A>G;186A>G;198G>T],NA,p.Pro22Met,-1.3625535324071218,-1.4504342740619225,-1.2551037835576355,0.0462279570860187,-1.5833626,-0.2385676534490795,-0.5955792642294425,0.0706840697035554
urn:mavedb:00000394-a-1#480,c.[3C>T;6T>G;21C>T;36T>C;42C>G;48C>T;54G>A;60T>C;65C>T;108G>C;120A>G;123T>C;129G>A;141A>G;165G>A;168G>A;171T>G;174A>G],NA,p.Pro22Leu,-1.1506227722737568,-1.2034548691696738,-1.0539335389230378,0.0487740224588725,-1.5790648,0.301684479486516,0.1846941433819313,0.495887489255319
urn:mavedb:00000394-a-1#481,c.[3C>T;6T>G;12C>T;21C>T;36T>C;42C>G;64C>G;65C>T;66G>T;72C>T;75C>T;120A>G;123T>C;126C>T;141A>G;168G>A;174A>G],NA,p.Pro22Val,-1.111846065914592,-1.1645854867247896,-1.0180553051853212,0.0408693082460361,-1.5553145,0.3333749253456636,0.2191548708972688,0.5188537979033498
urn:mavedb:00000394-a-1#482,c.[3C>T;6T>G;21C>T;36T>C;42C>G;48C>T;64C>A;65C>T;66G>C;120A>G;123T>C;141A>G;165G>A;168G>A;174A>G],NA,p.Pro22Ile,-1.1221810694999503,-1.1640230455619047,-1.0396163886650631,0.0395847283872013,-1.5685635,0.3394426502878155,0.2499134230439852,0.5031434064525059
urn:mavedb:00000394-a-1#483,c.[21C>T;36T>C;42C>G;51C>T;64C>T;65C>A;66G>C;78C>T;120A>G;129G>A;138T>C;141A>G;165G>A;171T>G;174A>G;177G>A],NA,p.Pro22Tyr,-0.9864217841515094,-1.1023078113106242,-0.8327671542636911,0.0926400246360415,-1.5763102,0.6156080488795375,0.3959111636017193,0.8778215293415663
urn:mavedb:00000394-a-1#484,c.[9G>A;21C>T;36T>C;42C>G;48C>T;63G>C;64C>T;65C>T;66G>C;69T>C;72C>T;120A>G;123T>C;129G>A;138T>C;141A>G;144C>T;165G>A;168G>A;174A>G],NA,p.Pro22Phe,-1.251476108107471,-1.358413538600601,-1.1870079409641567,0.0561910949128716,-1.5877371,0.0906726031051012,-0.2104478273997206,0.241483971145464
urn:mavedb:00000394-a-1#485,c.[3C>T;6T>G;21C>T;36T>C;42C>G;48C>T;64C>T;65C>G;66G>C;72C>T;75C>T;120A>G;123T>C;141A>G;156T>C;165G>A;168G>A;177G>A],NA,p.Pro22Cys,-0.9253500699492612,-0.9950201203937192,-0.8491672436437879,0.0423489968297797,-1.5688272,0.7100498638845174,0.5865057704997936,0.8386487403927507
urn:mavedb:00000394-a-1#486,c.[21C>T;36T>C;42C>G;51C>T;63_64insGGT;84C>T;120A>G;123T>C;135C>T;138T>C;141A>G;156T>C;165G>A;171T>G;174A>G;177G>A;180G>C;198G>T;207T>C],NA,p.Leu21_Pro22insGly,-0.3074243501192155,-0.33561776448014,-0.2859217547277561,0.0526562498407308,-1.5149097,1.5763663191592296,1.5360793481188566,1.6069784649816072
urn:mavedb:00000394-a-1#487,c.[12C>T;21C>T;36T>C;42C>G;54G>A;63delinsCGCG;84C>T;99G>C;123T>C;126C>T;138T>C;141A>G;165G>A;171T>G;174A>G;177G>A],NA,p.Leu21_Pro22insAla,-0.4393590254394196,-0.4599309067437868,-0.4225298961287217,0.0359842638495054,-1.5206704,1.3945492661506431,1.364494981712118,1.4190409556139023
urn:mavedb:00000394-a-1#488,c.[6T>G;9G>A;15A>G;21C>T;36T>C;42C>G;51C>T;64_66del;69T>C;72C>T;120A>G;123T>C;141A>G;165G>A;168G>A;174A>G],NA,p.Pro22del,-1.5562113841880914,-1.599102192395277,-1.5046154921857051,0.0472600375800533,-1.5553298,-15.0,-25.0,-1.2113072036908634
urn:mavedb:00000394-a-1#489,c.[3C>T;6T>G;15A>G;21C>T;36T>C;42C>G;67T>C;68C>A;69T>G;72C>T;120A>G;126C>T;141A>G;177G>A],NA,p.Ser23Gln,-1.273894016947332,-1.3058071020394004,-1.235790056975479,0.0272061061385482,-1.5231428,-0.1475856510082429,-0.2502660850851159,-0.0370193520647071
urn:mavedb:00000394-a-1#490,c.[3C>T;6T>G;21C>T;36T>C;42C>G;67T>G;68C>A;69T>A;72C>T;105C>T;111G>C;123T>C;126C>T;132C>T;138T>C;141A>G;150C>T;153A>G;165G>A;168G>A;180G>C;183A>G],NA,p.Ser23Glu,-1.4952785230364305,-1.571475829896285,-1.3472275085089174,0.0450226330085455,-1.5155945,-1.762465317570259,-25.0,-0.4334574638792781
urn:mavedb:00000394-a-1#491,c.[3C>T;6T>G;15A>G;21C>T;36T>C;42C>G;67T>A;68C>A;69T>C;72C>T;120A>G;126C>T;141A>G;144C>T;147G>C;150C>T;165G>A;168G>A;171T>G;174A>G;177G>A],NA,p.Ser23Asn,-0.7492295594352905,-0.8006039646680819,-0.7124001682545648,0.0389367455433591,-1.5214586,0.9242968644472104,0.840650264554903,0.9830204320609508
urn:mavedb:00000394-a-1#492,c.[3C>T;6T>G;18C>T;21C>T;36T>C;42C>G;67T>C;68C>A;69T>C;72C>T;99G>C;105C>T;108G>C;114C>T;120A>G;129G>A;141A>G;165G>A;171T>G;174A>G;177G>A],NA,p.Ser23His,-0.963372193429526,-1.0092817891964865,-0.8778008232907782,0.0657500422445554,-1.5179143,0.5511384426217841,0.4642375386557415,0.7042551443201737
urn:mavedb:00000394-a-1#493,c.[6T>G;9G>A;21C>T;36T>C;42C>G;63G>C;67T>G;68C>A;69T>C;72C>T;120A>G;123T>C;126C>T;141A>G;174A>G],NA,p.Ser23Asp,-0.7523572669154677,-0.8108009981535403,-0.697540094280846,0.0501266995038907,-1.5159283,0.910352534599721,0.8145950925890552,0.9977532475007193
urn:mavedb:00000394-a-1#494,c.[3C>T;6T>G;18C>T;21C>T;36T>C;42C>G;51C>T;54G>A;57T>G;60T>C;67T>C;68C>G;84C>T;99G>C;102T>C;111G>C;120A>G;123T>C;132C>T;141A>G;165G>A;171T>G;174A>G;177G>A],NA,p.Ser23Arg,-1.3634847082898018,-1.4816667511249335,-1.260458958711579,0.0491810948672738,-1.629436,-0.0977348466002819,-0.5237526501030121,0.1692920037078232
urn:mavedb:00000394-a-1#495,c.[3C>T;6T>G;15A>G;21C>T;36T>C;42C>G;57T>G;67T>A;68C>A;69T>A;72C>T;120A>G;129G>A;138T>C;141A>G;174A>G;180G>C],NA,p.Ser23Lys,-1.465714015801952,-1.525130512704263,-1.3892604013229637,0.0280250566544424,-1.5581508,-0.8344929502049361,-1.472184677457054,-0.4312927394166036
urn:mavedb:00000394-a-1#496,c.[3C>T;6T>G;21C>T;36T>C;42C>G;48C>T;67T>A;69T>C;72C>T;120A>G;123T>C;141A>G;165G>A;171T>G;174A>G],NA,p.Ser23Thr,-0.775386088280227,-0.8372098435967533,-0.6770864947964029,0.0555531326711045,-1.5249796,0.8877046470461447,0.7855591442501642,1.0439590154870009
urn:mavedb:00000394-a-1#497,c.[27G>A;30G>C;39C>T;42C>G;51C>T;57T>G;63G>C;67T>G;72C>T;75C>T;99G>C;102T>C;108G>C;120A>G;123T>C;135C>T;141A>G;165G>A;171T>G;174A>G;177G>A],NA,p.Ser23Ala,-0.9937477761746852,-1.0562418719804736,-0.9375453505183192,0.045747363212911,-1.5363803,0.5289489567036612,0.4082202209667282,0.6316570862889183
urn:mavedb:00000394-a-1#498,c.[15A>G;21C>T;36T>C;42C>G;51C>T;67T>G;68C>G;120A>G;123T>C;129G>A;138T>C;141A>G;165G>A;171T>G;174A>G;177G>A],NA,p.Ser23Gly,-0.3971869676654828,-0.4619046138790658,-0.3677909622649761,0.0631703495718955,-1.5252242,1.4623449148981902,1.3682648704344895,1.5047009134153606
urn:mavedb:00000394-a-1#499,c.[21C>T;27G>A;30G>C;36T>C;42C>G;54G>A;57T>G;66G>A;67T>A;68C>T;69T>G;72C>T;84C>T;123T>C;126C>T;141A>G],NA,p.Ser23Met,-1.1908835166197045,-1.2764599832925194,-1.1195460641818344,0.0527040409306493,-1.5415611,0.1259187114847427,-0.100199492535398,0.2879466735308028
urn:mavedb:00000394-a-1#500,c.[3C>T;6T>G;18C>T;24C>T;36T>C;51C>T;67T>C;68C>T;69T>G;72C>T;102T>C;114C>T;120A>G;123T>C;129G>A;138T>C;141A>G;144C>T;165G>A;171T>G;174A>G;177G>A;195G>A;207T>C],NA,p.Ser23Leu,-1.4305371889298977,-1.4846323313121306,-1.352702382977957,0.05601473099875,-1.5391693,-0.7296199791952236,-1.1665513641187664,-0.3613291540518732
urn:mavedb:00000394-a-1#501,c.[3C>T;21C>T;36T>C;42C>G;67T>G;68C>T;78C>T;120A>G;123T>C;126C>T;156T>C;165G>A;171T>G;174A>G;177G>A],NA,p.Ser23Val,-1.3745782350581393,-1.472189771112761,-1.3319247037750346,0.0502044907410236,-1.5311103,-0.4841302077765584,-1.1187185423798365,-0.3139355986839586
urn:mavedb:00000394-a-1#502,c.[3C>T;6T>G;18C>T;21C>T;36T>C;42C>G;67T>A;68C>T;120A>G;126C>T;141A>G;147G>C;177G>A],NA,p.Ser23Ile,-1.4068349151407729,-1.461162152658618,-1.3326267217862038,0.0371661872719459,-1.5366597,-0.6114512339900209,-0.9635741155461824,-0.2965034879454548
urn:mavedb:00000394-a-1#503,c.[6T>G;9G>A;12C>T;21C>T;36T>C;42C>G;68C>G;69T>G;120A>G;135C>T;165G>A;171T>G;174A>G;177G>A],NA,p.Ser23Trp,-0.8877231145464419,-0.9379355277624906,-0.8486501287517495,0.044660921457634,-1.5659542,0.7694555770690875,0.6831848138526391,0.8347589212881873
urn:mavedb:00000394-a-1#504,c.[21C>T;36T>C;42C>G;48C>T;66G>A;68C>A;69T>C;72C>T;120A>G;123T>C;141A>G],NA,p.Ser23Tyr,-1.223652271231979,-1.2844200340947016,-1.169504596981022,0.0435664668077968,-1.5502892,0.0666010759067075,-0.0979585180772707,0.196590104714607
urn:mavedb:00000394-a-1#505,c.[9G>A;15A>G;21C>T;36T>C;42C>G;48C>T;54G>A;63G>C;68C>T;69T>C;72C>T;120A>G;123T>C;138T>C;141A>G;144C>T;165G>A;168G>A;174A>G],NA,p.Ser23Phe,-1.1431133064722308,-1.1793383599124605,-1.1062485753613225,0.0353281972424383,-1.5580921,0.2727458590237094,0.191934419254592,0.3507647876118887
urn:mavedb:00000394-a-1#506,c.[6T>G;9G>A;12C>T;21C>T;36T>C;39C>T;42C>G;51C>T;66G>A;67T>C;69T>G;72C>T;75C>T;120A>G;123T>C;135C>T;138T>C;141A>G;168G>A;174A>G;180G>C],NA,p.Ser23Pro,-1.4939211715860985,-1.5372392994775472,-1.4540629238347025,0.0355744405904693,-1.528666,-1.4414870771524908,-25.0,-0.9711002355635469
urn:mavedb:00000394-a-1#507,c.[6T>G;9G>A;12C>T;21C>T;36T>C;42C>G;51C>T;68C>G;69T>C;72C>T;120A>G;123T>C;129G>A;141A>G;165G>A;171T>G;174A>G;177G>A],NA,p.Ser23Cys,-0.6533184876095726,-0.6932812047442117,-0.6124556563716653,0.0450783657016355,-1.5421796,1.1072666489165457,1.045509238233691,1.169553252682771
urn:mavedb:00000394-a-1#508,c.[3C>T;6T>G;9G>A;21C>T;36T>C;42C>G;48C>T;63G>C;66_67insGGC;69T>C;72C>T;120A>G;123T>C;129G>A;135C>T;141A>G;165G>A;168G>A;171T>G;174A>G;177G>A],NA,p.Pro22_Ser23insGly,0.0890654174642984,0.0778923528925955,0.09754742460446,0.0491164156180531,-1.5054727,2.116816412587525,2.10144273196504,2.1284814285587106
urn:mavedb:00000394-a-1#509,c.[3C>T;6T>G;18C>T;21C>T;36T>C;42C>G;51C>T;66_67insGCG;69T>C;72C>T;87T>C;108G>C;120A>G;123T>C;129G>A;171T>G;174A>G;177G>A],NA,p.Pro22_Ser23insAla,-0.363748896925455,-0.3716601884805132,-0.3497709228323501,0.0362458286006482,-1.5211868,1.504714973276598,1.4933370320008557,1.5247809849295602
urn:mavedb:00000394-a-1#510,c.[18C>T;21C>T;36T>C;42C>G;67_69del;72C>T;120A>G;129G>A;141A>G;147G>C;168G>A;177G>A;180G>C],NA,p.Ser23del,-1.6013288400704049,-1.6492726240237368,-1.5199313894434712,0.0447180761035571,-1.5352354,-15.0,-25.0,-1.930147930594542
urn:mavedb:00000394-a-1#511,c.[3C>T;6T>G;21C>T;36T>C;42C>G;70G>C;71G>A;72C>G;99G>C;102T>C;111G>C;114C>T;120A>G;129G>A;141A>G;165G>A;171T>G;174A>G;177G>A],NA,p.Gly24Gln,-1.1781015062950746,-1.2169739818516432,-1.0553630505071725,0.0413168795942522,-1.5240479,0.1144667807730878,0.0161438189865199,0.3852034753378481
urn:mavedb:00000394-a-1#512,c.[15A>G;21C>T;36T>C;42C>G;48C>T;54G>A;66G>A;71G>A;72C>A;120A>G;123T>C;129G>A;138T>C;141A>G;165G>A;171T>G;174A>G;177G>A],NA,p.Gly24Glu,-1.5029422508158528,-1.5532665919237971,-1.423063335640659,0.037603171967242,-1.5173316,-1.966503409808017,-25.0,-0.8218403565279162
urn:mavedb:00000394-a-1#513,c.[3C>T;6T>G;21C>T;36T>C;42C>G;70G>A;71G>A;120A>G;129G>A;138T>C;141A>G;165G>A;168G>A;174A>G],NA,p.Gly24Asn,-1.0834089788082646,-1.1392380751633524,-1.0291995532815912,0.0455451721670523,-1.5224438,0.3241032889624481,0.2021258795638476,0.4342027131292129
urn:mavedb:00000394-a-1#514,c.[21C>T;36T>C;42C>G;51C>T;57T>G;70G>C;71G>A;120A>G;123T>C;129G>A;141A>G;165G>A;171T>G;174A>G;177G>A],NA,p.Gly24His,-1.290073824493332,-1.3574126625304028,-1.2332647285089438,0.0386599886457847,-1.5207152,-0.2061534111558881,-0.4547699516500122,-0.0367491026311485
urn:mavedb:00000394-a-1#515,c.[3C>T;6T>G;21C>T;36T>C;42C>G;71G>A;120A>G;141A>G;147G>C;156T>C;168G>A;171T>G;174A>G;177G>A;180G>C],NA,p.Gly24Asp,-1.3356212437517,-1.3837991300707106,-1.2685419828962563,0.0453354232743797,-1.5176024,-0.3786557886980629,-0.5911492896042682,-0.1481606748010838
urn:mavedb:00000394-a-1#516,c.[3C>T;6T>G;12C>T;21C>T;36T>C;42C>G;51C>T;54G>A;70G>C;72C>T;99G>C;120A>G;123T>C;141A>G;147G>C;153A>G;165G>A;171T>G;174A>G;180G>C;198G>T],NA,p.Gly24Arg,-1.2911015407271875,-1.3133055722792852,-1.266425608159979,0.0215597145693954,-1.6037731,0.0307825362582126,-0.0284748271712668,0.0933585113435774
urn:mavedb:00000394-a-1#517,c.[12C>T;15A>G;21C>T;36T>C;42C>G;48C>T;70G>A;71G>A;72C>A;120A>G;123T>C;129G>A;141A>G;165G>A;171T>G;174A>G;177G>A],NA,p.Gly24Lys,-1.1205777232974818,-1.1342335096357083,-1.0689221617266271,0.0275270092363722,-1.5447359,0.2925441790193343,0.2630024972720288,0.3995606263097677
urn:mavedb:00000394-a-1#518,c.[3C>T;6T>G;21C>T;36T>C;42C>G;70G>A;71G>C;120A>G;123T>C;126C>T;141A>G;165G>A;171T>G;174A>G;177G>A],NA,p.Gly24Thr,-1.4133440766845375,-1.4749048317166416,-1.3804864889079704,0.026326209811622,-1.5246334,-0.7137516389836013,-1.2233585768588675,-0.5406858032761009
urn:mavedb:00000394-a-1#519,c.[3C>T;6T>G;21C>T;36T>C;42C>G;48C>T;70G>T;71G>C;72C>T;120A>G;123T>C;132C>T;135C>T;141A>G;150C>T;162G>C;165G>A;168G>A;171T>G;177G>A;195G>A],NA,p.Gly24Ser,-1.1563877855850015,-1.2145943504568997,-1.1102492718883072,0.0298018778995797,-1.5233607,0.1646353579047007,0.0205948711061138,0.26869826954466
urn:mavedb:00000394-a-1#520,c.[3C>T;6T>G;21C>T;36T>C;42C>G;60T>C;66G>A;71G>C;72C>G;123T>C;126C>T;135C>T;141A>G;165G>A;171T>G;174A>G;177G>A;198G>T],NA,p.Gly24Ala,-1.3098487775371566,-1.3480752931476785,-1.2437168852418146,0.0387799902946566,-1.5302463,-0.2399373729285378,-0.3779178123843076,-0.0392953731483332
urn:mavedb:00000394-a-1#521,c.[18C>T;21C>T;42C>G;51C>T;57T>G;63G>C;70G>A;71G>T;72C>G;120A>G;123T>C;129G>A;141A>G;153A>G;165G>A;171T>G;180G>C],NA,p.Gly24Met,-1.064994263887607,-1.1268506682057615,-1.0179744826690966,0.0287134757859113,-1.5376878,0.3932907198343291,0.2637358075157934,0.485560105257717
urn:mavedb:00000394-a-1#522,c.[3C>T;6T>G;21C>T;36T>C;42C>G;48C>T;70G>C;71G>T;72C>G;120A>G;123T>C;129G>A;141A>G;165G>A;171T>G;174A>G;177G>A],NA,p.Gly24Leu,-1.1608192303907572,-1.1851670071766862,-1.1281346011162174,0.0241342458394213,-1.5366573,0.1852321994921686,0.1278779161545023,0.2586738494067581
urn:mavedb:00000394-a-1#523,c.[3C>T;6T>G;21C>T;36T>C;42C>G;48C>T;71G>T;72C>T;120A>G;123T>C;141A>G;165G>A;171T>G;174A>G;177G>A;198G>T;207T>C],NA,p.Gly24Val,-1.2801694199049445,-1.4036398236655896,-1.2059550832104513,0.0618448950483837,-1.5290694,-0.1486543370654834,-0.634505083587983,0.0576738702317841
urn:mavedb:00000394-a-1#524,c.[3C>T;6T>G;9G>A;21C>T;36T>C;42C>G;51C>T;60T>C;70G>A;71G>T;120A>G;123T>C;129G>A;141A>G;165G>A;171T>G;174A>G;177G>A],NA,p.Gly24Ile,-1.334298175579726,-1.4688873114616972,-1.215526170594031,0.0540325692696337,-1.5333252,-0.3145119354094626,-1.0630295885420185,0.0440690708969674
urn:mavedb:00000394-a-1#525,c.[3C>T;6T>G;12C>T;21C>T;70G>T;72C>G;120A>G;135C>T;165G>A;171T>G;174A>G;177G>A],NA,p.Gly24Trp,-1.2295310592883466,-1.264178126375365,-1.186095442902639,0.0355889756366352,-1.5502129,0.0514618264948991,-0.0406686442858079,0.1579250947498813
urn:mavedb:00000394-a-1#526,c.[3C>T;6T>G;18C>T;21C>T;36T>C;42C>G;51C>T;70G>T;71G>A;120A>G;123T>C;141A>G;165G>A;168G>A;174A>G],NA,p.Gly24Tyr,-1.3921036104083917,-1.5004915318590957,-1.2914336545034757,0.0462763168634003,-1.5407124,-0.5198604650561893,-1.3528927104612412,-0.1474978865311077
urn:mavedb:00000394-a-1#527,c.[6T>G;9G>A;12C>T;21C>T;36T>C;39C>T;42C>G;54G>A;70G>T;71G>T;123T>C;126C>T;141A>G;144C>T;165G>A;168G>A;171T>G;174A>G;180G>C],NA,p.Gly24Phe,-1.153314550151429,-1.2037879477654878,-1.1342323268835186,0.0253799500928082,-1.5460567,0.2236824830456792,0.1054842977142858,0.2658873353865515
urn:mavedb:00000394-a-1#528,c.[21C>T;36T>C;42C>G;48C>T;70G>C;71G>C;72C>A;120A>G;123T>C;141A>G;165G>A;171T>G;174A>G;177G>A;198G>T],NA,p.Gly24Pro,-1.4734676681370944,-1.5535867255691018,-1.4340589036215738,0.0241722702870827,-1.5233402,-1.2215837377754124,-25.0,-0.8568138240751899
urn:mavedb:00000394-a-1#529,c.[6T>G;9G>A;12C>T;21C>T;36T>C;42C>G;48C>T;70G>T;120A>G;123T>C;141A>G;174A>G],NA,p.Gly24Cys,-0.7253070358274352,-0.7660405983727454,-0.6954496681865763,0.0617928724785466,-1.5363998,0.986224666199974,0.9212782802335612,1.0331224706026516
urn:mavedb:00000394-a-1#530,c.[3C>T;6T>G;12C>T;21C>T;36T>C;39C>T;48C>T;69_70insGGT;72C>T;75C>T;120A>G;123T>C;141A>G;165G>A;171T>G;174A>G;177G>A],NA,p.Ser23_Gly24insGly,-1.3528614581288638,-1.4033766884058734,-1.3180345626178671,0.0276714077379292,-1.5002346,-0.5255680329040249,-0.8043262632979322,-0.3777987606774954
urn:mavedb:00000394-a-1#531,c.[6T>G;9G>A;21C>T;39C>T;42C>G;51C>T;60T>C;69_70insGCG;72C>T;120A>G;123T>C;129G>A;141A>G;177G>A],NA,p.Ser23_Gly24insAla,-1.5109886875399223,-1.5743426584360996,-1.4774174178841843,0.0444440390237703,-1.5081964,-15.0,-25.0,-1.514461517959229
urn:mavedb:00000394-a-1#532,c.[3C>T;21C>T;36T>C;42C>G;70_72del;135C>T;141A>G;144C>T;168G>A;171T>G;183A>G],NA,p.Gly24del,-1.6269577509416528,-1.6758085280511712,-1.5843594610176277,0.0396766450351008,-1.5312715,-15.0,-25.0,-5.0
urn:mavedb:00000394-a-1#533,c.[3C>T;6T>G;21C>T;36T>C;42C>G;54G>A;72C>T;73A>C;74C>A;75C>G;120A>G;123T>C;126C>T;129G>A;141A>G;165G>A;168G>A;171T>G;174A>G;180G>C],NA,p.Thr25Gln,0.1661447020047489,0.1348142732983945,0.1811180229649338,0.0393991758946033,-1.5234418,2.247160662966328,2.204224987691422,2.267662236569089
urn:mavedb:00000394-a-1#534,c.[12C>T;15A>G;18C>T;21C>T;36T>C;39C>T;54G>A;60T>C;66G>A;72C>T;73A>G;74C>A;75C>A;78C>T;87T>C;111G>C;120A>G;126C>T;135C>T;138T>C;141A>G;165G>A;171T>G;174A>G;177G>A],NA,p.Thr25Glu,-0.3160008509794351,-0.328022072375606,-0.289469467911734,0.0504534262287636,-1.5006657,1.5437992130124072,1.5265810992558368,1.5816865887453448
urn:mavedb:00000394-a-1#535,c.[15A>G;21C>T;27G>A;30G>C;39C>T;72C>T;74C>A;120A>G;141A>G;177G>A;180G>C],NA,p.Thr25Asn,0.1019821081840884,0.0792320973684691,0.1588038620428413,0.0485101295062575,-1.517374,2.150869293761453,2.119599504573364,2.2288286031469773
urn:mavedb:00000394-a-1#536,c.[3C>T;6T>G;15A>G;21C>T;36T>C;42C>G;54G>A;66G>A;69T>C;72C>T;73A>C;74C>A;84C>T;99G>C;120A>G;123T>C;126C>T;141A>G;180G>C],NA,p.Thr25His,0.4763928821564532,0.428503916661529,0.5148675167821006,0.0694984360758437,-1.5118871,2.6548764809306618,2.5896398032059778,2.707283469929352
urn:mavedb:00000394-a-1#537,c.[21C>T;27G>A;36T>C;42C>G;51C>T;54G>A;72C>T;73A>G;74C>A;75C>T;78C>T;120A>G;123T>C;135C>T;138T>C;141A>G;171T>G;174A>G;177G>A],NA,p.Thr25Asp,-0.9829116653690336,-1.0332735106004824,-0.8878404727941402,0.0571617256957536,-1.4904666,0.4621619488646802,0.3618017723763529,0.6384405143759985
urn:mavedb:00000394-a-1#538,c.[21C>T;36T>C;42C>G;72C>T;73A>C;74C>G;75C>T;120A>G;123T>C;126C>T;132C>T;165G>A;171T>G;177G>A],NA,p.Thr25Arg,0.4917542829122595,0.4493766547345921,0.5192197687326411,0.0848760849012548,-1.6429071,2.852288545994623,2.794719797091912,2.889606561900054
urn:mavedb:00000394-a-1#539,c.[12C>T;21C>T;36T>C;42C>G;72C>T;74C>A;75C>A;120A>G;123T>C;126C>T;129G>A;138T>C;141A>G;165G>A;171T>G;177G>A],NA,p.Thr25Lys,0.4989068492068493,0.4380666988867031,0.5351261280904666,0.0676212776775879,-1.5695295,2.763234186727215,2.680466885656359,2.8125131905223286
urn:mavedb:00000394-a-1#540,c.[12C>T;21C>T;36T>C;42C>G;72C>T;73A>T;75C>T;78C>T;120A>G;138T>C;141A>G;168G>A;171T>G;174A>G],NA,p.Thr25Ser,-0.3495943567732735,-0.379878233537466,-0.3304563999579038,0.0638841981006726,-1.5235538,1.528422934453541,1.4849079525946045,1.5558112908761663
urn:mavedb:00000394-a-1#541,c.[3C>T;6T>G;21C>T;36T>C;42C>G;63G>C;69T>C;72C>T;73A>G;75C>G;84C>T;87T>C;120A>G;129G>A;141A>G;150C>T;165G>A;171T>G;174A>G;177G>A;207T>C],NA,p.Thr25Ala,0.3565515852933144,0.2876278371167741,0.3925382012920001,0.0525495989101994,-1.5496016,2.5426058024474147,2.4486872737595347,2.591608139133245
urn:mavedb:00000394-a-1#542,c.[6T>G;9G>A;15A>G;21C>T;36T>C;42C>G;51C>T;54G>A;72C>T;73A>G;74C>G;75C>T;120A>G;123T>C;177G>A],NA,p.Thr25Gly,-0.8085174148605005,-0.8192546267160682,-0.7966633289512526,0.0275941666464354,-1.5261307,0.8352949638872683,0.8174973037869574,0.8548235381872283
urn:mavedb:00000394-a-1#543,c.[21C>T;36T>C;42C>G;48C>T;72C>T;74C>T;75C>G;78C>T;120A>G;123T>C;138T>C;141A>G;156T>C;165G>A;171T>G;174A>G;177G>A;198G>T],NA,p.Thr25Met,0.6559377510979547,0.5968651464539119,0.7006451657178245,0.0649260149363729,-1.5565505,2.959575405313446,2.8790918462953106,3.020546354023384
urn:mavedb:00000394-a-1#544,c.[3C>T;6T>G;21C>T;36T>C;42C>G;54G>A;72C>T;73A>C;74C>T;75C>G;120A>G;126C>T;138T>C;141A>G;165G>A;171T>G;174A>G;177G>A],NA,p.Thr25Leu,0.3559207770053924,0.3263004763117183,0.3820134151771868,0.0470647010438626,-1.5511723,2.543870691719985,2.503522837029976,2.579401037704108
urn:mavedb:00000394-a-1#545,c.[15A>G;36T>C;42C>G;51C>T;63G>C;66G>A;72C>T;73A>G;74C>T;75C>T;102T>C;111G>C;120A>G;123T>C;132C>T;141A>G;165G>A;171T>G;174A>G;177G>A],NA,p.Thr25Val,0.7960067645324728,0.7345324438472935,0.8827606003756207,0.0782722090977758,-1.5365462,3.124001190374248,3.0399481897783227,3.24294356730526
urn:mavedb:00000394-a-1#546,c.[21C>T;36T>C;39C>T;42C>G;48C>T;72C>T;74C>T;120A>G;123T>C;129G>A;168G>A;171T>G;174A>G;177G>A],NA,p.Thr25Ile,0.8023461174874496,0.7464382960183206,0.8493502149641086,0.0447383020925269,-1.5439129,3.1425618163568414,3.066103778472323,3.2069637472298904
urn:mavedb:00000394-a-1#547,c.[3C>T;6T>G;18C>T;30G>C;36T>C;42C>G;60T>C;63G>C;72C>T;73A>T;74C>G;75C>G;78C>T;102T>C;135C>T;138T>C;141A>G;171T>G;174A>G;177G>A],NA,p.Thr25Trp,0.6017387873920199,0.4980139014327691,0.7124236485623362,0.1912247536345427,-1.600543,2.944871841781325,2.8037828941893648,3.0956743245196123
urn:mavedb:00000394-a-1#548,c.[3C>T;6T>G;21C>T;36T>C;42C>G;48C>T;69T>C;72C>T;73A>T;74C>A;120A>G;123T>C;141A>G;165G>A;168G>A;177G>A],NA,p.Thr25Tyr,0.747837733134831,0.7161711539434348,0.7702937593732755,0.0498562047570623,-1.5762787,3.111454268924488,3.06822033074512,3.142138186333352
urn:mavedb:00000394-a-1#549,c.[3C>T;6T>G;18C>T;21C>T;30G>C;42C>G;57T>G;69T>C;72C>T;73A>T;74C>T;108G>C;120A>G;123T>C;126C>T;141A>G],NA,p.Thr25Phe,0.5806344672975916,0.5478444835902775,0.6147418731788086,0.0503032231882269,-1.5846281,2.894754568922353,2.8501366408389304,2.941184183401253
urn:mavedb:00000394-a-1#550,c.[9G>A;21C>T;36T>C;42C>G;63G>C;72C>T;73A>C;75C>G;84C>T;99G>C;120A>G;141A>G;180G>C],NA,p.Thr25Pro,-0.6727804558189547,-0.6879540166324349,-0.6348464717629398,0.0253574388155386,-1.5276704,1.054838463193832,1.0312030898652058,1.1133575727634502
urn:mavedb:00000394-a-1#551,c.[12C>T;21C>T;36T>C;42C>G;51C>T;54G>A;63G>C;72C>T;73A>T;74C>G;120A>G;123T>C;141A>G],NA,p.Thr25Cys,0.2205243830965264,0.1948934307327653,0.2351478205527784,0.0456462482926757,-1.5546541,2.363989659113647,2.3289818672374123,2.383951855407847
urn:mavedb:00000394-a-1#552,c.[3C>T;6T>G;9G>A;36T>C;42C>G;51C>T;63G>C;72delinsTGGT;75C>T;78C>T;120A>G;123T>C;141A>G;165G>A;171T>G;174A>G;177G>A],NA,p.Gly24_Thr25insGly,-1.333521060731372,-1.379690631358249,-1.2871453361469725,0.0359757791960754,-1.5002346,-0.4403537824438614,-0.6609604454360256,-0.2647754527199654
urn:mavedb:00000394-a-1#553,c.[12C>T;39C>T;48C>T;72delinsTGCG;84C>T;120A>G;123T>C;129G>A;141A>G;165G>A;168G>A;171T>G;174A>G;177G>A],NA,p.Gly24_Thr25insAla,-1.42492994373414,-1.467885682555715,-1.3843492457498168,0.0278389643043308,-1.5098553,-0.8888294306936388,-1.3270172566758385,-0.6340947363724748
urn:mavedb:00000394-a-1#554,c.[6T>G;9G>A;21C>T;36T>C;42C>G;57T>G;72C>T;73_75del;120A>G;123T>C;126C>T;129G>A;141A>G;165G>A;171T>G;174A>G;177G>A],NA,p.Thr25del,-1.6399880911563829,-1.7198528383693636,-1.5865766955486753,0.0404462918822571,-1.5284209,-15.0,-25.0,-5.0
urn:mavedb:00000394-a-1#555,c.[21C>T;30G>C;36T>C;39C>T;72C>T;76A>C;77T>A;78C>G;114C>T;120A>G;126C>T;138T>C;147G>C;150C>T;165G>A;171T>G;174A>G;177G>A;195G>A],NA,p.Ile26Gln,-1.4887999956141913,-1.6012091460839672,-1.337438940998768,0.0395705694874373,-1.4968858,-2.30502826699518,-25.0,-0.4713582986759535
urn:mavedb:00000394-a-1#556,c.[3C>T;6T>G;18C>T;21C>T;36T>C;42C>G;51C>T;57T>G;72C>T;76A>G;77T>A;78C>G;87T>C;120A>G;129G>A;135C>T;141A>G;174A>G],NA,p.Ile26Glu,-1.3996031087490255,-1.4364993920586089,-1.3629048752492623,0.041451386494979,-1.4541588,-1.1663265236070417,-1.8455242585991405,-0.8427636740049566
urn:mavedb:00000394-a-1#557,c.[3C>T;6T>G;18C>T;21C>T;30G>C;42C>G;48C>T;72C>T;75C>T;77T>A;120A>G;123T>C;132C>T;141A>G;168G>A;174A>G;180G>C],NA,p.Ile26Asn,-1.3901132549616195,-1.4300278717204729,-1.354579677666631,0.0275981791341825,-1.4935603,-0.7615826016613266,-1.0718509916871262,-0.5654870998195216
urn:mavedb:00000394-a-1#558,c.[15A>G;21C>T;27G>A;72C>T;76A>C;77T>A;120A>G;126C>T;138T>C;141A>G;153A>G;177G>A;180G>C],NA,p.Ile26His,-1.325276055001141,-1.380610933460788,-1.2878404176093945,0.03343382241615,-1.4835296,-0.4765583008133656,-0.7649178005597863,-0.3267089701846451
urn:mavedb:00000394-a-1#559,c.[3C>T;6T>G;15A>G;30G>C;36T>C;42C>G;51C>T;54G>A;72C>T;76A>G;77T>A;120A>G;123T>C;141A>G;144C>T;174A>G],NA,p.Ile26Asp,-1.4188526942963913,-1.490090235103214,-1.324548780087474,0.0384480286522331,-1.4592915,-1.3495986904681094,-25.0,-0.58642059262812
urn:mavedb:00000394-a-1#560,c.[3C>T;9G>A;21C>T;36T>C;42C>G;48C>T;60T>C;72C>T;76A>C;77T>G;78C>T;93C>T;105C>T;111G>C;123T>C;129G>A;132C>T;135C>T;144C>T;165G>A;171T>G;174A>G;177G>A],NA,p.Ile26Arg,-1.1289476589627545,-1.2134746640920406,-1.0062355943415593,0.0773228208536836,-1.5655231,0.3189164378716802,0.1292131005344918,0.5598899280105796
urn:mavedb:00000394-a-1#561,c.[21C>T;39C>T;42C>G;69T>C;72C>T;77T>A;78C>A;120A>G;129G>A;138T>C;141A>G;165G>A;171T>G;174A>G;177G>A],NA,p.Ile26Lys,-1.4208326651278655,-1.4998366629936055,-1.3300742973922155,0.0349107979725153,-1.5104017,-0.8547467737002277,-2.148253027883222,-0.3851303874655257
urn:mavedb:00000394-a-1#562,c.[3C>T;6T>G;12C>T;21C>T;36T>C;39C>T;48C>T;72C>T;75C>T;77T>C;78C>T;90T>C;105C>T;120A>G;123T>C;132C>T;174A>G;180G>C],NA,p.Ile26Thr,-0.9621697496571716,-1.0144268160481156,-0.9045617389239986,0.0403854456383748,-1.4998369,0.5196454260706855,0.4187291677594171,0.6253104137850786
urn:mavedb:00000394-a-1#563,c.[3C>T;6T>G;18C>T;21C>T;36T>C;42C>G;72C>T;76A>T;77T>C;78C>T;108G>C;120A>G;123T>C;126C>T;129G>A;141A>G;165G>A;168G>A;171T>G;174A>G],NA,p.Ile26Ser,-1.418222659949886,-1.5194293220007922,-1.3380359104806068,0.073445436062778,-1.4967394,-0.9387491346687814,-25.0,-0.4745954204356012
urn:mavedb:00000394-a-1#564,c.[21C>T;36T>C;42C>G;48C>T;72C>T;76A>G;77T>C;78C>G;120A>G;123T>C;132C>T;138T>C;141A>G;165G>A;168G>A;171T>G;177G>A],NA,p.Ile26Ala,-1.365747148222039,-1.413311084134391,-1.31349496247076,0.0462982673029073,-1.5066671,-0.5560873931498447,-0.8281099345191977,-0.33602876540634
urn:mavedb:00000394-a-1#565,c.[3C>T;6T>G;18C>T;21C>T;36T>C;42C>G;51C>T;54G>A;72C>T;75C>T;76A>G;77T>G;78C>T;102T>C;111G>C;120A>G;123T>C;141A>G;165G>A;171T>G;174A>G;177G>A;198G>T;207T>C],NA,p.Ile26Gly,-1.4169183950890998,-1.4985551205316343,-1.2381135866133706,0.0514335273109231,-1.501081,-0.8945867535828075,-2.983591776985298,-0.1064458980275483
urn:mavedb:00000394-a-1#566,c.[3C>T;6T>G;15A>G;30G>C;36T>C;42C>G;69T>C;72C>T;78C>G;108G>C;126C>T;144C>T;150C>T;162G>C;165G>A;168G>A;171T>G;174A>G;177G>A],NA,p.Ile26Met,-1.1605497926680917,-1.2500210180623728,-1.0895740734513009,0.056958283056181,-1.5251484,0.1590639448468818,-0.0712775257177979,0.3168193150367951
urn:mavedb:00000394-a-1#567,c.[3C>T;6T>G;15A>G;42C>G;54G>A;72C>T;76A>C;102T>C;120A>G;141A>G;168G>A;180G>C;183A>G],NA,p.Ile26Leu,-1.1309231011820335,-1.2027352152328077,-1.0635623149308318,0.0401794668540943,-1.514914,0.2039161324587757,0.0295207371309906,0.349763595372602
urn:mavedb:00000394-a-1#568,c.[3C>T;21C>T;51C>T;54G>A;72C>T;76A>G;78C>T;108G>C;120A>G;123T>C;129G>A;132C>T;135C>T;141A>G;165G>A;171T>G;174A>G;177G>A],NA,p.Ile26Val,0.0340575681587224,0.0193830501564176,0.0555962575583947,0.0414121831531818,-1.5133138,2.051817080937201,2.0315711646656784,2.0815015808868207
urn:mavedb:00000394-a-1#569,c.[21C>T;36T>C;42C>G;48C>T;72C>T;76A>T;77T>G;78C>G;120A>G;123T>C;165G>A;171T>G;174A>G;177G>A;198G>T],NA,p.Ile26Trp,-1.2474138249269826,-1.2889338005307904,-1.2120331051691606,0.0361220582968351,-1.5322905,-0.043875219085782,-0.1657688149603487,0.0503801233850622
urn:mavedb:00000394-a-1#570,c.[6T>G;9G>A;21C>T;27G>A;63G>C;72C>T;76A>T;77T>A;108G>C;120A>G;123T>C;126C>T;165G>A;168G>A;171T>G;174A>G],NA,p.Ile26Tyr,-1.08796448721256,-1.1418966399470087,-1.046669386037219,0.0395950756318257,-1.5247669,0.3194079296560738,0.2013605873940002,0.4041447057444396
urn:mavedb:00000394-a-1#571,c.[3C>T;6T>G;21C>T;36T>C;42C>G;72C>T;76A>T;120A>G;132C>T;141A>G;168G>A;177G>A;180G>C],NA,p.Ile26Phe,-1.1819191808511464,-1.2337860874159776,-1.145174313113503,0.028671300808655,-1.5370388,0.1365854223516603,0.0060288324008526,0.2217142277357227
urn:mavedb:00000394-a-1#572,c.[3C>T;6T>G;21C>T;36T>C;42C>G;48C>T;72C>T;75C>T;76A>C;77T>C;78C>A;120A>G;123T>C;141A>G;165G>A;171T>G;174A>G;177G>A;198G>T],NA,p.Ile26Pro,-1.5332752464520047,-1.5906980368417336,-1.488652832118207,0.0370961734664084,-1.5175114,-15.0,-25.0,-1.5531266825811385
urn:mavedb:00000394-a-1#573,c.[21C>T;36T>C;42C>G;72C>T;76A>T;77T>G;129G>A;141A>G;165G>A;168G>A;177G>A;180G>C],NA,p.Ile26Cys,-0.510274229102565,-0.5803253341354517,-0.4498858052258827,0.051691445211374,-1.5153561,1.2824930206162866,1.1776126268440672,1.3714259398189206
urn:mavedb:00000394-a-1#574,c.[9G>A;15A>G;21C>T;36T>C;42C>G;48C>T;63G>C;72C>T;75delinsTGGT;120A>G;123T>C;141A>G;174A>G],NA,p.Thr25_Ile26insGly,-1.4884630025626202,-1.5471278141664433,-1.4320251452057011,0.0390066381089988,-1.4983592,-2.186631608257854,-25.0,-1.0449052043396885
urn:mavedb:00000394-a-1#575,c.[12C>T;21C>T;24C>T;27G>A;42C>G;57T>G;72C>T;75delinsTGCG;102T>C;105C>T;111G>C;120A>G;126C>T;141A>G;165G>A;171T>G;177G>A],NA,p.Thr25_Ile26insAla,-1.5108253762267776,-1.5401539714252457,-1.474090309698476,0.0317609320022417,-1.5216513,-2.133931352603635,-25.0,-1.2506815550468162
urn:mavedb:00000394-a-1#576,c.[12C>T;21C>T;36T>C;42C>G;51C>T;60T>C;72C>T;75C>T;76_78del;108G>C;120A>G;123T>C;129G>A;141A>G;177G>A],NA,p.Ile26del,-1.496189301810995,-1.5816800759386398,-1.410565219673554,0.0604377291793458,-1.5030427,-2.4017664800878338,-25.0,-0.8342010185775016
urn:mavedb:00000394-a-1#577,c.[3C>T;21C>T;36T>C;42C>G;48C>T;79A>C;80T>A;120A>G;123T>C;141A>G;165G>A;171T>G;174A>G;177G>A;180G>C;198G>T;207T>C],NA,p.Met27Gln,-1.5023432956226055,-1.5951059995141033,-1.4218887373036937,0.0357834914341515,-1.5030241,-3.745245444249559,-25.0,-0.9179195113866332
urn:mavedb:00000394-a-1#578,c.[3C>T;18C>T;21C>T;36T>C;42C>G;48C>T;79A>G;80T>A;81G>A;120A>G;123T>C;135C>T;141A>G;165G>A;171T>G;174A>G;177G>A],NA,p.Met27Glu,-1.347950756079939,-1.4250184239316372,-1.2757252306795666,0.0418476233495624,-1.4647331,-0.6819682629735655,-1.360570708423764,-0.3516445846708781
urn:mavedb:00000394-a-1#579,c.[3C>T;9G>A;21C>T;36T>C;42C>G;51C>T;63G>C;75C>T;80T>A;81G>C;120A>G;141A>G;171T>G;174A>G;177G>A],NA,p.Met27Asn,-1.3578215614247129,-1.4425582077936998,-1.1954132920574152,0.0382684828533042,-1.4892678,-0.6031066435354022,-1.2617324637154044,-0.0192097460632432
urn:mavedb:00000394-a-1#580,c.[21C>T;27G>A;36T>C;42C>G;72C>T;75C>T;79A>C;80T>A;81G>T;84C>T;120A>G;141A>G;165G>A;168G>A;171T>G;177G>A],NA,p.Met27His,-1.0858331798945209,-1.2027472028656765,-0.9289216810115604,0.0599596499404966,-1.4897289,0.2485167587847307,-0.0380352117489967,0.5627261027453394
urn:mavedb:00000394-a-1#581,c.[9G>A;15A>G;21C>T;36T>C;48C>T;72C>T;75C>T;79A>G;80T>A;81G>C;102T>C;120A>G;123T>C;126C>T;132C>T;138T>C;141A>G;165G>A;168G>A;174A>G],NA,p.Met27Asp,-1.3307006195002216,-1.3878494343869727,-1.2567123561325937,0.0362110377806989,-1.4538207,-0.6468863557691776,-1.0483271391917073,-0.3214920664301391
urn:mavedb:00000394-a-1#582,c.[9G>A;12C>T;21C>T;36T>C;42C>G;48C>T;72C>T;75C>T;79A>C;80T>G;81G>C;120A>G;123T>C;165G>A;168G>A;174A>G],NA,p.Met27Arg,-1.430229357981596,-1.4681358103226383,-1.3442934829994326,0.0273799177989519,-1.548542,-0.6733637085231006,-0.9236646064773976,-0.2957382044852182
urn:mavedb:00000394-a-1#583,c.[3C>T;6T>G;12C>T;21C>T;36T>C;39C>T;42C>G;48C>T;54G>A;80T>A;81G>A;105C>T;111G>C;123T>C;132C>T;135C>T;138T>C;141A>G;165G>A;168G>A;171T>G;174A>G;180G>C],NA,p.Met27Lys,-1.407363743923368,-1.517743901553266,-1.288394597440053,0.0468653265850922,-1.506649,-0.7882889522168558,-25.0,-0.247151284689495
urn:mavedb:00000394-a-1#584,c.[3C>T;6T>G;12C>T;15A>G;18C>T;21C>T;36T>C;42C>G;51C>T;54G>A;80T>C;81G>C;120A>G;123T>C;165G>A;171T>G;174A>G;195G>A;207T>C],NA,p.Met27Thr,-1.2049704172263738,-1.2642455400011954,-1.1496288825245418,0.0458291843916522,-1.494977,-0.0297125281964534,-0.2058556992311245,0.113019174863842
urn:mavedb:00000394-a-1#585,c.[3C>T;6T>G;21C>T;36T>C;42C>G;66G>A;79A>T;80T>C;81G>T;129G>A;132C>T;138T>C;141A>G;165G>A;171T>G;174A>G;177G>A],NA,p.Met27Ser,-1.2420916761246594,-1.303572752144452,-1.1915155193859903,0.030186515457286,-1.487772,-0.1585499412465235,-0.3700377701702939,-0.0127028823305023
urn:mavedb:00000394-a-1#586,c.[21C>T;36T>C;42C>G;69T>C;72C>T;79A>G;80T>C;120A>G;123T>C;126C>T;138T>C;165G>A;171T>G;177G>A;183A>G;198G>T;207T>C],NA,p.Met27Ala,-1.047139192277361,-1.0880561365537722,-1.0083420442862625,0.0273592620480702,-1.4920578,0.336421871676119,0.2487496617469468,0.4153660973596098
urn:mavedb:00000394-a-1#587,c.[3C>T;6T>G;12C>T;21C>T;36T>C;42C>G;48C>T;54G>A;57T>G;79A>G;80T>G;81G>T;120A>G;123T>C;129G>A;138T>C;141A>G;153A>G;165G>A;168G>A;174A>G],NA,p.Met27Gly,-1.386303034014902,-1.4642864295270457,-1.351443673308495,0.0275729056551902,-1.4854546,-0.7891595631349142,-1.738054594356928,-0.5900982126959167
urn:mavedb:00000394-a-1#588,c.[3C>T;21C>T;24C>T;36T>C;42C>G;48C>T;72C>T;75C>T;79A>C;120A>G;123T>C;132C>T;135C>T;141A>G;144C>T;165G>A;171T>G;174A>G;177G>A],NA,p.Met27Leu,-0.6033715914485541,-0.6652495180659561,-0.5515207087357028,0.0917606788995695,-1.5174084,1.1457634238851782,1.050603645207518,1.2240585941266988
urn:mavedb:00000394-a-1#589,c.[3C>T;6T>G;12C>T;21C>T;36T>C;42C>G;51C>T;78C>T;79A>G;81G>T;90T>C;99G>C;105C>T;108G>C;114C>T;120A>G;123T>C;129G>A;141A>G;165G>A;168G>A;174A>G],NA,p.Met27Val,-0.4025725771418563,-0.4289507182493577,-0.3863607375312842,0.0678478165549009,-1.4955969,1.41164481408733,1.3731760748289463,1.435186410580809
urn:mavedb:00000394-a-1#590,c.[6T>G;9G>A;15A>G;21C>T;36T>C;42C>G;54G>A;60T>C;69T>C;81G>C;120A>G;129G>A;168G>A;174A>G],NA,p.Met27Ile,-0.7608850887232235,-0.8022052770969432,-0.6642422565587278,0.0446591802234058,-1.5010543,0.8723672364979947,0.8041380475337806,1.0266870209777752
urn:mavedb:00000394-a-1#591,c.[21C>T;36T>C;42C>G;79A>T;80T>G;120A>G;138T>C;141A>G;156T>C;165G>A;171T>G;174A>G;177G>A],NA,p.Met27Trp,-1.122746965904052,-1.1894972704590534,-1.0450756191712598,0.0629421676806219,-1.5304308,0.2568367362671702,0.1022137868852299,0.4186081169331123
urn:mavedb:00000394-a-1#592,c.[21C>T;36T>C;42C>G;51C>T;72C>T;75C>T;79A>T;80T>A;81G>C;120A>G;123T>C;141A>G;165G>A;171T>G;174A>G],NA,p.Met27Tyr,-0.9809068252635442,-1.0972873113150126,-0.8619505601090139,0.0477832831812096,-1.519433,0.5212520347845165,0.2882346933553499,0.7341761406376298
urn:mavedb:00000394-a-1#593,c.[21C>T;36T>C;42C>G;51C>T;72C>T;75C>T;79A>T;81G>C;102T>C;120A>G;123T>C;135C>T;156T>C;165G>A;171T>G;174A>G;198G>T;207T>C],NA,p.Met27Phe,-0.8071232249782336,-0.876739688360115,-0.6983222377509961,0.037460695537878,-1.5249763,0.8356919926292287,0.7182881348244156,1.0107470834085823
urn:mavedb:00000394-a-1#594,c.[21C>T;36T>C;39C>T;42C>G;48C>T;72C>T;75C>T;79A>C;80T>C;120A>G;123T>C],NA,p.Met27Pro,-1.4418819923258654,-1.487154604198174,-1.406182618045562,0.0379983104409678,-1.438292,-15.0,-25.0,-1.4890081364391805
urn:mavedb:00000394-a-1#595,c.[9G>A;21C>T;36T>C;42C>G;54G>A;60T>C;78C>T;79A>T;80T>G;81G>T;84C>T;120A>G;126C>T;135C>T;138T>C;141A>G;168G>A;174A>G],NA,p.Met27Cys,-0.2523249229855541,-0.2830870319367113,-0.2307036188272023,0.1253797866084424,-1.5081272,1.645039644708136,1.601380140651069,1.675619805026318
urn:mavedb:00000394-a-1#596,c.[6T>G;9G>A;12C>T;21C>T;30G>C;36T>C;42C>G;48C>T;72C>T;75C>T;78_79insGGT;120A>G;123T>C;141A>G;153A>G;165G>A;168G>A;171T>G;174A>G;180G>C],NA,p.Ile26_Met27insGly,-1.5168410275411373,-1.5594886016151115,-1.4537464067085657,0.041370260186086,-1.4891715,-15.0,-25.0,-1.4297749990201667
urn:mavedb:00000394-a-1#597,c.[21C>T;36T>C;42C>G;48C>T;72C>T;75C>T;78delinsTGCG;123T>C;138T>C;141A>G;165G>A;171T>G;174A>G],NA,p.Ile26_Met27insAla,-1.449898738654452,-1.5247803918497305,-1.3917756016557266,0.0471896905054469,-1.4977899,-1.2464410381647604,-25.0,-0.7455815724221555
urn:mavedb:00000394-a-1#598,c.[3C>T;21C>T;36T>C;42C>G;75C>T;79_81del;120A>G;129G>A;141A>G;150C>T;165G>A;171T>G;174A>G;177G>A;180G>C;183A>G;207T>C],NA,p.Met27del,-1.5633919418073416,-1.6304108257193246,-1.493686400570516,0.0417235082267022,-1.4787121,-15.0,-25.0,-5.0
urn:mavedb:00000394-a-1#599,c.[3C>T;6T>G;18C>T;21C>T;30G>C;42C>G;63G>C;82G>C;84C>G;120A>G;135C>T;141A>G;168G>A;171T>G;174A>G],NA,p.Asp28Gln,-0.9177280513826888,-0.9664353185817204,-0.8294077143084005,0.0348840366171165,-1.5901814,0.7596577479578703,0.6756962939715064,0.90578288583901
urn:mavedb:00000394-a-1#600,c.[3C>T;6T>G;9G>A;21C>T;36T>C;51C>T;60T>C;69T>C;72C>T;84C>A;87T>C;99G>C;105C>T;108G>C;114C>T;120A>G;123T>C;132C>T;141A>G;144C>T;156T>C;165G>A;168G>A;171T>G],NA,p.Asp28Glu,-0.023957573584142,-0.0409748139919972,0.0137476267271242,0.0708400526628949,-1.5503745,2.022746293474279,1.9992416128869608,2.074736815323685
urn:mavedb:00000394-a-1#601,c.[21C>T;36T>C;39C>T;48C>T;66G>A;69T>C;72C>T;82G>A;111G>C;120A>G;123T>C;129G>A;132C>T;135C>T;138T>C;141A>G;165G>A;171T>G;174A>G;177G>A;183A>G],NA,p.Asp28Asn,-1.1950818066237403,-1.2469295791084043,-1.1625525586599594,0.0200144730917944,-1.5781107,0.2017068922490777,0.0780225177262183,0.2739968424016083
urn:mavedb:00000394-a-1#602,c.[21C>T;36T>C;42C>G;48C>T;54G>A;69T>C;72C>T;82G>C;120A>G;123T>C;165G>A;168G>A;171T>G;174A>G;198G>T;207T>C],NA,p.Asp28His,-1.3590148923529837,-1.462179393379823,-1.2008692243247356,0.0369547604702288,-1.5718799,-0.2655625499390005,-0.723205059665721,0.1740432174582049
urn:mavedb:00000394-a-1#603,c.[21C>T;36T>C;42C>G;69T>C;72C>T;82G>C;83A>G;84C>T;120A>G;123T>C;126C>T;129G>A;138T>C;141A>G;156T>C;171T>G;174A>G;177G>A;180G>C;198G>T],NA,p.Asp28Arg,-1.536996854531259,-1.651029687404052,-1.460210190332358,0.0520032727622212,-1.6967611,-0.4700111135359487,-1.2746976549831792,-0.1872120839868787
urn:mavedb:00000394-a-1#604,c.[3C>T;6T>G;12C>T;21C>T;36T>C;42C>G;48C>T;82G>A;84C>A;120A>G;123T>C;132C>T;141A>G;144C>T;156T>C;165G>A;168G>A;174A>G],NA,p.Asp28Lys,-1.5983444084778866,-1.690184577587822,-1.540216520070198,0.0333795736187423,-1.6254482,-1.5907096205744544,-25.0,-0.8865460028593573
urn:mavedb:00000394-a-1#605,c.[3C>T;15A>G;21C>T;36T>C;42C>G;51C>T;54G>A;75C>T;82G>A;83A>C;84C>T;87T>C;102T>C;111G>C;120A>G;123T>C;135C>T;141A>G;165G>A;171T>G;174A>G;177G>A],NA,p.Asp28Thr,-1.4897990218965993,-1.5392967686160712,-1.437176553775951,0.0414778751733566,-1.5978312,-0.7332578963165532,-1.1228041830758255,-0.4661428195584434
urn:mavedb:00000394-a-1#606,c.[3C>T;21C>T;36T>C;42C>G;82G>T;83A>C;84C>T;120A>G;123T>C;126C>T;138T>C;141A>G;156T>C;165G>A;171T>G;174A>G;177G>A],NA,p.Asp28Ser,-1.3358584258215034,-1.4506292042420446,-1.2487526755357403,0.0405507324740893,-1.6024604,-0.0958337044150249,-0.5051520794153348,0.1331880127515891
urn:mavedb:00000394-a-1#607,c.[3C>T;6T>G;21C>T;36T>C;42C>G;69T>C;72C>T;83A>C;84C>G;90T>C;120A>G;123T>C;126C>T;129G>A;132C>T;141A>G;165G>A;171T>G;174A>G;177G>A],NA,p.Asp28Ala,-1.4751299937351403,-1.5432749468195983,-1.425066679346508,0.0375784322154895,-1.6149483,-0.561432149868487,-0.99635978373236,-0.3483720800214601
urn:mavedb:00000394-a-1#608,c.[3C>T;6T>G;9G>A;21C>T;36T>C;39C>T;51C>T;63G>C;72C>T;75C>T;83A>G;84C>T;111G>C;120A>G;126C>T;135C>T;141A>G;165G>A;171T>G;174A>G;177G>A],NA,p.Asp28Gly,-1.4189801002977147,-1.4799131999045236,-1.294761900388741,0.0595496304030749,-1.5934176,-0.4086066405973907,-0.7007880564151976,-0.0062661255458421
urn:mavedb:00000394-a-1#609,c.[3C>T;12C>T;21C>T;36T>C;42C>G;54G>A;72C>T;75C>T;78C>T;82G>A;83A>T;84C>G;114C>T;120A>G;123T>C;126C>T;138T>C;141A>G;165G>A;168G>A;177G>A;207T>C],NA,p.Asp28Met,-0.8602837180875744,-1.0472003353781645,-0.7946070909065522,0.0887332661567986,-1.6353407,0.9287646411102014,0.6124386666221469,1.03270902346888
urn:mavedb:00000394-a-1#610,c.[21C>T;36T>C;42C>G;57T>G;69T>C;72C>T;82G>C;83A>T;84C>G;90T>C;120A>G;123T>C;126C>T;129G>A;138T>C;141A>G;162G>C;165G>A;171T>G;174A>G;198G>T;207T>C],NA,p.Asp28Leu,-1.1053145363966117,-1.2069588529909654,-1.0536625512874236,0.0499263721616337,-1.6202717,0.4764037091563996,0.2691080870858705,0.5733315430244008
urn:mavedb:00000394-a-1#611,c.[6T>G;9G>A;21C>T;30G>C;36T>C;42C>G;57T>G;63G>C;66G>A;72C>T;75C>T;83A>T;84C>T;120A>G;168G>A;174A>G],NA,p.Asp28Val,-1.1307760362236414,-1.2262625869055788,-0.9643847895835128,0.0696873039095459,-1.6051474,0.3966436297002149,0.192222759172745,0.7053353996405445
urn:mavedb:00000394-a-1#612,c.[27G>A;30G>C;42C>G;69T>C;78C>T;82G>A;83A>T;99G>C;108G>C;141A>G;162G>C;165G>A;168G>A],NA,p.Asp28Ile,-0.6019863453778145,-0.6869432228094887,-0.496035602644361,0.0986040696058021,-1.6149869,1.2941087181532736,1.1669390297602615,1.4490734551150173
urn:mavedb:00000394-a-1#613,c.[3C>T;18C>T;21C>T;36T>C;48C>T;54G>A;60T>C;72C>T;75C>T;82G>T;83A>G;84C>G;87T>C;114C>T;120A>G;123T>C;132C>T;138T>C;141A>G;162G>C;165G>A;171T>G;180G>C],NA,p.Asp28Trp,-0.9275650752230924,-0.9675424457010908,-0.8937801534479228,0.05654285071346,-1.6447263,0.8344796882677045,0.7676452548257743,0.8898280706426828
urn:mavedb:00000394-a-1#614,c.[3C>T;6T>G;21C>T;36T>C;42C>G;51C>T;63G>C;82G>T;120A>G;123T>C;132C>T;141A>G;156T>C;168G>A;174A>G;180G>C],NA,p.Asp28Tyr,-1.2267989344639163,-1.3428677145064611,-1.0592629155537887,0.0522769752147372,-1.6227479,0.230840048185783,-0.0578540957052512,0.5675963546684792
urn:mavedb:00000394-a-1#615,c.[6T>G;9G>A;21C>T;30G>C;42C>G;51C>T;63G>C;69T>C;72C>T;82G>T;83A>T;120A>G;123T>C;129G>A;168G>A;171T>G;174A>G;177G>A],NA,p.Asp28Phe,-0.3402227603189111,-0.3964802025864086,-0.2848055290234019,0.0702601515825593,-1.6376138,1.7034964039156293,1.6239877095017616,1.7812979854073971
urn:mavedb:00000394-a-1#616,c.[3C>T;21C>T;36T>C;42C>G;69T>C;72C>T;82G>T;83A>G;120A>G;141A>G;171T>G;174A>G],NA,p.Asp28Cys,-0.5107330424519414,-0.5672881688132657,-0.4732192287713877,0.0471415330212925,-1.6163654,1.4297780430843725,1.347275378615843,1.4839981044492692
urn:mavedb:00000394-a-1#617,c.[3C>T;6T>G;18C>T;21C>T;39C>T;42C>G;51C>T;72C>T;75C>T;81_82insGGT;120A>G;123T>C;141A>G;147G>C;165G>A;171T>G;177G>A],NA,p.Met27_Asp28insGly,-1.488921647399645,-1.5258935186426632,-1.4466721809627463,0.0320541063464913,-1.4702992,-15.0,-25.0,-1.6726584629688508
urn:mavedb:00000394-a-1#618,c.[12C>T;21C>T;81_82insGCG;120A>G;132C>T;141A>G;165G>A;168G>A],NA,p.Met27_Asp28insAla,-1.4944843167792148,-1.5529879316797042,-1.448619855684231,0.048584592552351,-1.4805245,-15.0,-25.0,-1.4928633004479388
urn:mavedb:00000394-a-1#619,c.[12C>T;21C>T;36T>C;42C>G;82_84del;120A>G;129G>A;138T>C;141A>G;165G>A;171T>G;174A>G;177G>A;195G>A;207T>C],NA,p.Asp28del,-1.297208458167936,-1.3820121511458625,-1.242507153026737,0.0605918237105024,-1.5988522,0.0017306824660793,-0.2519633539407657,0.1394964560649407
urn:mavedb:00000394-a-1#620,c.[12C>T;21C>T;36T>C;42C>G;48C>T;72C>T;75C>T;78C>T;86G>A;87T>G;120A>G;123T>C;141A>G;180G>C],NA,p.Arg29Gln,-0.9741671602015646,-1.0129061942614257,-0.9589931237008004,0.0294579012155156,-1.3977213,0.291305407653621,0.2058326132012081,0.3235095953670502
urn:mavedb:00000394-a-1#621,c.[21C>T;36T>C;39C>T;85C>G;86G>A;87T>G;120A>G;129G>A;165G>A;168G>A;171T>G;174A>G;180G>C;183A>G],NA,p.Arg29Glu,-1.1626072709188342,-1.2149038170641877,-1.1287225619328785,0.035555968325118,-1.3849816,-0.2332904308682941,-0.4263480191212691,-0.1263266686846217
urn:mavedb:00000394-a-1#622,c.[12C>T;21C>T;36T>C;51C>T;72C>T;75C>T;85C>A;86G>A;87T>C;102T>C;123T>C;141A>G;165G>A;168G>A;177G>A],NA,p.Arg29Asn,-1.0176377758795072,-1.0435019779169918,-0.9953522976359174,0.0322344366463334,-1.393507,0.1853535173631201,0.1243441899213201,0.2358329712378254
urn:mavedb:00000394-a-1#623,c.[21C>T;36T>C;42C>G;86G>A;87T>C;120A>G;123T>C;126C>T;141A>G;171T>G;174A>G;177G>A],NA,p.Arg29His,-0.7365194719034353,-0.8137906650619459,-0.6705897993372215,0.057093434120833,-1.3923059,0.7313549223084569,0.595160873346167,0.8421719592331064
urn:mavedb:00000394-a-1#624,c.[9G>A;12C>T;21C>T;36T>C;42C>G;51C>T;85C>G;86G>A;87T>C;120A>G;123T>C;165G>A;168G>A;177G>A;180G>C],NA,p.Arg29Asp,-1.4399901842524685,-1.530310692405783,-1.3191314540084087,0.0527542442508557,-1.383471,-15.0,-25.0,-1.0639570698678151
urn:mavedb:00000394-a-1#625,c.[3C>T;6T>G;12C>T;36T>C;42C>G;60T>C;63G>C;85C>A;86G>A;87T>A;105C>T;120A>G;141A>G;180G>C],NA,p.Arg29Lys,0.2663515673195275,0.2355401921085522,0.2911768270949109,0.0671782060217134,-1.4434547,2.2754158595308915,2.2331850023909663,2.3094111725327364
urn:mavedb:00000394-a-1#626,c.[15A>G;21C>T;30G>C;48C>T;85C>A;86G>C;87T>C;120A>G;123T>C;129G>A;138T>C;141A>G;165G>A;171T>G;174A>G;177G>A],NA,p.Arg29Thr,-1.1072888511934569,-1.1924734150008245,-0.9581088156850186,0.0501438644823422,-1.3963714,-0.0322197242720528,-0.296952045847808,0.322531816778531
urn:mavedb:00000394-a-1#627,c.[21C>T;36T>C;42C>G;51C>T;63G>C;69T>C;72C>T;85C>T;86G>C;120A>G;123T>C;138T>C;141A>G;165G>A;168G>A;177G>A],NA,p.Arg29Ser,-0.6654609555073392,-0.7157859767497987,-0.6165312856135963,0.0384258621460049,-1.3949904,0.8550288116580165,0.7712154962887127,0.9344110096607704
urn:mavedb:00000394-a-1#628,c.[6T>G;9G>A;21C>T;36T>C;42C>G;60T>C;72C>T;75C>T;84C>T;85C>G;86G>C;93C>T;120A>G;165G>A;171T>G;174A>G;177G>A;207T>C],NA,p.Arg29Ala,-0.6824795608159695,-0.7487813660930678,-0.6467838566223647,0.0625769074761945,-1.4089003,0.8499064644963489,0.7387617811161938,0.9080938880376912
urn:mavedb:00000394-a-1#629,c.[3C>T;6T>G;21C>T;36T>C;42C>G;51C>T;54G>A;69T>C;72C>T;85C>G;120A>G;123T>C;141A>G;144C>T;165G>A;171T>G;174A>G;177G>A],NA,p.Arg29Gly,-1.148681318482691,-1.2613614690974082,-1.0674235380976875,0.0367807419099491,-1.3979397,-0.1475236685868807,-0.5772699914783751,0.0764101118943786
urn:mavedb:00000394-a-1#630,c.[12C>T;21C>T;36T>C;42C>G;48C>T;66G>A;72C>T;75C>T;84C>T;85C>A;86G>T;87T>G;102T>C;120A>G;123T>C;141A>G;171T>G;174A>G;177G>A],NA,p.Arg29Met,-0.535006058950938,-0.5717438669491721,-0.5065856619340502,0.0497415398572169,-1.4234295,1.106723098683492,1.0499635092152504,1.150144885494932
urn:mavedb:00000394-a-1#631,c.[3C>T;6T>G;21C>T;36T>C;42C>G;66G>A;86G>T;87T>G;120A>G;129G>A;141A>G;168G>A;171T>G;174A>G;177G>A],NA,p.Arg29Leu,-0.0190060318344899,-0.0316937357103508,0.0102668094228483,0.1109888782489352,-1.4210186,1.850693887681552,1.8329888663193976,1.891468367847708
urn:mavedb:00000394-a-1#632,c.[6T>G;9G>A;21C>T;30G>C;36T>C;39C>T;42C>G;48C>T;57T>G;60T>C;69T>C;72C>T;75C>T;84C>T;85C>G;86G>T;120A>G;123T>C;132C>T;141A>G;165G>A;171T>G;174A>G;177G>A],NA,p.Arg29Val,-0.7618948348260219,-0.8480290772431369,-0.656038290430585,0.069545219083909,-1.4056988,0.710714240976042,0.5569836262328661,0.8879108551049154
urn:mavedb:00000394-a-1#633,c.[6T>G;9G>A;21C>T;36T>C;42C>G;48C>T;57T>G;72C>T;75C>T;85C>A;86G>T;87T>C;120A>G;126C>T;135C>T;168G>A;171T>G;174A>G;177G>A],NA,p.Arg29Ile,-0.623482563677185,-0.679400816036095,-0.5941142171058131,0.0443871752783528,-1.4120378,0.9505445332842072,0.8601131163277622,0.9971205555194148
urn:mavedb:00000394-a-1#634,c.[12C>T;21C>T;27G>A;39C>T;42C>G;51C>T;72C>T;75C>T;84C>T;85C>T;87T>G;120A>G;123T>C;138T>C;141A>G;168G>A;171T>G;174A>G;177G>A;180G>C],NA,p.Arg29Trp,-0.4578667059717043,-0.4912216420241254,-0.4330050000412321,0.0364315839362292,-1.4551735,1.271031899321954,1.2212357265398197,1.3078715858493553
urn:mavedb:00000394-a-1#635,c.[3C>T;6T>G;15A>G;21C>T;36T>C;42C>G;54G>A;66G>A;69T>C;72C>T;78C>T;85C>T;86G>A;87T>C;120A>G;174A>G],NA,p.Arg29Tyr,-0.3706418035943656,-0.3818750344446497,-0.360530322708844,0.0518494187607061,-1.4353995,1.3705150951167242,1.3540587151745231,1.3852943202407575
urn:mavedb:00000394-a-1#636,c.[21C>T;48C>T;54G>A;72C>T;75C>T;85C>T;86G>T;87T>C;120A>G;123T>C;165G>A;168G>A;171T>G;177G>A],NA,p.Arg29Phe,-0.4070894094826657,-0.4245512489510905,-0.3858544057873793,0.0672714128500459,-1.4431515,1.3283824174254433,1.3026168585293778,1.359576394176338
urn:mavedb:00000394-a-1#637,c.[21C>T;36T>C;42C>G;48C>T;86G>C;87T>G;120A>G;123T>C;144C>T;153A>G;162G>C;165G>A;168G>A;171T>G;174A>G;177G>A;180G>C],NA,p.Arg29Pro,-1.3059796806890518,-1.3502573940901483,-1.2574426263327732,0.0316652924249024,-1.3920441,-0.8802946030570084,-1.329655202805831,-0.5871135716136374
urn:mavedb:00000394-a-1#638,c.[21C>T;36T>C;42C>G;85C>T;87T>C;120A>G;129G>A;141A>G;165G>A;171T>G;174A>G;177G>A;207T>C],NA,p.Arg29Cys,-0.4556578100166065,-0.4761848164592301,-0.4150624370451811,0.0345374004959023,-1.4210572,1.2234546768859826,1.1925919338506503,1.2839847448754953
urn:mavedb:00000394-a-1#639,c.[3C>T;6T>G;12C>T;21C>T;36T>C;42C>G;51C>T;72C>T;75C>T;84_85insGGT;120A>G;123T>C;135C>T;156T>C;165G>A;171T>G;174A>G;177G>A;192C>T;195G>A],NA,p.Asp28_Arg29insGly,-1.509418829642938,-1.5431784517301508,-1.46472409864533,0.0376974745070315,-1.5059357,-15.0,-25.0,-1.3381022153998767
urn:mavedb:00000394-a-1#640,c.[9G>A;12C>T;21C>T;36T>C;42C>G;84_85insGCG;87T>C;120A>G;126C>T;129G>A;132C>T;138T>C;141A>G;162G>C;165G>A;168G>A;174A>G],NA,p.Asp28_Arg29insAla,-1.2455632303367294,-1.3198139666815571,-1.1545308987487917,0.0524802548042139,-1.5315032,-0.0409267434035992,-0.2696163479516938,0.187847219370737
urn:mavedb:00000394-a-1#641,c.[9G>A;12C>T;21C>T;36T>C;42C>G;72C>T;75C>T;85_87del;120A>G;123T>C;126C>T;141A>G;180G>C],NA,p.Arg29del,-1.2694756665122209,-1.3146445541059408,-1.2198157164133725,0.0624473586975138,-1.4051399,-0.5818084765039884,-0.8481201148842575,-0.3656827113872579
urn:mavedb:00000394-a-1#642,c.[3C>T;6T>G;9G>A;21C>T;36T>C;42C>G;57T>G;69T>C;72C>T;88T>C;89C>A;90T>A;120A>G;135C>T;141A>G;165G>A;171T>G;174A>G;177G>A],NA,p.Ser30Gln,0.4053798488829069,0.3798771598585039,0.4191696769060059,0.0379693885022106,-1.5019178,2.544653254552449,2.5098864452693386,2.563448457766909
urn:mavedb:00000394-a-1#643,c.[3C>T;6T>G;12C>T;21C>T;36T>C;42C>G;57T>G;60T>C;66G>A;69T>C;72C>T;84C>T;88T>G;89C>A;90T>A;120A>G;132C>T;138T>C;150C>T;165G>A;168G>A],NA,p.Ser30Glu,0.5406606317115863,0.4611226209729318,0.5821881174892926,0.0680086177437744,-1.4271822,2.6281776848982408,2.519607620683479,2.6848596450261315
urn:mavedb:00000394-a-1#644,c.[3C>T;6T>G;15A>G;21C>T;36T>C;42C>G;51C>T;63G>C;87T>C;88T>A;89C>A;90T>C;120A>G;123T>C;165G>A;168G>A;174A>G],NA,p.Ser30Asn,0.0529409254199219,0.0408604458536681,0.0882824876252657,0.04499494709817,-1.4903002,2.046227851969,2.0295550201478,2.094937090061179
urn:mavedb:00000394-a-1#645,c.[12C>T;21C>T;36T>C;42C>G;48C>T;84C>T;88T>C;89C>A;120A>G;123T>C;138T>C;150C>T;153A>G;177G>A],NA,p.Ser30His,0.3790289359057029,0.3528349323187525,0.413587465862419,0.0453125723208857,-1.474771,2.471976495514997,2.436223271936914,2.519125560901138
urn:mavedb:00000394-a-1#646,c.[3C>T;6T>G;15A>G;21C>T;36T>C;42C>G;72C>T;75C>T;84C>T;88T>G;89C>A;90T>C;120A>G;156T>C;171T>G;174A>G;177G>A],NA,p.Ser30Asp,0.2448903417261515,0.2133795614334048,0.2962986077388688,0.0346100277950214,-1.407135,2.196440857738521,2.153135811278457,2.2669778257506072
urn:mavedb:00000394-a-1#647,c.[3C>T;6T>G;21C>T;36T>C;42C>G;69T>C;72C>T;88T>C;89C>G;120A>G;123T>C;126C>T;135C>T;138T>C;141A>G;153A>G;171T>G;174A>G;177G>A;198G>T],NA,p.Ser30Arg,0.1091565277731831,0.07240108023856,0.1463859276783269,0.0692658649597336,-1.6265893,2.309693157233375,2.2594544491008186,2.360516269573544
urn:mavedb:00000394-a-1#648,c.[3C>T;6T>G;18C>T;21C>T;36T>C;42C>G;48C>T;88T>A;89C>A;90T>A;123T>C;138T>C;141A>G;165G>A;168G>A;174A>G],NA,p.Ser30Lys,0.2985634062567968,0.2122485649681786,0.3775566700926278,0.0641118391244803,-1.5324807,2.44039520794602,2.322547517262776,2.5480661309130985
urn:mavedb:00000394-a-1#649,c.[3C>T;6T>G;12C>T;21C>T;36T>C;39C>T;51C>T;88T>A;90T>C;93C>T;120A>G;129G>A;138T>C;141A>G;150C>T;153A>G;168G>A;171T>G;174A>G;177G>A],NA,p.Ser30Thr,0.2259025911732946,0.2070614752123614,0.2551678731247593,0.0665133093209269,-1.5150652,2.317527586692954,2.2917578606934303,2.357526142043308
urn:mavedb:00000394-a-1#650,c.[3C>T;6T>G;12C>T;21C>T;36T>C;42C>G;87T>C;88T>G;90T>G;102T>C;111G>C;120A>G;123T>C;126C>T;135C>T;141A>G;165G>A;171T>G;174A>G],NA,p.Ser30Ala,0.4111380158171908,0.365374460550763,0.4598589234608164,0.0681674455515035,-1.5413861,2.605834496496036,2.5435133156944945,2.672161209902104
urn:mavedb:00000394-a-1#651,c.[21C>T;36T>C;42C>G;88T>G;89C>G;120A>G;123T>C;126C>T;144C>T;165G>A;168G>A;177G>A],NA,p.Ser30Gly,0.0250606940710529,0.0043795454427791,0.0569740470303452,0.0470574006700942,-1.4992638,2.020073982819312,1.9914911241195017,2.0641080737342854
urn:mavedb:00000394-a-1#652,c.[9G>A;18C>T;21C>T;36T>C;42C>G;48C>T;57T>G;69T>C;72C>T;88T>A;89C>T;90T>G;93C>T;96C>T;120A>G;123T>C;165G>A;171T>G;174A>G;177G>A;180G>C;198G>T],NA,p.Ser30Met,0.139328102720587,0.1185577695082838,0.1731260772468656,0.0514711371914259,-1.5646706,2.266641250264284,2.238210601677129,2.31285910512761
urn:mavedb:00000394-a-1#653,c.[18C>T;21C>T;27G>A;39C>T;51C>T;54G>A;72C>T;75C>T;84C>T;87T>C;88T>C;89C>T;90T>C;120A>G;123T>C;153A>G;165G>A;171T>G;174A>G;177G>A],NA,p.Ser30Leu,0.1610736455465653,0.11240698723459,0.2075736484504015,0.0553567081319887,-1.5310664,2.250610495639559,2.183905186620834,2.314233063801046
urn:mavedb:00000394-a-1#654,c.[6T>G;9G>A;12C>T;21C>T;36T>C;42C>G;72C>T;75C>T;88T>G;89C>T;120A>G;123T>C;126C>T;141A>G;171T>G;174A>G],NA,p.Ser30Val,0.0916764954704416,0.0582171874148195,0.1167451031288121,0.0762969788430437,-1.5128798,2.130554422363889,2.08451567231018,2.164997313223147
urn:mavedb:00000394-a-1#655,c.[9G>A;15A>G;18C>T;21C>T;36T>C;39C>T;42C>G;48C>T;87T>C;88T>A;89C>T;90T>C;120A>G;123T>C;129G>A;138T>C;141A>G;165G>A;171T>G;174A>G;198G>T],NA,p.Ser30Ile,0.1191070169054478,0.0996823621381808,0.1380803179761051,0.0514674391605448,-1.537714,2.2021761124136017,2.1755303519512914,2.2281816010622446
urn:mavedb:00000394-a-1#656,c.[3C>T;6T>G;21C>T;27G>A;36T>C;42C>G;66G>A;89C>G;90T>G;150C>T;168G>A;177G>A;183A>G],NA,p.Ser30Trp,0.2864064461893592,0.2707861333752916,0.3072281818219097,0.0520305539942306,-1.5693278,2.473747417994824,2.4524600826423413,2.5021138354104453
urn:mavedb:00000394-a-1#657,c.[3C>T;6T>G;12C>T;21C>T;36T>C;42C>G;89C>A;108G>C;129G>A;135C>T;141A>G;165G>A;171T>G;174A>G;177G>A],NA,p.Ser30Tyr,0.1031197174288084,0.0619396882549136,0.1293937932906659,0.0538649172351384,-1.5361829,2.1781544837590663,2.121591041641774,2.2141882000210686
urn:mavedb:00000394-a-1#658,c.[21C>T;36T>C;42C>G;51C>T;54G>A;60T>C;75C>T;89C>T;90T>C;120A>G;123T>C;129G>A;138T>C;141A>G;153A>G;171T>G;174A>G;177G>A],NA,p.Ser30Phe,0.0694786798089008,0.0456475790195978,0.093866660943609,0.0677833694097735,-1.5563312,2.15953094189865,2.126795497919877,2.192993215106296
urn:mavedb:00000394-a-1#659,c.[21C>T;36T>C;42C>G;48C>T;72C>T;75C>T;88T>C;90T>G;120A>G;123T>C;165G>A;171T>G;174A>G;180G>C;195G>A;207T>C],NA,p.Ser30Pro,0.2204785662527731,0.1999368975618653,0.2360450358552561,0.0326472834850582,-1.4183311,2.1782056073636253,2.14996984223553,2.199586348460448
urn:mavedb:00000394-a-1#660,c.[21C>T;24C>T;36T>C;42C>G;89C>G;90T>C;120A>G;141A>G;165G>A;168G>A;171T>G;174A>G;177G>A],NA,p.Ser30Cys,0.260528425843056,0.2445667261098041,0.2725397958910915,0.0568203258675043,-1.5338206,2.39031489584872,2.368522345553524,2.4067084571970976
urn:mavedb:00000394-a-1#661,c.[3C>T;6T>G;18C>T;21C>T;36T>C;42C>G;51C>T;72C>T;75C>T;87_88insGGT;102T>C;111G>C;120A>G;123T>C;129G>A;141A>G;165G>A;168G>A;171T>G;174A>G],NA,p.Arg29_Ser30insGly,-1.3191036732743124,-1.3823772433493842,-1.2769553214743676,0.040064516928572,-1.4512887,-0.5993301574415602,-1.0210222459377023,-0.4090000696132373
urn:mavedb:00000394-a-1#662,c.[3C>T;15A>G;21C>T;39C>T;42C>G;48C>T;72C>T;75C>T;87_88insGCG;108G>C;120A>G;123T>C;126C>T;141A>G;177G>A],NA,p.Arg29_Ser30insAla,-1.1369720821757885,-1.2019135603282796,-1.0902456050387326,0.0396469651635377,-1.4845562,0.1184557349586192,-0.0500831931907469,0.2272176631128051
urn:mavedb:00000394-a-1#663,c.[21C>T;36T>C;42C>G;48C>T;54G>A;57T>G;75C>T;78C>T;88_90del;120A>G;123T>C;126C>T;141A>G;165G>A;171T>G;174A>G;177G>A],NA,p.Ser30del,-1.3703117425255895,-1.4276976343407028,-1.3239061398105816,0.0491944558031764,-1.5234137,-0.4994066297379375,-0.8119989994815003,-0.312765869524037
urn:mavedb:00000394-a-1#664,c.[3C>T;6T>G;18C>T;21C>T;36T>C;42C>G;51C>T;72C>T;75C>T;91A>C;92T>A;93C>G;120A>G;135C>T;138T>C;141A>G;177G>A;183A>G],NA,p.Ile31Gln,-0.8083010917188916,-0.8460352126744377,-0.7909081053908937,0.0201969629317072,-1.4530582,0.712328452122914,0.6462773503614132,0.7422012569793194
urn:mavedb:00000394-a-1#665,c.[3C>T;6T>G;15A>G;21C>T;36T>C;42C>G;54G>A;66G>A;69T>C;72C>T;75C>T;91A>G;92T>A;93C>A;120A>G;123T>C;126C>T;132C>T;141A>G;165G>A;168G>A;174A>G],NA,p.Ile31Glu,-0.8325757450635547,-0.8876540988879172,-0.7601911726144011,0.062155709658695,-1.3522692,0.4856158332762659,0.3770261419814037,0.6196702966613824
urn:mavedb:00000394-a-1#666,c.[3C>T;6T>G;12C>T;21C>T;42C>G;51C>T;72C>T;75C>T;92T>A;120A>G;123T>C;129G>A;141A>G;171T>G;177G>A],NA,p.Ile31Asn,-0.2893394146936617,-0.3293474656442129,-0.2387960152554163,0.0365741183570649,-1.4435849,1.5002799022711484,1.442531129933554,1.5726812638962795
urn:mavedb:00000394-a-1#667,c.[12C>T;21C>T;27G>A;51C>T;72C>T;75C>T;91A>C;92T>A;102T>C;105C>T;132C>T;135C>T;141A>G;165G>A;171T>G],NA,p.Ile31His,-0.3254898605901749,-0.3398852300056036,-0.3099770624684902,0.0534699515398889,-1.4358983,1.436997323645461,1.4160983178043205,1.4594547076750883
urn:mavedb:00000394-a-1#668,c.[3C>T;6T>G;12C>T;21C>T;36T>C;39C>T;51C>T;54G>A;57T>G;60T>C;90T>C;91A>G;92T>A;120A>G;123T>C;150C>T;156T>C;162G>C;165G>A;168G>A;180G>C;183A>G],NA,p.Ile31Asp,-1.2399952397182974,-1.2748983307330486,-1.2122040956661837,0.0303934334551228,-1.3669634,-0.6263235693416048,-0.8370523589419233,-0.4919555282403894
urn:mavedb:00000394-a-1#669,c.[3C>T;6T>G;21C>T;36T>C;42C>G;48C>T;91A>C;92T>G;93C>T;120A>G;123T>C;141A>G;165G>A;171T>G;174A>G;177G>A;198G>T],NA,p.Ile31Arg,-1.5579577254844836,-1.6262941504426038,-1.4841925266634004,0.0282787904064121,-1.6099219,-1.1963418566028154,-25.0,-0.6329228798023212
urn:mavedb:00000394-a-1#670,c.[6T>G;9G>A;12C>T;36T>C;42C>G;60T>C;92T>A;93C>A;102T>C;114C>T;120A>G;126C>T;138T>C;141A>G;150C>T;165G>A;168G>A],NA,p.Ile31Lys,-1.3125749558558142,-1.3437135628819503,-1.2559892762168712,0.0308675519864426,-1.5148869,-0.3026510534443033,-0.421873305825801,-0.1184847809748107
urn:mavedb:00000394-a-1#671,c.[3C>T;6T>G;21C>T;36T>C;42C>G;69T>C;72C>T;92T>C;120A>G;123T>C;126C>T;138T>C;141A>G;165G>A;171T>G;174A>G;177G>A],NA,p.Ile31Thr,0.3814635929954786,0.3023037548861088,0.396320368822258,0.0803184778293881,-1.4653187,2.4624951148842293,2.3543599643095905,2.4827726729527657
urn:mavedb:00000394-a-1#672,c.[6T>G;9G>A;12C>T;15A>G;21C>T;39C>T;54G>A;69T>C;72C>T;91A>T;92T>C;93C>T;120A>G;123T>C;126C>T;141A>G],NA,p.Ile31Ser,0.2162992204066523,0.1809985361746426,0.2941259163492304,0.0508774948791768,-1.4683838,2.2408054462595928,2.1923871476961945,2.34734351060295
urn:mavedb:00000394-a-1#673,c.[6T>G;9G>A;21C>T;36T>C;42C>G;48C>T;63G>C;72C>T;75C>T;90T>C;91A>G;92T>C;93C>G;123T>C;126C>T;132C>T;141A>G;165G>A;168G>A;171T>G;174A>G;207T>C],NA,p.Ile31Ala,-0.2467951373682483,-0.253909272946386,-0.2331930567362831,0.0523485189189816,-1.487575,1.6237899070376045,1.6136880111808465,1.6430774485209096
urn:mavedb:00000394-a-1#674,c.[15A>G;21C>T;24C>T;27G>A;42C>G;48C>T;72C>T;75C>T;91A>G;92T>G;93C>T;120A>G;123T>C;129G>A;165G>A;171T>G;174A>G;177G>A],NA,p.Ile31Gly,-1.1803393242020788,-1.2059975914220142,-1.1305476812485695,0.028589112338907,-1.4720068,-0.0251616849413747,-0.0975312338375841,0.1035209271866145
urn:mavedb:00000394-a-1#675,c.[12C>T;15A>G;21C>T;51C>T;69T>C;72C>T;93C>G;123T>C;165G>A;168G>A;171T>G;177G>A;195G>A],NA,p.Ile31Met,-0.8413583083439142,-0.901686883771346,-0.7340719557117852,0.0533593341438171,-1.5356445,0.7964854388932691,0.6935561746480757,0.9711499308367672
urn:mavedb:00000394-a-1#676,c.[9G>A;12C>T;21C>T;36T>C;48C>T;54G>A;66G>A;72C>T;75C>T;78C>T;91A>C;93C>G;120A>G;123T>C;141A>G;144C>T;153A>G;171T>G],NA,p.Ile31Leu,-1.0083671487500303,-1.1040041764461497,-0.9586047228727612,0.0398726621216566,-1.5276585,0.4847562902419403,0.2914698684689559,0.5778466188566024
urn:mavedb:00000394-a-1#677,c.[21C>T;36T>C;42C>G;91A>G;93C>T;120A>G;123T>C;126C>T;141A>G;171T>G;174A>G;177G>A],NA,p.Ile31Val,0.712468327850303,0.6920122428962899,0.7458785180061688,0.0544877338011977,-1.4984837,2.9586836742951155,2.930749088033586,3.0043383041887046
urn:mavedb:00000394-a-1#678,c.[18C>T;21C>T;39C>T;51C>T;60T>C;91A>T;92T>G;93C>G;96C>T;120A>G;129G>A;138T>C;141A>G;150C>T;165G>A;171T>G;174A>G;177G>A],NA,p.Ile31Trp,-0.5653730642670525,-0.6128231077979598,-0.4943328884551395,0.1137887629402045,-1.5352802,1.2300580982834823,1.1585426990315888,1.3354329604729978
urn:mavedb:00000394-a-1#679,c.[3C>T;6T>G;15A>G;21C>T;36T>C;42C>G;54G>A;66G>A;72C>T;75C>T;91A>T;92T>A;120A>G;123T>C;126C>T;141A>G;165G>A;168G>A;174A>G],NA,p.Ile31Tyr,-0.7490703430508723,-0.7696150496462768,-0.7352586306697394,0.0302964335145745,-1.5172157,0.917728155212726,0.884469382192319,0.9399053856662464
urn:mavedb:00000394-a-1#680,c.[21C>T;36T>C;42C>G;48C>T;91A>T;120A>G;123T>C;129G>A;141A>G;171T>G;174A>G;177G>A;180G>C;183A>G],NA,p.Ile31Phe,-1.10623529021634,-1.1814387484673454,-1.0197961833747322,0.0713846716423609,-1.5422807,0.3178069547566435,0.1501972456632872,0.4908557469481843
urn:mavedb:00000394-a-1#681,c.[12C>T;21C>T;42C>G;69T>C;72C>T;91A>C;92T>C;93C>G;120A>G;132C>T;165G>A;171T>G],NA,p.Ile31Pro,-1.3847223876962276,-1.4488189863071326,-1.3318401700820663,0.0403721903119243,-1.4284487,-1.3020293953903617,-25.0,-0.805981250817329
urn:mavedb:00000394-a-1#682,c.[21C>T;36T>C;42C>G;72C>T;75C>T;91A>T;92T>G;120A>G;141A>G;165G>A;171T>G;174A>G;177G>A],NA,p.Ile31Cys,-0.2499885227467586,-0.2634917602867974,-0.2396111748559063,0.0406172428012952,-1.5045776,1.643329635596364,1.6241841752628787,1.6580199162532545
urn:mavedb:00000394-a-1#683,c.[6T>G;9G>A;12C>T;21C>T;36T>C;42C>G;48C>T;72C>T;75C>T;90_91insGGT;120A>G;123T>C;138T>C;141A>G;165G>A;171T>G;174A>G;177G>A],NA,p.Ser30_Ile31insGly,-1.5264123878307974,-1.632424798817594,-1.4548004102764225,0.0447824181424377,-1.4730897,-15.0,-25.0,-1.824776288678864
urn:mavedb:00000394-a-1#684,c.[3C>T;6T>G;12C>T;21C>T;39C>T;42C>G;57T>G;69T>C;72C>T;75C>T;90_91insGCG;123T>C;126C>T;141A>G;165G>A;171T>G;174A>G;177G>A],NA,p.Ser30_Ile31insAla,-1.4755233021355303,-1.506647023942401,-1.441699318902096,0.0330068286682605,-1.5014439,-1.6173813187290311,-25.0,-1.1100956816048355
urn:mavedb:00000394-a-1#685,c.[15A>G;21C>T;36T>C;42C>G;69T>C;91_93del;120A>G;141A>G;165G>A;168G>A;171T>G;177G>A],NA,p.Ile31del,-1.4972612576908748,-1.5523694100536576,-1.443020692175655,0.0408921767608088,-1.4947081,-15.0,-25.0,-1.1996123606308924
urn:mavedb:00000394-a-1#686,c.[18C>T;21C>T;27G>A;30G>C;39C>T;94A>C;95T>A;96C>G;120A>G;129G>A;165G>A;171T>G;174A>G;177G>A],NA,p.Ile32Gln,-1.569027570103254,-1.7092787698286145,-1.4637335008164571,0.054806626085663,-1.521873,-15.0,-25.0,-1.1269902560774483
urn:mavedb:00000394-a-1#687,c.[6T>G;9G>A;21C>T;36T>C;42C>G;57T>G;69T>C;72C>T;94A>G;95T>A;96C>A;102T>C;120A>G;141A>G;165G>A;171T>G;174A>G],NA,p.Ile32Glu,-1.517532290708529,-1.568818936965322,-1.4595874563544986,0.0354197708453552,-1.4656296,-15.0,-25.0,-2.475376129597956
urn:mavedb:00000394-a-1#688,c.[12C>T;21C>T;36T>C;42C>G;48C>T;95T>A;120A>G;123T>C;168G>A;177G>A;180G>C],NA,p.Ile32Asn,-1.5330601126451309,-1.588106390117085,-1.485018135034768,0.0364527474334271,-1.5028353,-15.0,-25.0,-1.8402669807641032
urn:mavedb:00000394-a-1#689,c.[6T>G;9G>A;12C>T;21C>T;36T>C;42C>G;94A>C;95T>A;120A>G;123T>C;126C>T;138T>C;141A>G;174A>G],NA,p.Ile32His,-1.5910016460304564,-1.6392288424378392,-1.5136310967856386,0.0373486035870226,-1.4939284,-15.0,-25.0,-5.0
urn:mavedb:00000394-a-1#690,c.[21C>T;36T>C;39C>T;42C>G;94A>G;95T>A;120A>G;129G>A;144C>T;171T>G;174A>G;177G>A;180G>C],NA,p.Ile32Asp,-1.4848751192069416,-1.6077184704965402,-1.4270596330418504,0.0370130221014719,-1.4569378,-15.0,-25.0,-1.532290872403134
urn:mavedb:00000394-a-1#691,c.[3C>T;6T>G;21C>T;36T>C;42C>G;94A>C;95T>G;96C>T;102T>C;111G>C;132C>T;141A>G;165G>A;171T>G;174A>G;177G>A;198G>T],NA,p.Ile32Arg,-1.6970522239691428,-1.7635628856145524,-1.6500185997041803,0.0406821143862338,-1.5791302,-15.0,-25.0,-5.0
urn:mavedb:00000394-a-1#692,c.[3C>T;18C>T;21C>T;36T>C;42C>G;48C>T;69T>C;72C>T;95T>A;96C>A;120A>G;123T>C;141A>G;165G>A;171T>G;174A>G;177G>A;198G>T;207T>C],NA,p.Ile32Lys,-1.5295358906635683,-1.6020658880644807,-1.4224593442981943,0.0354506671473522,-1.5168495,-15.0,-25.0,-0.8210064523255819
urn:mavedb:00000394-a-1#693,c.[6T>G;9G>A;12C>T;21C>T;36T>C;42C>G;51C>T;54G>A;72C>T;75C>T;95T>C;99G>C;120A>G;123T>C;156T>C;165G>A;171T>G],NA,p.Ile32Thr,-1.566698772380759,-1.641731517425166,-1.4788947153996403,0.0416620421621665,-1.5192204,-15.0,-25.0,-1.351309157014151
urn:mavedb:00000394-a-1#694,c.[3C>T;6T>G;15A>G;21C>T;36T>C;42C>G;51C>T;94A>T;95T>C;96C>T;111G>C;114C>T;120A>G;129G>A],NA,p.Ile32Ser,-1.609924109725568,-1.72041852412041,-1.54220113640631,0.0440808270281092,-1.5186057,-15.0,-25.0,-5.0
urn:mavedb:00000394-a-1#695,c.[21C>T;36T>C;42C>G;48C>T;69T>C;72C>T;94A>G;95T>C;96C>G;120A>G;123T>C;129G>A;138T>C;141A>G;165G>A;171T>G;174A>G;177G>A;180G>C],NA,p.Ile32Ala,-1.0467720601958366,-1.1239915755424148,-0.9698211496924284,0.0558706511764599,-1.5169029,0.3881295701318894,0.224071036986458,0.5372722038832449
urn:mavedb:00000394-a-1#696,c.[21C>T;36T>C;42C>G;57T>G;60T>C;78C>T;94A>G;95T>G;96C>T;120A>G;123T>C;126C>T;144C>T;156T>C;165G>A;171T>G;174A>G;177G>A;180G>C],NA,p.Ile32Gly,-1.7703262743543169,-1.8799741784857376,-1.593104678675891,0.0468014463764663,-1.5015593,-15.0,-25.0,-5.0
urn:mavedb:00000394-a-1#697,c.[3C>T;18C>T;21C>T;27G>A;39C>T;42C>G;48C>T;63G>C;96C>G;120A>G;123T>C;168G>A;177G>A;183A>G;198G>T],NA,p.Ile32Met,-1.4390794731244068,-1.534221268097545,-1.37966754007217,0.0365733884157837,-1.5506878,-0.7118734445240971,-1.8869040013328144,-0.4225077380821141
urn:mavedb:00000394-a-1#698,c.[18C>T;21C>T;51C>T;57T>G;63G>C;78C>T;94A>C;96C>G;102T>C;111G>C;120A>G;123T>C;150C>T;156T>C;165G>A;171T>G;174A>G;177G>A;198G>T],NA,p.Ile32Leu,-0.7961684828368387,-0.953195217990171,-0.7137698762589078,0.0482748299125124,-1.5360656,0.8718981952393349,0.6029711946657761,1.003888089327593
urn:mavedb:00000394-a-1#699,c.[3C>T;6T>G;15A>G;18C>T;21C>T;36T>C;42C>G;51C>T;63G>C;93C>T;94A>G;96C>T;120A>G;135C>T;141A>G;144C>T;150C>T;153A>G;165G>A;168G>A;171T>G;174A>G;183A>G;195G>A],NA,p.Ile32Val,-0.261649197670463,-0.2739122045971395,-0.2382099531462894,0.047539984874553,-1.5142665,1.6405134261615293,1.6231239060281288,1.6736736969325927
urn:mavedb:00000394-a-1#700,c.[3C>T;6T>G;12C>T;21C>T;36T>C;69T>C;72C>T;94A>T;95T>G;96C>G;120A>G;126C>T;141A>G;165G>A;168G>A;174A>G],NA,p.Ile32Trp,-1.294138426422352,-1.3205931667552326,-1.2754642686501108,0.0358544096510221,-1.5407639,-0.1556443601574648,-0.2407008829362612,-0.0996191471266802
urn:mavedb:00000394-a-1#701,c.[6T>G;9G>A;12C>T;15A>G;21C>T;36T>C;42C>G;51C>T;72C>T;75C>T;94A>T;95T>A;120A>G;123T>C;156T>C;165G>A;171T>G;177G>A;180G>C],NA,p.Ile32Tyr,-1.3746288509612343,-1.4340737585990315,-1.3307674659918878,0.0377099405123944,-1.5260749,-0.5068849098991963,-0.8375293217007768,-0.3281244044968336
urn:mavedb:00000394-a-1#702,c.[3C>T;6T>G;12C>T;21C>T;36T>C;42C>G;51C>T;69T>C;72C>T;94A>T;120A>G;123T>C;129G>A;141A>G;165G>A;171T>G;174A>G;177G>A],NA,p.Ile32Phe,-1.3398106760172477,-1.3618293969372564,-1.2947802942570494,0.0296495270329687,-1.5438862,-0.2963533292451352,-0.3783656702615301,-0.1480272849885856
urn:mavedb:00000394-a-1#703,c.[3C>T;6T>G;18C>T;21C>T;39C>T;42C>G;51C>T;54G>A;69T>C;72C>T;94A>C;95T>C;96C>G;120A>G;123T>C;132C>T;138T>C;141A>G;180G>C],NA,p.Ile32Pro,-1.5246187464873795,-1.6143975867451732,-1.454975132556987,0.0357879204359624,-1.4629216,-15.0,-25.0,-2.315198622025909
urn:mavedb:00000394-a-1#704,c.[12C>T;21C>T;36T>C;42C>G;72C>T;75C>T;94A>T;95T>G;129G>A;141A>G;165G>A;171T>G;174A>G;177G>A],NA,p.Ile32Cys,-0.7387917159058839,-0.7623191398001434,-0.7180044240265743,0.0371603133000812,-1.5262079,0.9486253832319635,0.9108578253377504,0.9816640420728622
urn:mavedb:00000394-a-1#705,c.[12C>T;21C>T;36T>C;42C>G;93_94insGGT;138T>C;141A>G;144C>T;177G>A],NA,p.Ile31_Ile32insGly,-1.29337355217567,-1.402736325037592,-1.210845220211649,0.0665035869722742,-1.4820518,-0.3528968399802638,-0.9323266799747436,-0.0824835311780457
urn:mavedb:00000394-a-1#706,c.[3C>T;6T>G;21C>T;36T>C;42C>G;93delinsTGCG;120A>G;123T>C;126C>T;138T>C;141A>G;177G>A;192C>T;195G>A],NA,p.Ile31_Ile32insAla,-1.2099627918703155,-1.2567761715835302,-1.1563497774240223,0.0507271363646972,-1.4961705,-0.0401767449574287,-0.1781726514744656,0.0994878147889077
urn:mavedb:00000394-a-1#707,c.[15A>G;21C>T;36T>C;42C>G;48C>T;72C>T;75C>T;94_96del;120A>G;123T>C;126C>T;132C>T;141A>G;153A>G;165G>A;168G>A;177G>A;180G>C],NA,p.Ile32del,-1.4422139091778414,-1.4986774372752116,-1.389608979869432,0.0333743339210382,-1.4947081,-1.190079514291065,-25.0,-0.7512456811960984
urn:mavedb:00000394-a-1#708,c.[3C>T;21C>T;36T>C;42C>G;51C>T;98T>A;120A>G;123T>C;141A>G;165G>A;168G>A;177G>A;180G>C],NA,p.Leu33Gln,-0.4182132078550826,-0.4394411478763893,-0.3770655182616494,0.0482206535164445,-1.504797,1.402256400885456,1.3712745804514563,1.4619386154563951
urn:mavedb:00000394-a-1#709,c.[3C>T;6T>G;21C>T;36T>C;42C>G;48C>T;66G>A;93C>T;97C>G;98T>A;99G>A;105C>T;123T>C;141A>G;165G>A;168G>A;171T>G;174A>G;177G>A],NA,p.Leu33Glu,-0.3134162178600201,-0.3212915269902605,-0.3063041604163738,0.0403681811116814,-1.451119,1.4764360256120044,1.4650682495919334,1.4866884285428088
urn:mavedb:00000394-a-1#710,c.[21C>T;36T>C;42C>G;48C>T;97C>A;98T>A;99G>C;111G>C;120A>G;123T>C;138T>C;141A>G;165G>A;171T>G;174A>G;177G>A;198G>T],NA,p.Leu33Asn,-0.8743619224274279,-0.8999821607101249,-0.8488390424954345,0.0351751466186368,-1.4801731,0.6441101619773677,0.5981483896863414,0.6890178155168897
urn:mavedb:00000394-a-1#711,c.[3C>T;6T>G;12C>T;21C>T;36T>C;42C>G;78C>T;98T>A;99G>T;120A>G;129G>A;141A>G;165G>A;171T>G;174A>G;177G>A],NA,p.Leu33His,-0.7322157752103888,-0.7648140311676824,-0.6800738411574397,0.0460328123601931,-1.4629674,0.8569778706433336,0.8030024443144185,0.941449015920282
urn:mavedb:00000394-a-1#712,c.[9G>A;12C>T;21C>T;36T>C;42C>G;87T>C;90T>C;93C>T;96C>T;97C>G;98T>A;99G>C;102T>C;108G>C;114C>T;120A>G;129G>A;141A>G;144C>T;156T>C;165G>A;171T>G;174A>G;177G>A],NA,p.Leu33Asp,-1.0575867793770986,-1.103637088863188,-1.0038296723496565,0.0587989536689859,-1.4181337,0.1495387315107326,0.0355728675641544,0.2713306850518677
urn:mavedb:00000394-a-1#713,c.[21C>T;36T>C;42C>G;48C>T;98T>G;99G>T;120A>G;123T>C;138T>C;141A>G;147G>C;165G>A;171T>G;174A>G;177G>A;198G>T],NA,p.Leu33Arg,-0.4903403998257288,-0.5109602521338856,-0.4612044255935371,0.0410973397208478,-1.5818048,1.4092452844993069,1.3791885959764754,1.4515056045353707
urn:mavedb:00000394-a-1#714,c.[21C>T;60T>C;69T>C;72C>T;97C>A;98T>A;99G>A;120A>G;129G>A;132C>T;138T>C;141A>G;156T>C;165G>A;168G>A;171T>G;174A>G;180G>C],NA,p.Leu33Lys,-0.6525992949407244,-0.7358901547319496,-0.6130327170164462,0.0869273192394282,-1.4971676,1.0388033394499403,0.906662063753321,1.1000523492170635
urn:mavedb:00000394-a-1#715,c.[21C>T;36T>C;42C>G;48C>T;97C>A;98T>C;99G>C;120A>G;123T>C;165G>A;171T>G;174A>G;177G>A;198G>T],NA,p.Leu33Thr,-0.253747905267482,-0.2665124512176964,-0.2332932009958019,0.0504677149501189,-1.5193119,1.658829892181216,1.640759881008657,1.6877252968158414
urn:mavedb:00000394-a-1#716,c.[3C>T;6T>G;9G>A;15A>G;21C>T;36T>C;42C>G;72C>T;75C>T;97C>T;98T>C;99G>T;120A>G;123T>C;126C>T;141A>G;165G>A;171T>G;174A>G;177G>A],NA,p.Leu33Ser,-0.6189528889941486,-0.6277721198807136,-0.600862977385031,0.0295907497205504,-1.517756,1.1225214640702554,1.10901288134962,1.1501080471654477
urn:mavedb:00000394-a-1#717,c.[3C>T;12C>T;21C>T;42C>G;51C>T;72C>T;75C>T;84C>T;93C>T;97C>G;98T>C;99G>T;108G>C;120A>G;123T>C;141A>G;165G>A;171T>G;174A>G;177G>A;180G>C],NA,p.Leu33Ala,-0.5584080595921652,-0.592298269001492,-0.542002420414207,0.0526103075019346,-1.5367146,1.242615640705672,1.1917609503336135,1.2670651587695414
urn:mavedb:00000394-a-1#718,c.[15A>G;21C>T;36T>C;42C>G;51C>T;97C>G;98T>G;99G>T;120A>G;123T>C;138T>C;141A>G;165G>A;171T>G;174A>G;177G>A;198G>T;207T>C],NA,p.Leu33Gly,-1.1481141165568762,-1.227594256086938,-1.0715766643193838,0.0345318458191101,-1.4982901,0.1247212288595656,-0.0839573650851742,0.2980248898615431
urn:mavedb:00000394-a-1#719,c.[15A>G;21C>T;36T>C;42C>G;51C>T;69T>C;72C>T;97C>A;120A>G;123T>C;129G>A;141A>G;165G>A;171T>G;174A>G;177G>A],NA,p.Leu33Met,0.3556655043868734,0.2902479237316792,0.3869775201169903,0.0701101695508709,-1.5384231,2.5262796285685085,2.437108753771376,2.56893144298802
urn:mavedb:00000394-a-1#720,c.[3C>T;6T>G;9G>A;21C>T;39C>T;42C>G;57T>G;69T>C;72C>T;97C>G;99G>T;102T>C;108G>C;111G>C;120A>G;129G>A;141A>G;168G>A;174A>G],NA,p.Leu33Val,0.0772930736253655,0.0402175182763884,0.1532361062852473,0.054985609819503,-1.5124769,2.110220968692865,2.0591605992114324,2.214514309121656
urn:mavedb:00000394-a-1#721,c.[9G>A;15A>G;21C>T;36T>C;42C>G;51C>T;97C>A;99G>C;120A>G;123T>C;165G>A;168G>A;174A>G],NA,p.Leu33Ile,0.1395631021853762,0.1181334034714504,0.1634586793861171,0.0524375632801839,-1.5087152,2.190624490210624,2.1612079069150547,2.2233942276682632
urn:mavedb:00000394-a-1#722,c.[12C>T;21C>T;36T>C;42C>G;54G>A;72C>T;75C>T;97C>T;98T>G;120A>G;171T>G;174A>G;177G>A],NA,p.Leu33Trp,-0.9755355081990568,-1.024182453777323,-0.9451879122017692,0.0271861169206346,-1.5436153,0.5760569380073602,0.4850207504111817,0.6309257370134433
urn:mavedb:00000394-a-1#723,c.[3C>T;6T>G;21C>T;36T>C;42C>G;48C>T;78C>T;87T>C;97C>T;98T>A;99G>C;123T>C;132C>T;135C>T;141A>G;165G>A;168G>A;171T>G;174A>G;177G>A],NA,p.Leu33Tyr,-0.7411689471356196,-0.7704736436043486,-0.7218930861290422,0.0626347387066146,-1.5157199,0.9280323070246762,0.8806375404768724,0.9588545328180694
urn:mavedb:00000394-a-1#724,c.[3C>T;6T>G;21C>T;36T>C;42C>G;78C>T;97C>T;99G>C;120A>G;123T>C;126C>T;141A>G;165G>A;171T>G;174A>G;177G>A],NA,p.Leu33Phe,-0.879289855585407,-0.904490056840091,-0.8559974700532996,0.0186138040964672,-1.5366478,0.7339530914793707,0.6904216626007741,0.773559190482878
urn:mavedb:00000394-a-1#725,c.[3C>T;6T>G;21C>T;36T>C;42C>G;51C>T;98T>C;108G>C;120A>G;123T>C;165G>A;168G>A;174A>G],NA,p.Leu33Pro,-1.6313470278987654,-1.6897198213767066,-1.5678053102831395,0.0452100193939421,-1.5211024,-15.0,-25.0,-5.0
urn:mavedb:00000394-a-1#726,c.[21C>T;36T>C;42C>G;51C>T;54G>A;63G>C;72C>T;75C>T;90T>C;96C>T;97C>T;98T>G;99G>C;108G>C;111G>C;123T>C;129G>A;141A>G;165G>A;168G>A;177G>A;180G>C],NA,p.Leu33Cys,0.0838043611964117,0.0615561984272762,0.1001877888867638,0.0432132390203256,-1.5184417,2.1273493977583686,2.096743594367828,2.1498653849362808
urn:mavedb:00000394-a-1#727,c.[21C>T;36T>C;42C>G;48C>T;96_97insGGT;120A>G;123T>C;129G>A;180G>C],NA,p.Ile32_Leu33insGly,-1.5991853525047877,-1.6456216536242614,-1.543584521529726,0.0300430879562203,-1.4890537,-15.0,-25.0,-5.0
urn:mavedb:00000394-a-1#728,c.[21C>T;36T>C;42C>G;69T>C;72C>T;96_97insGCG;120A>G;129G>A;141A>G;165G>A;171T>G;174A>G;177G>A],NA,p.Ile32_Leu33insAla,-1.429388011143614,-1.4747927488517272,-1.4032080706824648,0.042980704568882,-1.5175571,-0.864851679020896,-1.3155987838741807,-0.6958876686804304
urn:mavedb:00000394-a-1#729,c.[15A>G;21C>T;36T>C;42C>G;72C>T;75C>T;97_99del;120A>G;123T>C;126C>T;141A>G;165G>A;171T>G;174A>G;177G>A],NA,p.Leu33del,-1.4568285361136095,-1.4943650480860466,-1.3897698237053349,0.039264276879744,-1.4827695,-1.6169093528700325,-25.0,-0.830570531029948
urn:mavedb:00000394-a-1#730,c.[15A>G;21C>T;36T>C;42C>G;51C>T;69T>C;72C>T;101G>A;102T>G;111G>C;120A>G;123T>C;132C>T;138T>C;141A>G;165G>A;171T>G;174A>G;177G>A],NA,p.Arg34Gln,0.5152221673626896,0.4483599015947515,0.5851734494304165,0.0706449858693593,-1.3849583,2.536382959015498,2.444991409366182,2.6319632121949046
urn:mavedb:00000394-a-1#731,c.[3C>T;6T>G;18C>T;36T>C;48C>T;57T>G;66G>A;69T>C;72C>T;75C>T;100C>G;101G>A;102T>A;120A>G;123T>C;141A>G;165G>A;171T>G;177G>A],NA,p.Arg34Glu,0.1691191517485167,0.1576748368475316,0.1907673706386508,0.0458408924786997,-1.368475,2.0391006785991195,2.0232833354604165,2.0689926024779504
urn:mavedb:00000394-a-1#732,c.[3C>T;6T>G;21C>T;36T>C;42C>G;48C>T;72C>T;75C>T;100C>A;101G>A;102T>C;120A>G;123T>C;141A>G;165G>A;171T>G;174A>G],NA,p.Arg34Asn,0.3258981428786158,0.2913690230040252,0.3466719021742457,0.0549356596754134,-1.3813138,2.2723828359642844,2.225008885181723,2.3008598213743228
urn:mavedb:00000394-a-1#733,c.[3C>T;6T>G;12C>T;21C>T;36T>C;48C>T;66G>A;69T>C;72C>T;101G>A;123T>C;129G>A;165G>A;171T>G;174A>G;177G>A],NA,p.Arg34His,0.24041970732922,0.2019866031642822,0.2653441871836794,0.0778920341472649,-1.3778071,2.150198930644774,2.097273841045749,2.184472953862508
urn:mavedb:00000394-a-1#734,c.[3C>T;6T>G;15A>G;21C>T;36T>C;42C>G;48C>T;54G>A;60T>C;100C>G;101G>A;102T>C;120A>G;123T>C;129G>A;141A>G;165G>A;171T>G;174A>G;180G>C;198G>T;207T>C],NA,p.Arg34Asp,-0.1456567131914989,-0.1560996152934559,-0.1340463095352769,0.0413630998614657,-1.3687892,1.5990271656629618,1.584150588801956,1.6155411986356938
urn:mavedb:00000394-a-1#735,c.[6T>G;9G>A;21C>T;36T>C;42C>G;51C>T;63G>C;72C>T;75C>T;100C>A;101G>A;102T>A;120A>G;123T>C;141A>G;168G>A;177G>A],NA,p.Arg34Lys,0.4857728699210275,0.4610020220347227,0.5146442406327773,0.0576607827765497,-1.4394522,2.569846260123376,2.5360412599689828,2.6092419746530005
urn:mavedb:00000394-a-1#736,c.[3C>T;6T>G;15A>G;21C>T;36T>C;42C>G;51C>T;100C>A;101G>C;102T>C;123T>C;141A>G;165G>A;171T>G;174A>G;177G>A;198G>T],NA,p.Arg34Thr,0.1072929997772058,0.0841770096200348,0.1237991672862677,0.0483455647211878,-1.3857751,1.9774020847316809,1.9453548992218448,2.000255045487814
urn:mavedb:00000394-a-1#737,c.[3C>T;6T>G;15A>G;36T>C;42C>G;48C>T;54G>A;72C>T;75C>T;100C>T;101G>C;120A>G;123T>C;141A>G;174A>G],NA,p.Arg34Ser,0.1987077201651273,0.1500429341839775,0.2180354288165962,0.0846359967429758,-1.3865199,2.1047036342532524,2.037565288251224,2.1313215624413475
urn:mavedb:00000394-a-1#738,c.[15A>G;21C>T;36T>C;42C>G;48C>T;54G>A;63G>C;72C>T;75C>T;100C>G;101G>C;102T>G;120A>G;123T>C;165G>A;168G>A;171T>G;177G>A;195G>A],NA,p.Arg34Ala,0.5740804743897241,0.5145889516116082,0.6745493791580726,0.1118000876829084,-1.400877,2.638297230435298,2.5570434495979586,2.7755692880872544
urn:mavedb:00000394-a-1#739,c.[21C>T;36T>C;42C>G;48C>T;100C>G;120A>G;123T>C;135C>T;138T>C;141A>G;165G>A;171T>G;174A>G;177G>A],NA,p.Arg34Gly,0.0909647894844427,0.0461117070485634,0.1156224659031747,0.0500394176573921,-1.3874836,1.957130889863282,1.894833704510693,1.991293214144037
urn:mavedb:00000394-a-1#740,c.[6T>G;9G>A;12C>T;21C>T;36T>C;42C>G;69T>C;72C>T;100C>A;101G>T;102T>G;120A>G;123T>C;126C>T;141A>G;177G>A],NA,p.Arg34Met,0.4637794371591182,0.4357349352211891,0.4962707046738033,0.0563329598192662,-1.4191647,2.512386884053781,2.474083269456167,2.556751881407727
urn:mavedb:00000394-a-1#741,c.[3C>T;6T>G;18C>T;21C>T;36T>C;42C>G;51C>T;66G>A;99G>C;101G>T;102T>G;120A>G;123T>C;132C>T;138T>C;141A>G;165G>A;171T>G;174A>G;177G>A],NA,p.Arg34Leu,0.3810471780254481,0.2839484690001451,0.4203704165091133,0.0778284728977218,-1.412118,2.389783979056113,2.256836227315626,2.443542493909463
urn:mavedb:00000394-a-1#742,c.[3C>T;27G>A;42C>G;48C>T;54G>A;63G>C;72C>T;75C>T;78C>T;100C>G;101G>T;120A>G;123T>C;141A>G;171T>G;174A>G;177G>A;180G>C],NA,p.Arg34Val,-0.0182716326763409,-0.0550252341684198,0.0085754151901953,0.0644578229424943,-1.3971462,1.8184850064414613,1.7670189905249225,1.8559662710337264
urn:mavedb:00000394-a-1#743,c.[21C>T;36T>C;42C>G;48C>T;75C>T;90T>C;100C>A;101G>T;102T>C;120A>G;123T>C;156T>C;165G>A;171T>G;174A>G;177G>A],NA,p.Arg34Ile,0.0222635324576693,0.0072567563225923,0.0335333945513584,0.0510784427246312,-1.408021,1.8901329889013632,1.8692388015321744,1.9058074364980069
urn:mavedb:00000394-a-1#744,c.[21C>T;36T>C;39C>T;42C>G;54G>A;66G>A;69T>C;72C>T;100C>T;102T>G;120A>G;135C>T;165G>A;171T>G;174A>G;177G>A],NA,p.Arg34Trp,0.2414934733375932,0.1739828272352776,0.2654341846102104,0.0740068536961462,-1.448472,2.248189360915715,2.155529230950006,2.2809925205421666
urn:mavedb:00000394-a-1#745,c.[3C>T;6T>G;18C>T;21C>T;36T>C;42C>G;51C>T;100C>T;101G>A;102T>C;111G>C;114C>T;123T>C;132C>T;135C>T;141A>G;165G>A;171T>G;174A>G;177G>A],NA,p.Arg34Tyr,-0.0081564350609692,-0.0315312435814539,0.0271342498973447,0.0658031740830019,-1.4273834,1.8746575509915209,1.8420746144402504,1.9237306610214675
urn:mavedb:00000394-a-1#746,c.[21C>T;39C>T;42C>G;72C>T;75C>T;100C>T;101G>T;102T>C;120A>G;138T>C;141A>G;171T>G;174A>G;177G>A],NA,p.Arg34Phe,0.0510552270811798,0.036075322780198,0.0647722869588988,0.0562970105917273,-1.4388447,1.972743707912784,1.951986614549936,1.991732145107492
urn:mavedb:00000394-a-1#747,c.[12C>T;21C>T;36T>C;42C>G;78C>T;84C>T;87T>C;90T>C;101G>C;102T>G;120A>G;129G>A;138T>C;141A>G;153A>G;156T>C;180G>C],NA,p.Arg34Pro,-1.338922852434077,-1.3916168686714736,-1.2601711093942944,0.0445361326984137,-1.3846226,-1.2750778241729384,-25.0,-0.6397016246521819
urn:mavedb:00000394-a-1#748,c.[6T>G;9G>A;21C>T;36T>C;42C>G;48C>T;54G>A;60T>C;72C>T;75C>T;100C>T;102T>C;120A>G;123T>C;141A>G;165G>A;168G>A;174A>G;207T>C],NA,p.Arg34Cys,0.3733160047586267,0.3557852705572769,0.3801315112730176,0.043060069858421,-1.4138155,2.381514809668892,2.3575332089201573,2.3908358271533023
urn:mavedb:00000394-a-1#749,c.[15A>G;27G>A;39C>T;42C>G;99_100insGGC;120A>G;123T>C;126C>T;141A>G;165G>A;168G>A],NA,p.Leu33_Arg34insGly,-1.562325857894439,-1.5909150546866473,-1.5343721798925796,0.0398163212818293,-1.5164795,-15.0,-25.0,-5.0
urn:mavedb:00000394-a-1#750,c.[3C>T;6T>G;18C>T;21C>T;39C>T;42C>G;51C>T;78C>T;99_100insGCG;111G>C;120A>G;123T>C;141A>G;144C>T;165G>A;171T>G;174A>G],NA,p.Leu33_Arg34insAla,-1.6470221916041885,-1.6891815187294472,-1.6057294841513183,0.0307681623675421,-1.5447121,-15.0,-25.0,-5.0
urn:mavedb:00000394-a-1#751,c.[6T>G;9G>A;12C>T;21C>T;36T>C;42C>G;51C>T;54G>A;100_102del;114C>T;120A>G;123T>C;141A>G;165G>A;168G>A;177G>A;180G>C],NA,p.Arg34del,-1.0936722139627864,-1.1562707008260955,-1.029295409797131,0.0372101919193774,-1.4040661,0.0248948343410577,-0.1520097468745031,0.182813323701328
urn:mavedb:00000394-a-1#752,c.[3C>T;6T>G;12C>T;21C>T;36T>C;42C>G;48C>T;69T>C;72C>T;105C>G;120A>G;123T>C;126C>T;141A>G;165G>A;171T>G;174A>G;177G>A],NA,p.His35Gln,-0.7674664609447961,-0.8368467781983994,-0.7090375177986079,0.0450850775892323,-1.5435266,0.9304345440579268,0.8171600950164888,1.023015371289657
urn:mavedb:00000394-a-1#753,c.[18C>T;21C>T;36T>C;48C>T;99G>C;103C>G;105C>G;120A>G;123T>C;165G>A;171T>G;174A>G;177G>A;198G>T],NA,p.His35Glu,-0.6362922086947983,-0.6568288643591161,-0.62473673082519,0.0385136364558284,-1.4843397,1.0442373181861957,1.0121283529560918,1.0621937557367669
urn:mavedb:00000394-a-1#754,c.[21C>T;39C>T;42C>G;69T>C;75C>T;78C>T;103C>A;120A>G;135C>T;171T>G;177G>A],NA,p.His35Asn,-1.1216978582121278,-1.1884485453833715,-1.0020642970432176,0.0386758443278106,-1.5336523,0.2661748151919453,0.1126565183291533,0.5081608138787055
urn:mavedb:00000394-a-1#755,c.[15A>G;21C>T;36T>C;48C>T;54G>A;60T>C;72C>T;75C>T;102T>C;103C>G;111G>C;120A>G;123T>C;135C>T;141A>G;165G>A;171T>G;174A>G;177G>A],NA,p.His35Asp,-1.4726032336541994,-1.5181554234654084,-1.4098330050666503,0.0302883272565838,-1.4718981,-15.0,-25.0,-1.0864038531119418
urn:mavedb:00000394-a-1#756,c.[6T>G;9G>A;12C>T;21C>T;36T>C;42C>G;48C>T;104A>G;105C>T;108G>C;120A>G;123T>C;165G>A;168G>A;174A>G],NA,p.His35Arg,-1.0675256563065092,-1.1335681652752307,-1.0034832300272636,0.0513961108667742,-1.6834126,0.6618449549154758,0.5423551025647096,0.7722686630501338
urn:mavedb:00000394-a-1#757,c.[3C>T;6T>G;12C>T;21C>T;36T>C;57T>G;69T>C;72C>T;103C>A;105C>A;120A>G;123T>C;126C>T;129G>A;135C>T;141A>G;171T>G;177G>A;180G>C],NA,p.His35Lys,-1.166592298333796,-1.1906447073865931,-1.1167569577734595,0.0308847153782325,-1.6094179,0.3320157632264673,0.2809443331598636,0.4330234362084235
urn:mavedb:00000394-a-1#758,c.[18C>T;21C>T;30G>C;36T>C;42C>G;51C>T;78C>T;103C>A;104A>C;123T>C;165G>A;171T>G;174A>G;177G>A;195G>A],NA,p.His35Thr,-1.3187061132120492,-1.3914509765034373,-1.2368099785119362,0.0383892899125559,-1.5538144,-0.1917856672129325,-0.4587872815088627,0.0420170501888451
urn:mavedb:00000394-a-1#759,c.[21C>T;36T>C;42C>G;103C>T;104A>C;120A>G;123T>C;126C>T;141A>G;165G>A;171T>G;174A>G;177G>A],NA,p.His35Ser,-1.0567512871027782,-1.148401354432301,-0.9874771631708366,0.0405618270860227,-1.5605211,0.4547832629547662,0.2665268160426556,0.5851185297303199
urn:mavedb:00000394-a-1#760,c.[21C>T;36T>C;42C>G;103C>G;104A>C;105C>G;120A>G;126C>T;138T>C;141A>G;165G>A;171T>G;174A>G;177G>A;180G>C;183A>G],NA,p.His35Ala,-0.8561022116426851,-0.8817642369868406,-0.8172660687601091,0.0307981505229595,-1.5823412,0.8494819880883537,0.8069729603574056,0.912733642803611
urn:mavedb:00000394-a-1#761,c.[3C>T;6T>G;12C>T;21C>T;36T>C;42C>G;48C>T;54G>A;66G>A;69T>C;72C>T;75C>T;103C>A;104A>T;105C>G;120A>G;123T>C;141A>G;165G>A;168G>A;171T>G;174A>G],NA,p.His35Met,0.032941537656974,0.0051397463914663,0.0561683322476318,0.0865607600625567,-1.6054616,2.176576680594056,2.138421217802456,2.2084155372552106
urn:mavedb:00000394-a-1#762,c.[3C>T;18C>T;21C>T;36T>C;42C>G;51C>T;84C>T;104A>T;105C>G;129G>A;135C>T;141A>G;165G>A;171T>G;174A>G;177G>A],NA,p.His35Leu,0.214114797693521,0.1958256567142243,0.227511643790269,0.0478648075600034,-1.5877404,2.400160975623148,2.375211230369485,2.4184294588833333
urn:mavedb:00000394-a-1#763,c.[21C>T;39C>T;42C>G;51C>T;54G>A;69T>C;72C>T;103C>G;104A>T;105C>T;123T>C;138T>C;141A>G;165G>A;171T>G;174A>G;177G>A],NA,p.His35Val,-0.5850166308436424,-0.6162979493806352,-0.5520185281718218,0.040696144142628,-1.5594263,1.2367667890464589,1.189794688857127,1.285886972241722
urn:mavedb:00000394-a-1#764,c.[3C>T;12C>T;21C>T;36T>C;42C>G;48C>T;84C>T;87T>C;102T>C;103C>A;104A>T;108G>C;120A>G;123T>C;135C>T;141A>G;153A>G;165G>A;171T>G;174A>G;177G>A],NA,p.His35Ile,-0.30454962826599,-0.3180642624975976,-0.283631067073491,0.0712664928230392,-1.5783997,1.670411340502765,1.651303034248735,1.6999244294522526
urn:mavedb:00000394-a-1#765,c.[21C>T;36T>C;42C>G;51C>T;103C>T;104A>G;105C>G;120A>G;123T>C;165G>A;171T>G;174A>G;177G>A;198G>T],NA,p.His35Trp,1.0937770132717946,1.023758459597826,1.131730295122416,0.0711838501167884,-1.6221666,3.6492447196000457,3.552022480340052,3.7021924448471433
urn:mavedb:00000394-a-1#766,c.[3C>T;6T>G;21C>T;36T>C;42C>G;60T>C;66G>A;103C>T;105C>T;120A>G;123T>C;126C>T;141A>G;177G>A],NA,p.His35Tyr,-0.0210702091272725,-0.0400069898786195,0.0176964007001785,0.0715584475547922,-1.5894628,2.080452863956962,2.054369872766297,2.133762867175128
urn:mavedb:00000394-a-1#767,c.[9G>A;12C>T;21C>T;36T>C;42C>G;51C>T;57T>G;60T>C;84C>T;102T>C;103C>T;104A>T;105C>T;108G>C;120A>G;123T>C;129G>A;132C>T;135C>T;141A>G;165G>A;171T>G;174A>G;177G>A],NA,p.His35Phe,0.0277706496377128,0.0152611161000655,0.0445921878633268,0.0472570377119095,-1.6078553,2.172756676130269,2.155592852168429,2.1958210757501995
urn:mavedb:00000394-a-1#768,c.[3C>T;6T>G;21C>T;36T>C;42C>G;104A>C;105C>G;123T>C;126C>T;132C>T;141A>G;165G>A;171T>G;174A>G;177G>A;198G>T],NA,p.His35Pro,-1.604489310985067,-1.6537696340887704,-1.536635009591767,0.0298234780710632,-1.4253497,-15.0,-25.0,-5.0
urn:mavedb:00000394-a-1#769,c.[3C>T;6T>G;21C>T;36T>C;42C>G;69T>C;72C>T;84C>T;103C>T;104A>G;120A>G;123T>C;126C>T;141A>G;165G>A;171T>G;174A>G;177G>A],NA,p.His35Cys,-0.0743226840754882,-0.0936431364367098,-0.0572744259961723,0.0621420379608546,-1.5854487,2.0014968971448845,1.9747872814445715,2.0250365148752034
urn:mavedb:00000394-a-1#770,c.[21C>T;36T>C;42C>G;69T>C;84C>T;102_103insGGT;120A>G;138T>C;141A>G;165G>A;168G>A;177G>A],NA,p.Arg34_His35insGly,-1.5017024927510678,-1.5506443811335586,-1.434464590184033,0.034248828541066,-1.4713006,-15.0,-25.0,-1.4061646931324112
urn:mavedb:00000394-a-1#771,c.[9G>A;12C>T;21C>T;36T>C;42C>G;51C>T;54G>A;75C>T;78C>T;84C>T;90T>C;102_103insGCG;105C>T;120A>G;123T>C;138T>C;141A>G;165G>A;171T>G;174A>G;177G>A],NA,p.Arg34_His35insAla,-1.5338438712907283,-1.5774534150964032,-1.5027646062380446,0.0357087954420236,-1.5089908,-15.0,-25.0,-2.457855290973145
urn:mavedb:00000394-a-1#772,c.[6T>G;9G>A;12C>T;21C>T;36T>C;42C>G;51C>T;60T>C;63G>C;84C>T;87T>C;103_105del;120A>G;123T>C;141A>G;165G>A;168G>A;174A>G],NA,p.His35del,-0.8853409763417138,-1.0354616415948277,-0.7813465838071877,0.0716051779797672,-1.5629473,0.7684008099082372,0.5003712938049869,0.9393012512569404
urn:mavedb:00000394-a-1#773,c.[3C>T;12C>T;21C>T;36T>C;42C>G;107T>A;120A>G;123T>C;126C>T;141A>G;165G>A;171T>G;174A>G;177G>A],NA,p.Leu36Gln,-1.6180046217976192,-1.691859375287965,-1.5389950353746866,0.0539118322939734,-1.4717927,-15.0,-25.0,-5.0
urn:mavedb:00000394-a-1#774,c.[21C>T;27G>A;39C>T;42C>G;60T>C;102T>C;106C>G;107T>A;108G>A;120A>G;126C>T],NA,p.Leu36Glu,-1.5818596528536562,-1.7443147607332303,-1.4517528140597429,0.0476132444010622,-1.41541,-15.0,-25.0,-5.0
urn:mavedb:00000394-a-1#775,c.[12C>T;21C>T;36T>C;42C>G;51C>T;72C>T;75C>T;106C>A;107T>A;108G>C;120A>G;123T>C;165G>A;171T>G],NA,p.Leu36Asn,-1.5440046875552542,-1.6250622110456443,-1.4666283380312324,0.0432226664624345,-1.4623127,-15.0,-25.0,-5.0
urn:mavedb:00000394-a-1#776,c.[3C>T;6T>G;12C>T;21C>T;39C>T;42C>G;107T>A;108G>C;120A>G;132C>T;141A>G;168G>A;171T>G;174A>G;177G>A;180G>C],NA,p.Leu36His,-1.4992661027413543,-1.5823629274887103,-1.4056007389818057,0.0436464394541548,-1.4633541,-15.0,-25.0,-1.1311097658179263
urn:mavedb:00000394-a-1#777,c.[3C>T;21C>T;36T>C;42C>G;72C>T;75C>T;78C>T;106C>G;107T>A;108G>C;120A>G;123T>C;126C>T;141A>G;165G>A;168G>A;177G>A],NA,p.Leu36Asp,-1.44998955115508,-1.6150180308119386,-1.3911832889366236,0.0433302973065823,-1.4215164,-15.0,-25.0,-1.523212775568998
urn:mavedb:00000394-a-1#778,c.[12C>T;21C>T;36T>C;42C>G;54G>A;60T>C;66G>A;107T>G;108G>T;111G>C;120A>G;132C>T;165G>A;171T>G;174A>G;177G>A],NA,p.Leu36Arg,-1.6902318618456018,-1.7387754947807683,-1.6326309538921338,0.0295134698614611,-1.5872021,-15.0,-25.0,-5.0
urn:mavedb:00000394-a-1#779,c.[3C>T;21C>T;36T>C;42C>G;106C>A;107T>A;108G>A;114C>T;123T>C;126C>T;141A>G;165G>A;171T>G;174A>G;177G>A],NA,p.Leu36Lys,-1.6096580829721407,-1.6526557525904684,-1.5862787203898432,0.036602247008829,-1.5085759,-15.0,-25.0,-5.0
urn:mavedb:00000394-a-1#780,c.[3C>T;6T>G;21C>T;39C>T;42C>G;72C>T;75C>T;99G>C;106C>A;107T>C;108G>C;114C>T;120A>G;126C>T;138T>C;141A>G;144C>T;147G>C;153A>G;165G>A;171T>G;174A>G;177G>A;180G>C],NA,p.Leu36Thr,-1.42358915580319,-1.552596723050245,-1.2933555294334311,0.078318957428509,-1.4846506,-1.0965479006260035,-25.0,-0.3430335733304032
urn:mavedb:00000394-a-1#781,c.[3C>T;21C>T;36T>C;42C>G;63G>C;106C>T;107T>C;108G>T;120A>G;129G>A;141A>G;171T>G;174A>G;177G>A],NA,p.Leu36Ser,-1.5485940319770148,-1.648046074904026,-1.4476468331318575,0.0525066245742373,-1.4933376,-15.0,-25.0,-1.275216531680857
urn:mavedb:00000394-a-1#782,c.[21C>T;27G>A;39C>T;42C>G;72C>T;75C>T;106C>G;107T>C;138T>C;141A>G],NA,p.Leu36Ala,-1.6028129000307043,-1.6755552609433504,-1.512357640894508,0.058283722947666,-1.5004082,-15.0,-25.0,-5.0
urn:mavedb:00000394-a-1#783,c.[15A>G;21C>T;36T>C;42C>G;48C>T;72C>T;75C>T;87T>C;90T>C;106C>G;107T>G;108G>C;120A>G;123T>C;126C>T;129G>A;135C>T;138T>C;141A>G;165G>A;171T>G;174A>G;177G>A;198G>T],NA,p.Leu36Gly,-1.5783383866107368,-1.64781062913765,-1.5056536865337335,0.0499572076832401,-1.4850616,-15.0,-25.0,-5.0
urn:mavedb:00000394-a-1#784,c.[3C>T;6T>G;12C>T;21C>T;36T>C;42C>G;48C>T;99G>C;106C>A;120A>G;123T>C;129G>A],NA,p.Leu36Met,-0.2685879306610562,-0.3067417801473699,-0.2401157786509475,0.0595520920054328,-1.5263939,1.6478346238428652,1.5936749136257833,1.688073922739619
urn:mavedb:00000394-a-1#785,c.[3C>T;6T>G;21C>T;36T>C;42C>G;63G>C;69T>C;72C>T;105C>T;106C>G;108G>T;120A>G;123T>C;126C>T;141A>G;177G>A],NA,p.Leu36Val,-0.9743500047360796,-1.0946658792728114,-0.9086571476978944,0.0479337304980966,-1.4992142,0.4954116153436985,0.2499525324785709,0.616846856204943
urn:mavedb:00000394-a-1#786,c.[3C>T;6T>G;21C>T;36T>C;42C>G;66G>A;99G>C;106C>A;108G>C;114C>T;120A>G;123T>C;126C>T;141A>G;168G>A;171T>G;174A>G;177G>A],NA,p.Leu36Ile,-0.2431258646275308,-0.2584029768539402,-0.2225702586184658,0.0521259165420991,-1.5125465,1.6642998845034995,1.642679692251079,1.6933245453006216
urn:mavedb:00000394-a-1#787,c.[18C>T;21C>T;27G>A;39C>T;51C>T;57T>G;66G>A;69T>C;72C>T;78C>T;102T>C;106C>T;107T>G;111G>C;129G>A;132C>T;135C>T;141A>G;165G>A;171T>G;174A>G;177G>A],NA,p.Leu36Trp,-1.213213969796203,-1.340751829794978,-1.1208746281498947,0.0917574505101049,-1.5127821,-0.003798966585213,-0.418366565264943,0.2218183663863591
urn:mavedb:00000394-a-1#788,c.[3C>T;6T>G;21C>T;36T>C;42C>G;48C>T;63G>C;102T>C;106C>T;107T>A;108G>C;120A>G;123T>C;135C>T;141A>G;165G>A;171T>G;174A>G;177G>A],NA,p.Leu36Tyr,-1.3042723312970437,-1.4269356983507973,-1.23404589000761,0.0554920883587878,-1.4987469,-0.3311952481237016,-0.9951346378791016,-0.1013597322226532
urn:mavedb:00000394-a-1#789,c.[21C>T;36T>C;42C>G;69T>C;72C>T;102T>C;106C>T;108G>C;114C>T;120A>G;132C>T;144C>T;147G>C;153A>G;165G>A;168G>A;177G>A],NA,p.Leu36Phe,-0.8918238780008036,-0.996842822362432,-0.8037624580903877,0.0517163429562203,-1.5153027,0.67526510739831,0.4831684768086214,0.8252485743324136
urn:mavedb:00000394-a-1#790,c.[3C>T;6T>G;21C>T;27G>A;36T>C;42C>G;51C>T;60T>C;66G>A;72C>T;75C>T;107T>C;108G>A;111G>C;114C>T;120A>G;129G>A;144C>T;165G>A;171T>G;174A>G;177G>A;195G>A;207T>C],NA,p.Leu36Pro,-1.5080180423601086,-1.5721619618796832,-1.4138259536991358,0.0263704947558235,-1.4328899,-15.0,-25.0,-1.8001886244184917
urn:mavedb:00000394-a-1#791,c.[3C>T;6T>G;21C>T;36T>C;42C>G;51C>T;106C>T;107T>G;108G>C;120A>G;123T>C;141A>G;165G>A;171T>G;174A>G;177G>A],NA,p.Leu36Cys,-0.8715232447688778,-0.9363027677882592,-0.8495626408696441,0.042635567314285,-1.5034175,0.6899807092166179,0.5743081944849723,0.7279646366999256
urn:mavedb:00000394-a-1#792,c.[24C>T;27G>A;36T>C;42C>G;48C>T;69T>C;72C>T;105_106insGGT;120A>G;123T>C;138T>C;141A>G;171T>G;174A>G;177G>A;180G>C],NA,p.His35_Leu36insGly,-1.4990900412553143,-1.5642361427178528,-1.4513757948231094,0.0363472251134908,-1.4713287,-15.0,-25.0,-1.773162454742914
urn:mavedb:00000394-a-1#793,c.[21C>T;36T>C;42C>G;51C>T;63G>C;72C>T;75C>T;105_106insGCG;108G>C;120A>G;165G>A;168G>A;177G>A],NA,p.His35_Leu36insAla,-1.451192652655774,-1.4966594984858026,-1.391662644826444,0.0403690200680135,-1.4880037,-1.4065773250407938,-25.0,-0.8077854996033511
urn:mavedb:00000394-a-1#794,c.[12C>T;21C>T;36T>C;42C>G;106_108del;120A>G;141A>G;165G>A;168G>A;177G>A;180G>C],NA,p.Leu36del,-1.5796634111576613,-1.6381537548195035,-1.5266800349418177,0.0330881772649822,-1.5145321,-15.0,-25.0,-5.0
urn:mavedb:00000394-a-1#795,c.[3C>T;6T>G;21C>T;36T>C;42C>G;48C>T;110T>A;120A>G;123T>C;138T>C;141A>G;156T>C;177G>A],NA,p.Leu37Gln,0.3787722995774167,0.338113315466214,0.4293010237414848,0.1500350264781692,-1.5126424,2.5228913405578632,2.467455428179034,2.591746172126029
urn:mavedb:00000394-a-1#796,c.[12C>T;21C>T;27G>A;42C>G;51C>T;72C>T;75C>T;96C>T;109C>G;110T>A;111G>A;120A>G;123T>C;141A>G;150C>T;171T>G;174A>G;177G>A;180G>C;207T>C],NA,p.Leu37Glu,0.3431697045068385,0.3184714002065151,0.3687010021857703,0.1162024252168904,-1.4940729,2.449193560565289,2.415482792852,2.4840257055427983
urn:mavedb:00000394-a-1#797,c.[12C>T;21C>T;36T>C;42C>G;48C>T;69T>C;72C>T;109C>A;110T>A;111G>C;114C>T;120A>G;123T>C;126C>T;132C>T;138T>C;141A>G;144C>T;156T>C;165G>A;168G>A],NA,p.Leu37Asn,-0.0747420020638797,-0.0963894609892439,-0.0241143618295343,0.0498796792696754,-1.5077825,1.893567419263092,1.8634453159791875,1.9638117537835285
urn:mavedb:00000394-a-1#798,c.[21C>T;36T>C;42C>G;102T>C;110T>A;111G>C;120A>G;123T>C;126C>T;138T>C;141A>G;165G>A;171T>G;174A>G],NA,p.Leu37His,0.0650362502091428,0.0108668907000105,0.1074143559986085,0.080854516754833,-1.498024,2.0735169871632024,1.9987526599274548,2.131846334385281
urn:mavedb:00000394-a-1#799,c.[6T>G;9G>A;15A>G;21C>T;36T>C;42C>G;48C>T;63G>C;72C>T;75C>T;99G>C;109C>G;110T>A;111G>T;120A>G;123T>C;174A>G],NA,p.Leu37Asp,-0.0669572360621985,-0.0775362377787644,-0.0520048229960213,0.0311252075231461,-1.4983902,1.891366162793645,1.8766497433728435,1.912144669980071
urn:mavedb:00000394-a-1#800,c.[12C>T;15A>G;21C>T;36T>C;39C>T;57T>G;69T>C;72C>T;110T>G;111G>T;120A>G;126C>T;138T>C;150C>T;162G>C;165G>A;168G>A;171T>G;177G>A;180G>C],NA,p.Leu37Arg,0.4107546269650894,0.3735318049921032,0.4304912021457212,0.0448907488759925,-1.6102257,2.698206902930158,2.647605356800514,2.7250343413739144
urn:mavedb:00000394-a-1#801,c.[21C>T;36T>C;42C>G;48C>T;72C>T;75C>T;109C>A;110T>A;111G>A;120A>G;123T>C;138T>C;141A>G;156T>C;165G>A;171T>G;174A>G;177G>A;180G>C],NA,p.Leu37Lys,0.4091885849701135,0.3764009486077441,0.4668064048707249,0.0873231692771204,-1.531239,2.589473409285386,2.544812671590921,2.6679309864554823
urn:mavedb:00000394-a-1#802,c.[3C>T;6T>G;9G>A;21C>T;39C>T;42C>G;48C>T;63G>C;72C>T;75C>T;78C>T;109C>A;110T>C;111G>C;120A>G;123T>C;141A>G;165G>A;171T>G;174A>G;177G>A],NA,p.Leu37Thr,0.1340802030273626,0.1074715863366918,0.1592749375619721,0.0658647859609031,-1.5155411,2.1924273726790617,2.155901964585348,2.2269735474343144
urn:mavedb:00000394-a-1#803,c.[21C>T;69T>C;72C>T;109C>T;110T>C;111G>T;120A>G;123T>C;126C>T],NA,p.Leu37Ser,0.2467098744613103,0.2259851326999859,0.2605433262859853,0.0423043382214616,-1.5192528,2.3516600416012814,2.323335878442108,2.3705570029916228
urn:mavedb:00000394-a-1#804,c.[3C>T;6T>G;21C>T;36T>C;42C>G;84C>T;109C>G;110T>C;120A>G;135C>T;138T>C;141A>G;165G>A;171T>G;174A>G;177G>A],NA,p.Leu37Ala,0.4558649118873554,0.3349201670218179,0.488095669910457,0.04413887691876,-1.520925,2.639114093556083,2.474319556057107,2.683007841441442
urn:mavedb:00000394-a-1#805,c.[3C>T;6T>G;21C>T;36T>C;42C>G;109C>G;110T>G;111G>T;120A>G;123T>C;126C>T;141A>G;165G>A;171T>G;174A>G;177G>A],NA,p.Leu37Gly,-0.1749866074671116,-0.1987352312809026,-0.1513686332487233,0.0646454697956152,-1.5101919,1.7569483440288618,1.723584918733004,1.7900444533878388
urn:mavedb:00000394-a-1#806,c.[3C>T;6T>G;21C>T;36T>C;42C>G;54G>A;102T>C;108G>C;109C>A;120A>G;141A>G;165G>A;168G>A;177G>A],NA,p.Leu37Met,0.3971781733165623,0.3658476102797995,0.4219572566279387,0.0408461091178381,-1.5310974,2.5729240180490462,2.5302429106227087,2.606671247420108
urn:mavedb:00000394-a-1#807,c.[3C>T;6T>G;15A>G;21C>T;36T>C;42C>G;54G>A;57T>G;69T>C;72C>T;105C>T;108G>C;109C>G;111G>T;120A>G;123T>C;126C>T;141A>G],NA,p.Leu37Val,0.055599146503969,0.0259362317895358,0.0817129047692827,0.064738846274988,-1.5161705,2.0854261215709755,2.044542821599157,2.12136224570092
urn:mavedb:00000394-a-1#808,c.[3C>T;6T>G;21C>T;36T>C;42C>G;72C>T;75C>T;109C>A;111G>C;120A>G;141A>G;156T>C;174A>G;183A>G],NA,p.Leu37Ile,0.1018485935348162,0.0778488627897478,0.1311383189722678,0.0555127976146929,-1.5253596,2.1616107839263208,2.128637176347415,2.2018029536379866
urn:mavedb:00000394-a-1#809,c.[15A>G;48C>T;54G>A;57T>G;84C>T;102T>C;108G>C;109C>T;110T>G;120A>G;123T>C;135C>T;165G>A;168G>A;171T>G;174A>G;180G>C;198G>T],NA,p.Leu37Trp,-0.1181394166024168,-0.1282107793439426,-0.1012871770056449,0.0588002898602834,-1.534935,1.8708776867221817,1.8568530988197065,1.8943177574168693
urn:mavedb:00000394-a-1#810,c.[3C>T;6T>G;21C>T;36T>C;42C>G;109C>T;110T>A;111G>C;120A>G;132C>T;141A>G;177G>A],NA,p.Leu37Tyr,-0.0110287401518343,-0.0388815586058939,0.0122689777187842,0.0476417002057564,-1.5220966,2.00165995993472,1.9631279131308856,2.033835691976594
urn:mavedb:00000394-a-1#811,c.[3C>T;6T>G;18C>T;21C>T;36T>C;42C>G;51C>T;54G>A;72C>T;75C>T;109C>T;111G>C;120A>G;123T>C;141A>G;165G>A;168G>A;180G>C],NA,p.Leu37Phe,-0.1273553459054777,-0.1375106318543039,-0.1045361751073498,0.0511658945406692,-1.537178,1.8611619493563505,1.8470119136099696,1.8929119402741343
urn:mavedb:00000394-a-1#812,c.[6T>G;9G>A;15A>G;21C>T;36T>C;42C>G;48C>T;54G>A;66G>A;69T>C;110T>C;120A>G;123T>C;141A>G;165G>A;168G>A;177G>A],NA,p.Leu37Pro,-1.5697872590656798,-1.6073679522793898,-1.5488813618221504,0.028444563507744,-1.5194664,-15.0,-25.0,-5.0
urn:mavedb:00000394-a-1#813,c.[21C>T;36T>C;42C>G;48C>T;99G>C;109C>T;110T>G;111G>C;120A>G;123T>C;129G>A;141A>G;177G>A;180G>C],NA,p.Leu37Cys,0.0318961714587233,0.0045884131099298,0.0551790152804884,0.0661413106898507,-1.5252781,2.0652766168308294,2.02761221270884,2.097342517564739
urn:mavedb:00000394-a-1#814,c.[21C>T;42C>G;72C>T;75C>T;108delinsCGGT;120A>G;123T>C;126C>T;144C>T;171T>G;174A>G],NA,p.Leu36_Leu37insGly,-0.8373075534213599,-0.8550516817613697,-0.8258197769385434,0.0216271445451727,-1.5026398,0.7475980111134591,0.7171831851996894,0.7671061988772078
urn:mavedb:00000394-a-1#815,c.[6T>G;9G>A;15A>G;21C>T;36T>C;42C>G;54G>A;66G>A;72C>T;75C>T;108_109insGCG;141A>G;165G>A;168G>A;171T>G],NA,p.Leu36_Leu37insAla,-0.2015056480724343,-0.2225244494262978,-0.1802980792424805,0.039483079443141,-1.5201817,1.7337094988844004,1.7041320727485731,1.7634823594492317
urn:mavedb:00000394-a-1#816,c.[21C>T;36T>C;42C>G;48C>T;54G>A;60T>C;75C>T;109_111del;120A>G;123T>C;141A>G;165G>A;171T>G;174A>G;177G>A;198G>T],NA,p.Leu37del,-1.6225970489900816,-1.6633305052759295,-1.574628283281436,0.0301106295665977,-1.5145321,-15.0,-25.0,-5.0
urn:mavedb:00000394-a-1#817,c.[3C>T;6T>G;21C>T;36T>C;42C>G;99G>C;112A>C;114C>A;120A>G;123T>C;126C>T;144C>T;153A>G;165G>A;171T>G;174A>G;177G>A;198G>T],NA,p.Asn38Gln,0.3630507556062462,0.3276017058104928,0.4093123518974383,0.0647175101897551,-1.5268307,2.520659862050031,2.4723393797020923,2.583686043744503
urn:mavedb:00000394-a-1#818,c.[3C>T;6T>G;12C>T;21C>T;36T>C;42C>G;57T>G;112A>G;114C>A;120A>G;141A>G;144C>T;162G>C;165G>A;168G>A;174A>G],NA,p.Asn38Glu,0.2544151409302138,0.2184744320011202,0.280842132021368,0.0948238856452505,-1.5099802,2.349588567601745,2.300450057308721,2.38568878540314
urn:mavedb:00000394-a-1#819,c.[18C>T;21C>T;36T>C;39C>T;42C>G;54G>A;63G>C;87T>C;112A>C;120A>G;126C>T;138T>C;141A>G;153A>G;168G>A;177G>A],NA,p.Asn38His,0.4064695542390107,0.3663757122864981,0.4825909664553287,0.0922554801207277,-1.5134835,2.561775111222389,2.507131136424598,2.665472807249805
urn:mavedb:00000394-a-1#820,c.[3C>T;6T>G;21C>T;36T>C;42C>G;48C>T;102T>C;112A>G;120A>G;126C>T;129G>A;138T>C;141A>G;150C>T;165G>A;171T>G;174A>G;177G>A],NA,p.Asn38Asp,0.217296608209586,0.1799479971118774,0.2418003083625457,0.0597062578453998,-1.5128384,2.302728591778341,2.2516101896471827,2.3362330246093395
urn:mavedb:00000394-a-1#821,c.[21C>T;36T>C;42C>G;69T>C;72C>T;112A>C;113A>G;114C>T;120A>G;123T>C;126C>T;165G>A;168G>A;177G>A;207T>C],NA,p.Asn38Arg,0.1615730675821853,0.1499017761303109,0.1772749714316298,0.0439901535753076,-1.5936079,2.3364275853841185,2.3204870686136374,2.3578641418460378
urn:mavedb:00000394-a-1#822,c.[15A>G;21C>T;36T>C;51C>T;114C>A;120A>G;123T>C;132C>T;138T>C;141A>G;165G>A;171T>G;174A>G;177G>A],NA,p.Asn38Lys,0.3502962025270781,0.3136601525219064,0.3710890745747709,0.0481263416402453,-1.534028,2.513017290841593,2.463079683352626,2.541347607351705
urn:mavedb:00000394-a-1#823,c.[3C>T;6T>G;12C>T;36T>C;42C>G;57T>G;66G>A;99G>C;105C>T;108G>C;111G>C;113A>C;120A>G;123T>C;126C>T;129G>A;138T>C;141A>G;165G>A;171T>G;174A>G;177G>A],NA,p.Asn38Thr,0.5767528539375701,0.5237226517544896,0.6333080491596044,0.0590666322329972,-1.5344968,2.8220286059800386,2.7498143015098404,2.8990852526946727
urn:mavedb:00000394-a-1#824,c.[3C>T;6T>G;21C>T;36T>C;42C>G;112A>T;113A>C;114C>T;120A>G;126C>T;141A>G;144C>T;165G>A;168G>A;171T>G;174A>G;177G>A;180G>C;183A>G],NA,p.Asn38Ser,0.4091124375621154,0.3807691472653323,0.4548121999979547,0.0577360017795815,-1.5327568,2.591420206379998,2.552815645355812,2.653648325816452
urn:mavedb:00000394-a-1#825,c.[12C>T;18C>T;21C>T;36T>C;39C>T;42C>G;48C>T;54G>A;69T>C;72C>T;112A>G;113A>C;114C>G;120A>G;123T>C;126C>T;129G>A;135C>T;138T>C;141A>G;162G>C;165G>A;171T>G;174A>G;177G>A;180G>C],NA,p.Asn38Ala,0.1753172658548939,0.1445973006692955,0.2151378571586579,0.0449507651613481,-1.542769,2.286047824260004,2.2440028183387475,2.3404838947419777
urn:mavedb:00000394-a-1#826,c.[3C>T;6T>G;12C>T;21C>T;51C>T;111G>C;112A>G;113A>G;114C>T;120A>G;132C>T;138T>C;147G>C;153A>G;162G>C;165G>A;168G>A;183A>G],NA,p.Asn38Gly,0.0278104136171543,0.0029359089616124,0.0623523594919047,0.0689860257623185,-1.5262651,2.061001252095766,2.0266893128900185,2.108566719246706
urn:mavedb:00000394-a-1#827,c.[21C>T;48C>T;72C>T;75C>T;113A>T;114C>G;120A>G;123T>C;165G>A;168G>A],NA,p.Asn38Met,0.3104314446335091,0.278807451794089,0.3460394159724483,0.0874646246197532,-1.5545039,2.486410356463601,2.44330513187126,2.534918646065277
urn:mavedb:00000394-a-1#828,c.[3C>T;6T>G;21C>T;36T>C;42C>G;112A>C;113A>T;114C>G;120A>G;135C>T;138T>C;141A>G;165G>A;171T>G;174A>G;177G>A],NA,p.Asn38Leu,0.4056804707570489,0.3527183465789777,0.4414702969285627,0.0549812275196842,-1.547327,2.6064277854480404,2.5343086410313327,2.655146198876729
urn:mavedb:00000394-a-1#829,c.[21C>T;42C>G;102T>C;112A>G;113A>T;114C>T;120A>G;126C>T;138T>C;165G>A;168G>A;177G>A],NA,p.Asn38Val,0.4625983600905459,0.4433554132883924,0.5022371617610828,0.0505328664657968,-1.5351038,2.6674156361264973,2.641217061994707,2.7213802729162326
urn:mavedb:00000394-a-1#830,c.[3C>T;6T>G;12C>T;15A>G;18C>T;21C>T;36T>C;42C>G;51C>T;113A>T;120A>G;123T>C;165G>A;171T>G;174A>G;177G>A;198G>T;207T>C],NA,p.Asn38Ile,0.4270356211421096,0.4147879962736774,0.4483197371819815,0.0721972496521306,-1.5463791,2.634218796314167,2.617546325365442,2.6631901474031805
urn:mavedb:00000394-a-1#831,c.[21C>T;36T>C;42C>G;51C>T;69T>C;72C>T;112A>T;113A>G;114C>G;117T>C;120A>G;123T>C;141A>G;171T>G;174A>G;177G>A],NA,p.Asn38Trp,0.1184380761508124,0.1088521200161553,0.1312519696179737,0.0717869707994413,-1.5450287,2.2112462410532774,2.198104148056752,2.228805621382473
urn:mavedb:00000394-a-1#832,c.[12C>T;21C>T;36T>C;42C>G;48C>T;54G>A;112A>T;120A>G;123T>C;183A>G;192C>T;198G>T],NA,p.Asn38Tyr,0.3807844529006967,0.3554224637708252,0.4037033858744628,0.0752400580342322,-1.5363798,2.5577345302555226,2.5231843019097253,2.5889485866226614
urn:mavedb:00000394-a-1#833,c.[3C>T;21C>T;36T>C;51C>T;54G>A;69T>C;72C>T;112A>T;113A>T;123T>C;141A>G;165G>A;168G>A;171T>G;174A>G;195G>A;207T>C],NA,p.Asn38Phe,0.4476600059240698,0.4147439651127764,0.4859144498505033,0.0440879623064889,-1.5479918,2.6644679508168325,2.6196639144727407,2.7165333743585776
urn:mavedb:00000394-a-1#834,c.[3C>T;6T>G;21C>T;36T>C;42C>G;63G>C;102T>C;105C>T;112A>C;113A>C;114C>A;120A>G;126C>T;141A>G;153A>G;168G>A;177G>A;180G>C],NA,p.Asn38Pro,-1.553329175200214,-1.6352096779598984,-1.4490549715323164,0.0546761987892116,-1.5223475,-15.0,-25.0,-0.9822788081124666
urn:mavedb:00000394-a-1#835,c.[3C>T;6T>G;21C>T;36T>C;42C>G;51C>T;72C>T;75C>T;112A>T;113A>G;120A>G;123T>C;141A>G;165G>A;168G>A;171T>G;174A>G],NA,p.Asn38Cys,0.3082429082515116,0.2899759242602275,0.323441905889823,0.0545589351146087,-1.5405688,2.464554659311936,2.4396464275785203,2.4852731460583115
urn:mavedb:00000394-a-1#836,c.[12C>T;21C>T;36T>C;42C>G;48C>T;54G>A;72C>T;75C>T;102T>C;111_112insGGT;120A>G;123T>C;165G>A;171T>G;174A>G],NA,p.Leu37_Asn38insGly,-0.663129946165159,-0.7098713456850418,-0.6408718732148424,0.0366770058710842,-1.4942856,1.0178366638489118,0.9438545381039712,1.0525760014213958
urn:mavedb:00000394-a-1#837,c.[3C>T;6T>G;21C>T;36T>C;42C>G;48C>T;75C>T;78C>T;111_112insGCG;120A>G;123T>C;138T>C;141A>G;168G>A;174A>G],NA,p.Leu37_Asn38insAla,-0.4833871489826321,-0.5223817796046873,-0.4707355198666548,0.0405539733374819,-1.5127974,1.318474942980946,1.2607016403663207,1.3371031202700223
urn:mavedb:00000394-a-1#838,c.[9G>A;12C>T;15A>G;21C>T;36T>C;42C>G;48C>T;54G>A;72C>T;75C>T;112_114del;120A>G;123T>C;126C>T;129G>A;141A>G;144C>T;156T>C;162G>C;165G>A;171T>G;177G>A],NA,p.Asn38del,-1.489832023026562,-1.5499761071468958,-1.4233359215325392,0.0396713692680733,-1.5262604,-1.4129029350148326,-25.0,-0.764888168743151
urn:mavedb:00000394-a-1#839,c.[21C>T;36T>C;42C>G;48C>T;115T>C;116C>A;117T>G;123T>C;165G>A;171T>G;174A>G;195G>A;207T>C],NA,p.Ser39Gln,-0.3141818758468074,-0.3261805246571093,-0.2937207506281682,0.0636524792746102,-1.5212588,1.575770811063414,1.5586460073691353,1.6049035332012231
urn:mavedb:00000394-a-1#840,c.[3C>T;6T>G;18C>T;21C>T;36T>C;42C>G;48C>T;54G>A;63G>C;115T>G;116C>A;117T>A;120A>G;123T>C;129G>A;141A>G;165G>A;171T>G;174A>G;177G>A;180G>C],NA,p.Ser39Glu,0.0735702523270172,0.0447118871114139,0.0866283984656079,0.0510171785074551,-1.5151615,2.1087790048201613,2.06904305543247,2.126739138722892
urn:mavedb:00000394-a-1#841,c.[3C>T;6T>G;15A>G;21C>T;36T>C;42C>G;63G>C;69T>C;72C>T;75C>T;115T>A;116C>A;117T>C;120A>G;123T>C;126C>T;141A>G;171T>G;177G>A],NA,p.Ser39Asn,0.0727087962664614,0.0555414968820526,0.116493598265574,0.065253057522443,-1.5198765,2.1140566508932706,2.0904318416636327,2.1742188434727163
urn:mavedb:00000394-a-1#842,c.[21C>T;39C>T;42C>G;60T>C;115T>C;116C>A;117T>C;120A>G;129G>A;144C>T;165G>A;171T>G;174A>G;177G>A],NA,p.Ser39His,-0.0889676082133579,-0.1119317873347764,-0.0555710550353434,0.0658208840662577,-1.5193319,1.889806103870032,1.8578448210126093,1.936179670902005
urn:mavedb:00000394-a-1#843,c.[21C>T;27G>A;36T>C;42C>G;60T>C;78C>T;99G>C;115T>G;116C>A;117T>C;120A>G;141A>G;165G>A;168G>A;171T>G;174A>G],NA,p.Ser39Asp,0.3612508695215795,0.3118814910515987,0.4248075171966102,0.067681696400028,-1.5158672,2.503370878007793,2.4360423325319003,2.589981030561465
urn:mavedb:00000394-a-1#844,c.[3C>T;6T>G;15A>G;21C>T;36T>C;42C>G;48C>T;114C>T;115T>C;116C>G;123T>C;129G>A;132C>T;180G>C],NA,p.Ser39Arg,-0.8982035789056739,-0.9362408248622928,-0.8386363352360569,0.0368396389776426,-1.5385151,0.7045870216372921,0.6377891187890141,0.8058334001488019
urn:mavedb:00000394-a-1#845,c.[3C>T;6T>G;18C>T;21C>T;36T>C;42C>G;115T>A;116C>A;117T>A;120A>G;129G>A;135C>T;141A>G;180G>C],NA,p.Ser39Lys,-0.7021951677017122,-0.7692462170596197,-0.6408197165747154,0.0424037324372104,-1.5246954,1.0042191878575644,0.8972088465655157,1.099626450996778
urn:mavedb:00000394-a-1#846,c.[3C>T;18C>T;21C>T;27G>A;30G>C;51C>T;72C>T;75C>T;99G>C;102T>C;108G>C;111G>C;115T>A;120A>G;126C>T;135C>T;141A>G;165G>A;171T>G;174A>G;177G>A],NA,p.Ser39Thr,0.1486129209152964,0.1113523989424808,0.1892657134871826,0.0787428620348681,-1.5230222,2.222568853215633,2.1714623459076066,2.278242067656275
urn:mavedb:00000394-a-1#847,c.[3C>T;6T>G;21C>T;36T>C;42C>G;48C>T;115T>G;120A>G;123T>C;141A>G;165G>A;171T>G;174A>G],NA,p.Ser39Ala,-0.5533391141432336,-0.5994587765454336,-0.5126998929498715,0.0589316356253879,-1.5247717,1.232353436860901,1.1628865823885814,1.2928396729807594
urn:mavedb:00000394-a-1#848,c.[3C>T;6T>G;21C>T;36T>C;42C>G;105C>T;114C>T;115T>G;116C>G;120A>G;126C>T;141A>G;150C>T;168G>A;177G>A;180G>C],NA,p.Ser39Gly,-0.6182400764892176,-0.6689036552266985,-0.5534877406702988,0.0400573495863905,-1.522737,1.1312167061832403,1.0532014602407265,1.2290878040965203
urn:mavedb:00000394-a-1#849,c.[6T>G;9G>A;12C>T;21C>T;36T>C;42C>G;54G>A;72C>T;75C>T;115T>A;116C>T;117T>G;120A>G;123T>C;126C>T;138T>C;141A>G],NA,p.Ser39Met,-0.3740276746458914,-0.3967528686557355,-0.3515972490702383,0.0556711680037184,-1.5320258,1.5055004822960298,1.4727794593333836,1.5376740820333823
urn:mavedb:00000394-a-1#850,c.[6T>G;9G>A;12C>T;21C>T;36T>C;42C>G;48C>T;115T>C;116C>T;117T>G;120A>G;123T>C;165G>A;171T>G;174A>G;177G>A;198G>T],NA,p.Ser39Leu,-0.7563831460260437,-0.8082992065873834,-0.711686707352593,0.0250499630715052,-1.5320411,0.929797422507558,0.8454028761025512,1.0008364070171678
urn:mavedb:00000394-a-1#851,c.[3C>T;18C>T;21C>T;27G>A;42C>G;99G>C;114C>T;115T>G;116C>T;123T>C;126C>T;141A>G;144C>T;171T>G;174A>G;177G>A],NA,p.Ser39Val,-0.4890179548409155,-0.5288872398951773,-0.4403164909037736,0.0619003685480757,-1.5253792,1.3286987778310282,1.2697253024469255,1.400008590407935
urn:mavedb:00000394-a-1#852,c.[3C>T;6T>G;21C>T;36T>C;42C>G;48C>T;69T>C;72C>T;115T>A;116C>T;117T>C;120A>G;123T>C;141A>G;165G>A;168G>A;174A>G],NA,p.Ser39Ile,-0.6436463328982887,-0.6998536219163571,-0.5680402658113678,0.0390689689465872,-1.5293422,1.1024190380206351,1.0151918295766706,1.2171678355577635
urn:mavedb:00000394-a-1#853,c.[3C>T;6T>G;21C>T;36T>C;42C>G;48C>T;116C>G;117T>G;120A>G;123T>C;141A>G;165G>A;171T>G;174A>G;177G>A;183A>G;198G>T],NA,p.Ser39Trp,-0.4026839864303285,-0.4121991256937642,-0.3791398305507826,0.0451323451130519,-1.5249443,1.4539953632844482,1.4402225309503205,1.4879718624799274
urn:mavedb:00000394-a-1#854,c.[21C>T;36T>C;42C>G;116C>A;117T>C;120A>G;123T>C;126C>T;141A>G;165G>A;168G>A;177G>A;180G>C],NA,p.Ser39Tyr,-0.1941441943504347,-0.2027132505084463,-0.1820279869454303,0.0521333088064315,-1.5236473,1.748908512573656,1.7368735052192044,1.7659063790865248
urn:mavedb:00000394-a-1#855,c.[21C>T;36T>C;42C>G;69T>C;72C>T;116C>T;117T>C;120A>G;123T>C;126C>T;138T>C;141A>G;165G>A;171T>G;174A>G;177G>A],NA,p.Ser39Phe,-0.0979432387629259,-0.1248615598973553,-0.0726351050338734,0.0529684416319081,-1.5275574,1.8887350016945617,1.8512632397151327,1.9238887833189404
urn:mavedb:00000394-a-1#856,c.[3C>T;6T>G;15A>G;21C>T;36T>C;42C>G;48C>T;54G>A;66G>A;115T>C;117T>G;123T>C;141A>G;174A>G;198G>T],NA,p.Ser39Pro,-1.4477330364332504,-1.4991327003914057,-1.3605555060713417,0.0312317550003708,-1.5188847,-1.0009418560815049,-1.7791740010039188,-0.4762343045596084
urn:mavedb:00000394-a-1#857,c.[21C>T;27G>A;36T>C;42C>G;51C>T;54G>A;116C>G;117T>C;120A>G;123T>C;141A>G;162G>C;165G>A;171T>G;174A>G;177G>A],NA,p.Ser39Cys,-0.0246152766681213,-0.0397947628940858,-0.0109364408368266,0.0563796902759287,-1.5279903,1.9910011505216043,1.9700005501482072,2.009907119471935
urn:mavedb:00000394-a-1#858,c.[30G>C;42C>G;51C>T;57T>G;114_115insGGT;120A>G;123T>C;162G>C;165G>A;168G>A],NA,p.Asn38_Ser39insGly,-0.4072893562805665,-0.4377112698776759,-0.3637348796799941,0.0477801678230828,-1.4949012,1.4037695794681917,1.3593345193192534,1.466917654697652
urn:mavedb:00000394-a-1#859,c.[18C>T;21C>T;42C>G;51C>T;72C>T;75C>T;114_115insGCG;120A>G;123T>C;144C>T;168G>A;180G>C],NA,p.Asn38_Ser39insAla,-0.7439700143288309,-0.7589589004236368,-0.7299139936998881,0.0365178750091376,-1.4976945,0.8944323857922118,0.8700275078521355,0.9171554053391544
urn:mavedb:00000394-a-1#860,c.[21C>T;36T>C;42C>G;84C>T;87T>C;115_117del;120A>G;141A>G;177G>A],NA,p.Ser39del,-1.485404468340476,-1.5108617452018094,-1.4315218269631098,0.0329104158291041,-1.522326,-1.404769223207477,-2.1002749097441966,-0.8459517440303258
urn:mavedb:00000394-a-1#861,c.[6T>G;9G>A;12C>T;21C>T;36T>C;42C>G;119C>A;120A>G;123T>C;126C>T;141A>G;174A>G],NA,p.Pro40Gln,0.4632030094184332,0.4143921619818975,0.4924913667645424,0.0423613005849315,-1.5189781,2.6464804199884884,2.5799952802139,2.686368438546595
urn:mavedb:00000394-a-1#862,c.[3C>T;6T>G;21C>T;36T>C;42C>G;48C>T;118C>G;119C>A;123T>C;141A>G;174A>G;198G>T],NA,p.Pro40Glu,0.0302471966975984,0.0078925507007518,0.0776953860611372,0.0617402927221261,-1.5104008,2.0425565054729025,2.0116937899153475,2.1079285432359613
urn:mavedb:00000394-a-1#863,c.[3C>T;6T>G;12C>T;21C>T;42C>G;51C>T;54G>A;84C>T;99G>C;118C>A;119C>A;120A>C;123T>C;129G>A;141A>G;165G>A;171T>G;174A>G;177G>A],NA,p.Pro40Asn,0.2186171851310772,0.1864920006107257,0.2725252369051331,0.1186555674852439,-1.516756,2.30986531569162,2.2659097785066384,2.383529909688603
urn:mavedb:00000394-a-1#864,c.[18C>T;21C>T;30G>C;36T>C;51C>T;84C>T;119C>A;120A>C;123T>C;135C>T;138T>C;141A>G;156T>C;165G>A;171T>G;174A>G;177G>A],NA,p.Pro40His,0.1812586535324426,0.1446238422761966,0.1956047197315036,0.0464634988486508,-1.5130501,2.2536937496239613,2.203487480879163,2.2733355953396432
urn:mavedb:00000394-a-1#865,c.[3C>T;6T>G;18C>T;21C>T;36T>C;42C>G;48C>T;54G>A;63G>C;72C>T;75C>T;105C>T;118C>G;119C>A;120A>C;123T>C;141A>G;165G>A;171T>G;174A>G;177G>A],NA,p.Pro40Asp,-0.0115851300768985,-0.0217372033153857,0.0102771603602164,0.0597244681187672,-1.5089188,1.9827226206138693,1.9686721604936657,2.012947190683665
urn:mavedb:00000394-a-1#866,c.[21C>T;36T>C;42C>G;48C>T;72C>T;75C>T;78C>T;119C>G;120A>T;123T>C;129G>A;138T>C;141A>G;165G>A;171T>G;174A>G;177G>A],NA,p.Pro40Arg,0.1333611422827831,0.1171407539001056,0.1596020885193612,0.0472924881227002,-1.6009064,2.307817615934194,2.285648729763202,2.343656850230829
urn:mavedb:00000394-a-1#867,c.[27G>A;118C>A;119C>A;165G>A;171T>G;174A>G;177G>A],NA,p.Pro40Lys,0.4247373639674967,0.4007546322279051,0.4460322983036378,0.0449362194794911,-1.5365772,2.617856833094394,2.585199653528722,2.64685010043638
urn:mavedb:00000394-a-1#868,c.[27G>A;69T>C;72C>T;78C>T;118C>A;120A>C;123T>C;126C>T;171T>G;174A>G;177G>A],NA,p.Pro40Thr,0.0388850735493721,-0.030810058548107,0.065103043358698,0.0580753491849376,-1.5199924,2.0676480989619503,1.971397721176273,2.1037515533367266
urn:mavedb:00000394-a-1#869,c.[3C>T;12C>T;21C>T;36T>C;42C>G;48C>T;118C>G;120A>G;123T>C;165G>A;171T>G;174A>G;177G>A;198G>T;207T>C],NA,p.Pro40Ala,0.379720189795601,0.3347400186850294,0.4020046200332008,0.095241511308578,-1.5291424,2.546499661252489,2.485201935215372,2.5768560162922545
urn:mavedb:00000394-a-1#870,c.[3C>T;6T>G;21C>T;36T>C;42C>G;117T>C;118C>G;119C>G;120A>T;126C>T;129G>A;141A>G;165G>A;171T>G;174A>G],NA,p.Pro40Gly,0.0083899837622623,-0.0135387987004981,0.02516856646933,0.0567403616007046,-1.5194106,2.024785380510321,1.994488198701072,2.047938589389546
urn:mavedb:00000394-a-1#871,c.[3C>T;6T>G;9G>A;12C>T;18C>T;21C>T;24C>T;36T>C;42C>G;48C>T;72C>T;75C>T;105C>T;118C>A;119C>T;120A>G;123T>C;126C>T;138T>C;141A>G;165G>A;171T>G;174A>G;177G>A],NA,p.Pro40Met,-0.084076559165534,-0.0941363917829307,-0.0718238944522183,0.1043395392658625,-1.5311427,1.912971391935858,1.898998071930861,1.9299755843762016
urn:mavedb:00000394-a-1#872,c.[3C>T;6T>G;9G>A;21C>T;39C>T;42C>G;57T>G;69T>C;72C>T;119C>T;120A>C;126C>T;141A>G;150C>T;165G>A;171T>G;174A>G;177G>A;180G>C],NA,p.Pro40Leu,0.0928271060445102,0.0455530105776534,0.1304070478049007,0.0870506994057496,-1.5292282,2.154513943726659,2.0895106129376737,2.20608280596556
urn:mavedb:00000394-a-1#873,c.[3C>T;6T>G;21C>T;36T>C;42C>G;51C>T;72C>T;75C>T;118C>G;119C>T;120A>T;123T>C;129G>A;138T>C;141A>G;165G>A;168G>A;177G>A;180G>C;198G>T;207T>C],NA,p.Pro40Val,-0.69920336555252,-0.7210577205618804,-0.6749414855269047,0.038750774237005,-1.5239058,1.0076821862340608,0.9731826033385358,1.0456278369888656
urn:mavedb:00000394-a-1#874,c.[3C>T;6T>G;12C>T;21C>T;36T>C;72C>T;75C>T;118C>A;119C>T;120A>C;123T>C;126C>T;141A>G;174A>G],NA,p.Pro40Ile,-0.7277504393755809,-0.7672006049183044,-0.6925380099904574,0.0425344098800949,-1.5279865,0.9690346906491896,0.9058444707876552,1.0245299978390776
urn:mavedb:00000394-a-1#875,c.[15A>G;21C>T;36T>C;42C>G;54G>A;63G>C;118C>T;119C>G;120A>G;123T>C;126C>T;138T>C;141A>G;165G>A;171T>G;174A>G;177G>A],NA,p.Pro40Trp,-0.4668987694159738,-0.4831059597179157,-0.4539185046029763,0.0314128743739017,-1.5512638,1.3989537520534014,1.3753037700733606,1.4178384060838536
urn:mavedb:00000394-a-1#876,c.[3C>T;21C>T;36T>C;42C>G;51C>T;54G>A;105C>T;118C>T;119C>A;120A>C;123T>C;129G>A;141A>G;165G>A;171T>G;174A>G;177G>A],NA,p.Pro40Tyr,-0.1945018651172624,-0.2088694722563186,-0.1864796423006486,0.0685155679076063,-1.5389814,1.769873604975935,1.7497223275227156,1.7811119454671085
urn:mavedb:00000394-a-1#877,c.[3C>T;6T>G;18C>T;21C>T;36T>C;42C>G;54G>A;60T>C;69T>C;72C>T;118C>T;119C>T;120A>C;141A>G;165G>A;171T>G;174A>G;177G>A],NA,p.Pro40Phe,-0.2145244035608587,-0.2345269558764464,-0.1819866825901614,0.0845387667603235,-1.5451951,1.7504904481443595,1.7223857576176786,1.7960791736239272
urn:mavedb:00000394-a-1#878,c.[3C>T;6T>G;21C>T;36T>C;42C>G;69T>C;72C>T;118C>T;119C>G;120A>C;141A>G;174A>G],NA,p.Pro40Cys,-0.0691994037437977,-0.0907864711428879,-0.0452307651454416,0.0419084724790419,-1.5318527,1.934597822841244,1.9046363075282435,1.9678074151147085
urn:mavedb:00000394-a-1#879,c.[3C>T;6T>G;21C>T;36T>C;42C>G;78C>T;93C>T;117_118insGGT;120A>G;141A>G;165G>A;171T>G;174A>G;177G>A],NA,p.Ser39_Pro40insGly,0.1916550970541303,0.1671249877830094,0.2068936129558967,0.0379407282758876,-1.493967,2.241918683593217,2.2082912196478626,2.26279303446828
urn:mavedb:00000394-a-1#880,c.[3C>T;9G>A;12C>T;21C>T;36T>C;42C>G;63G>C;72C>T;75C>T;96C>T;108G>C;111G>C;117_118insGCT;120A>G;126C>T;138T>C;141A>G;165G>A;168G>A;180G>C],NA,p.Ser39_Pro40insAla,-0.6593800416319205,-0.6770666023734637,-0.6356445228781843,0.054975083873845,-1.4964104,1.027032731396268,0.9992755280021584,1.0639846081969668
urn:mavedb:00000394-a-1#881,c.[6T>G;9G>A;21C>T;36T>C;42C>G;51C>T;63G>C;66G>A;78C>T;118_120del;123T>C;141A>G;177G>A],NA,p.Pro40del,-1.2793726611038685,-1.3213083749896224,-1.2495198807565608,0.0395512262089958,-1.5232334,-0.1641987903401518,-0.3040414700311626,-0.0753085531836559
urn:mavedb:00000394-a-1#882,c.[3C>T;6T>G;21C>T;36T>C;42C>G;69T>C;72C>T;120A>G;121A>C;122C>A;123T>G;141A>G;165G>A;171T>G;174A>G;177G>A;198G>T],NA,p.Thr41Gln,-0.4905959215769585,-0.4982919127920114,-0.4837890415298537,0.0211899640108468,-1.5230064,1.3228832895004627,1.311533059075355,1.3329052614263903
urn:mavedb:00000394-a-1#883,c.[3C>T;6T>G;21C>T;36T>C;42C>G;69T>C;72C>T;120A>G;121A>G;122C>A;123T>A;141A>G;144C>T;165G>A;171T>G;177G>A;180G>C;186A>G],NA,p.Thr41Glu,-0.5206059160377934,-0.5414725022982845,-0.458987335396684,0.0555250178060588,-1.5101738,1.2594426866881638,1.2282823425450142,1.3505086137075937
urn:mavedb:00000394-a-1#884,c.[3C>T;6T>G;21C>T;36T>C;42C>G;72C>T;75C>T;105C>T;120A>G;122C>A;123T>C;138T>C;141A>G;165G>A;168G>A;174A>G;198G>T],NA,p.Thr41Asn,-0.4035650040411471,-0.4458361837037105,-0.3532118347913869,0.0845415629241866,-1.5223713,1.449002911499659,1.3875804317716849,1.5215427189632813
urn:mavedb:00000394-a-1#885,c.[9G>A;12C>T;21C>T;36T>C;42C>G;72C>T;75C>T;120A>G;121A>C;122C>A;123T>C;141A>G;174A>G;180G>C],NA,p.Thr41His,-0.1992687805329363,-0.2339928983913776,-0.175443732752018,0.0821802273930613,-1.517354,1.7328865888610585,1.6839799927673589,1.7663319450658184
urn:mavedb:00000394-a-1#886,c.[9G>A;12C>T;21C>T;36T>C;42C>G;120A>G;121A>G;122C>A;123T>C;126C>T;165G>A;168G>A;174A>G],NA,p.Thr41Asp,-0.6515379132801076,-0.6810487006159202,-0.5824060340809748,0.0467335528269037,-1.5120358,1.0635542261655688,1.0175564841080893,1.169442818375734
urn:mavedb:00000394-a-1#887,c.[3C>T;6T>G;21C>T;24C>T;36T>C;42C>G;120A>G;121A>C;122C>G;129G>A;141A>G;165G>A;171T>G;174A>G;177G>A],NA,p.Thr41Arg,-0.5704841653652573,-0.5830649029708841,-0.5596277608874969,0.0236625390050709,-1.5377483,1.2260973729728868,1.2072176862359163,1.2423366256687498
urn:mavedb:00000394-a-1#888,c.[6T>G;9G>A;12C>T;21C>T;36T>C;42C>G;72C>T;75C>T;120A>G;122C>A;123T>A;138T>C;141A>G;165G>A;171T>G;174A>G;177G>A],NA,p.Thr41Lys,-0.5610138804425211,-0.5859264211527948,-0.5277279573154647,0.0416770909733892,-1.5232377,1.218558039410106,1.1810510665597551,1.2682677538037168
urn:mavedb:00000394-a-1#889,c.[21C>T;27G>A;36T>C;42C>G;75C>T;108G>C;121A>T;141A>G;165G>A;171T>G;174A>G;177G>A],NA,p.Thr41Ser,-0.2591209477691276,-0.2881939088858829,-0.2370861102656436,0.0668853353297639,-1.5221195,1.6551939877496369,1.613978851621977,1.6863281680026627
urn:mavedb:00000394-a-1#890,c.[12C>T;21C>T;27G>A;120A>G;121A>G;132C>T;141A>G;144C>T;165G>A;171T>G;174A>G;177G>A],NA,p.Thr41Ala,-0.7944760161682796,-0.8060574753286058,-0.7744426368622074,0.0252478160503924,-1.5264192,0.8588865270461741,0.8398336662627268,0.8915747281373612
urn:mavedb:00000394-a-1#891,c.[21C>T;36T>C;42C>G;120A>G;121A>G;122C>G;126C>T;138T>C;141A>G;165G>A;171T>G;174A>G;177G>A],NA,p.Thr41Gly,-1.0870363204465645,-1.127063067475092,-1.060098112893,0.0359428970221976,-1.5241008,0.3199599810330059,0.2332969583089724,0.3757028010778868
urn:mavedb:00000394-a-1#892,c.[21C>T;36T>C;42C>G;120A>G;122C>T;123T>G;141A>G;165G>A;171T>G;174A>G;198G>T],NA,p.Thr41Met,-0.3000508303631712,-0.3118542525332861,-0.2927208295218306,0.0392350914659751,-1.5352979,1.615827396626231,1.599051334749424,1.6262315817894537
urn:mavedb:00000394-a-1#893,c.[21C>T;36T>C;42C>G;69T>C;72C>T;93C>T;99G>C;102T>C;108G>C;120A>G;121A>C;122C>T;123T>C;138T>C;141A>G;150C>T;180G>C],NA,p.Thr41Leu,-0.2856750793220939,-0.3008087036053107,-0.2626688286311577,0.0535812610496831,-1.5301738,1.6289686057622594,1.6074816802391214,1.6615495932357929
urn:mavedb:00000394-a-1#894,c.[3C>T;6T>G;21C>T;36T>C;42C>G;72C>T;75C>T;78C>T;120A>G;121A>G;122C>T;141A>G;144C>T;165G>A;171T>G;177G>A;198G>T;207T>C],NA,p.Thr41Val,-0.2144269622050987,-0.2216169004554002,-0.2055029247354211,0.0285538340007326,-1.5300059,1.7293300594691314,1.7192173353965916,1.7418704533270326
urn:mavedb:00000394-a-1#895,c.[3C>T;6T>G;21C>T;36T>C;42C>G;120A>G;122C>T;123T>C;141A>G;165G>A;171T>G;174A>G;207T>C],NA,p.Thr41Ile,-0.3533586697828964,-0.3589248896598727,-0.3444394057091882,0.0403177772012481,-1.537466,1.5429294068546262,1.5349611826096328,1.5556830596901414
urn:mavedb:00000394-a-1#896,c.[21C>T;36T>C;42C>G;120A>G;121A>T;122C>G;123T>G;141A>G;165G>A;171T>G;174A>G;177G>A;198G>T;207T>C],NA,p.Thr41Trp,0.5744179554770106,0.5234950986479758,0.6185885188692656,0.0805332589366784,-1.5333247,2.81727077060167,2.747925304392,2.877447794478719
urn:mavedb:00000394-a-1#897,c.[9G>A;12C>T;21C>T;36T>C;42C>G;120A>G;121A>T;122C>A;123T>C;141A>G;171T>G;174A>G;198G>T],NA,p.Thr41Tyr,0.3356533890940206,0.2892141146261818,0.3629098364630317,0.084499885888689,-1.5328336,2.49144457975433,2.4281205209627914,2.5285886526235166
urn:mavedb:00000394-a-1#898,c.[21C>T;36T>C;42C>G;120A>G;121A>T;122C>T;123T>C;141A>G;165G>A;171T>G;174A>G;198G>T],NA,p.Thr41Phe,0.3323014540648892,0.3059095851298057,0.3778490895311391,0.0663648341722416,-1.5404167,2.4971417047127584,2.461167436017618,2.5591937115886307
urn:mavedb:00000394-a-1#899,c.[6T>G;9G>A;12C>T;21C>T;36T>C;42C>G;72C>T;75C>T;120A>G;121A>C;123T>G;141A>G;171T>G;174A>G;177G>A],NA,p.Thr41Pro,-1.336569825974029,-1.4067121802319726,-1.2698344479424613,0.0388357021833525,-1.5329533,-0.3241664739158311,-0.6301969763245377,-0.1060081800040999
urn:mavedb:00000394-a-1#900,c.[21C>T;42C>G;69T>C;72C>T;120A>G;121A>T;122C>G;123T>C;141A>G;165G>A;171T>G;177G>A],NA,p.Thr41Cys,0.0447465105913233,0.0347122768662802,0.0587160239673999,0.0454537049125503,-1.5312662,2.0911964019843423,2.0773792924672256,2.1104198076597736
urn:mavedb:00000394-a-1#901,c.[3C>T;6T>G;21C>T;36T>C;42C>G;120delinsGGGT;123T>C;126C>T;141A>G;165G>A;171T>G;174A>G;177G>A],NA,p.Pro40_Thr41insGly,-0.4595252910817891,-0.4699527783714596,-0.4404034506849991,0.0359349777006582,-1.4949346,1.3273403933351484,1.311966621349853,1.3554372524430889
urn:mavedb:00000394-a-1#902,c.[21C>T;30G>C;51C>T;63G>C;78C>T;108G>C;120delinsGGCG;138T>C;141A>G;165G>A;171T>G;174A>G;177G>A],NA,p.Pro40_Thr41insAla,-0.8767246847640029,-0.8988106819811469,-0.8626239781416549,0.0291756952978403,-1.5047889,0.6832964092243022,0.6443933223977856,0.707814869368126
urn:mavedb:00000394-a-1#903,c.[12C>T;21C>T;36T>C;42C>G;75C>T;87T>C;120A>G;121_123del;129G>A;132C>T;141A>G;150C>T;153A>G;168G>A;177G>A;192C>T],NA,p.Thr41del,-1.3797478890244603,-1.443362537642423,-1.3286794704541247,0.0349784359071723,-1.5325861,-0.5005947636405874,-0.8572303065851247,-0.2969529383227457
urn:mavedb:00000394-a-1#904,c.[18C>T;21C>T;36T>C;42C>G;72C>T;75C>T;120A>G;123T>C;124G>C;126C>G;129G>A;144C>T;165G>A;171T>G;174A>G;177G>A],NA,p.Asp42Gln,-1.5679801189156894,-1.6911668835907296,-1.4619450767423388,0.0428478306851506,-1.5757179,-2.330788393359192,-25.0,-0.6992284375510647
urn:mavedb:00000394-a-1#905,c.[6T>G;9G>A;15A>G;21C>T;36T>C;42C>G;72C>T;75C>T;120A>G;123T>C;126C>A;165G>A;171T>G],NA,p.Asp42Glu,-0.7093187470473732,-0.8177920842030085,-0.6652243772783569,0.0293359349434753,-1.5375104,1.0131502870920284,0.8387644981852334,1.0817632169467033
urn:mavedb:00000394-a-1#906,c.[9G>A;12C>T;21C>T;36T>C;42C>G;72C>T;75C>T;105C>T;120A>G;123T>C;124G>A;138T>C;141A>G;165G>A;171T>G;174A>G;186A>G],NA,p.Asp42Asn,-0.8233462399218177,-0.8432227157369615,-0.8084865073579671,0.0348113180983604,-1.5633392,0.8720368723645172,0.8394055799349189,0.8962154290964001
urn:mavedb:00000394-a-1#907,c.[15A>G;21C>T;27G>A;42C>G;120A>G;123T>C;124G>C;150C>T;165G>A;168G>A;171T>G;174A>G;177G>A;195G>A],NA,p.Asp42His,-1.236792625427622,-1.2732908379285754,-1.2139335499473587,0.0287825239387922,-1.559504,0.0566401952387928,-0.040177002510266,0.1135425056206517
urn:mavedb:00000394-a-1#908,c.[3C>T;6T>G;18C>T;21C>T;36T>C;42C>G;54G>A;63G>C;108G>C;120A>G;123T>C;124G>C;125A>G;126C>T;132C>T;141A>G;162G>C;165G>A;171T>G;174A>G;177G>A],NA,p.Asp42Arg,-0.3494628885939311,-0.3855157030756784,-0.3197371738248951,0.1237590298006144,-1.57059,1.595686030246288,1.5442530201537992,1.637891241636196
urn:mavedb:00000394-a-1#909,c.[6T>G;9G>A;12C>T;21C>T;36T>C;42C>G;72C>T;75C>T;120A>G;123T>C;124G>A;126C>A;144C>T;165G>A;168G>A;171T>G;174A>G;180G>C;198G>T;207T>C],NA,p.Asp42Lys,-1.5431786807015548,-1.6083372268180058,-1.5096145167724997,0.0407352255611472,-1.5596542,-1.8865825801283604,-25.0,-1.2195342461939946
urn:mavedb:00000394-a-1#910,c.[3C>T;6T>G;18C>T;21C>T;30G>C;42C>G;72C>T;75C>T;120A>G;123T>C;124G>A;125A>C;126C>T;141A>G;177G>A;180G>C],NA,p.Asp42Thr,-1.1857023859139288,-1.2505146937580645,-1.1263166160011335,0.0570710960525027,-1.5714893,0.2079806771053281,0.0522053412542072,0.336923704079111
urn:mavedb:00000394-a-1#911,c.[3C>T;6T>G;21C>T;36T>C;42C>G;120A>G;123T>C;124G>T;125A>C;126C>T;141A>G;177G>A;198G>T],NA,p.Asp42Ser,-1.2290143710688088,-1.291446585920061,-1.1823723284586387,0.0326400825145226,-1.5659599,0.0923731472273583,-0.0730358859110177,0.202982963017113
urn:mavedb:00000394-a-1#912,c.[9G>A;12C>T;21C>T;36T>C;42C>G;72C>T;75C>T;120A>G;123T>C;125A>C;126C>G;129G>A;138T>C;141A>G;165G>A;171T>G;174A>G;177G>A],NA,p.Asp42Ala,-1.358886488597185,-1.401412167592938,-1.3225799217650045,0.0437013121103126,-1.5760956,-0.2507059863813539,-0.4076114179734588,-0.1346284393749702
urn:mavedb:00000394-a-1#913,c.[3C>T;6T>G;21C>T;36T>C;42C>G;120A>G;123T>C;125A>G;129G>A;141A>G;165G>A;171T>G;174A>G;177G>A;198G>T;207T>C],NA,p.Asp42Gly,-1.5243948915930583,-1.6858983260062042,-1.447646561658748,0.0280314328254782,-1.5641866,-1.3594086813479398,-25.0,-0.6833588455631467
urn:mavedb:00000394-a-1#914,c.[6T>G;9G>A;12C>T;21C>T;36T>C;42C>G;69T>C;72C>T;120A>G;123T>C;124G>A;125A>T;126C>G;141A>G;165G>A;171T>G;174A>G;207T>C],NA,p.Asp42Met,-1.4863079997499935,-1.5663862547503624,-1.4308677797311973,0.0301948900860849,-1.5988779,-0.7062349940405628,-1.4819077842405248,-0.4349562275895806
urn:mavedb:00000394-a-1#915,c.[3C>T;6T>G;21C>T;36T>C;42C>G;120A>G;123T>C;124G>C;125A>T;126C>G;141A>G;165G>A;168G>A;174A>G],NA,p.Asp42Leu,-1.3364751651620757,-1.398717118372337,-1.231180274985948,0.0346234037147789,-1.5906935,-0.132511202448121,-0.3405033468074556,0.1470359866734763
urn:mavedb:00000394-a-1#916,c.[3C>T;6T>G;21C>T;36T>C;42C>G;75C>T;87T>C;90T>C;120A>G;123T>C;125A>T;126C>T;141A>G;165G>A;171T>G;174A>G;180G>C;198G>T],NA,p.Asp42Val,-1.4359717323023773,-1.473930515544179,-1.386389072222629,0.0231252690368197,-1.5738864,-0.5707161368912275,-0.783929764121816,-0.3574017139957434
urn:mavedb:00000394-a-1#917,c.[3C>T;6T>G;21C>T;36T>C;42C>G;72C>T;75C>T;102T>C;120A>G;123T>C;124G>A;125A>T;171T>G;174A>G],NA,p.Asp42Ile,-1.1961142729195011,-1.312335952568059,-1.0994235657590263,0.0750743174169875,-1.5802374,0.2041980496450058,-0.092052659111314,0.409552787402656
urn:mavedb:00000394-a-1#918,c.[3C>T;6T>G;21C>T;36T>C;42C>G;120A>G;123T>C;124G>T;125A>G;126C>G;141A>G;165G>A;171T>G;174A>G;177G>A;198G>T],NA,p.Asp42Trp,-1.1943227056220116,-1.2321836689221357,-1.133828533706218,0.0303005334427376,-1.6019688,0.2567329442976455,0.1711828230596375,0.3840746831708668
urn:mavedb:00000394-a-1#919,c.[3C>T;6T>G;21C>T;36T>C;42C>G;69T>C;72C>T;120A>G;123T>C;124G>T;138T>C;141A>G;165G>A;168G>A;177G>A],NA,p.Asp42Tyr,-1.2396529393155644,-1.2891264713491533,-1.1831639887216203,0.0283573634537124,-1.5936389,0.1338570146676118,0.0093588397128209,0.2629281232073772
urn:mavedb:00000394-a-1#920,c.[9G>A;21C>T;36T>C;42C>G;63G>C;120A>G;123T>C;124G>T;125A>T;165G>A;168G>A;177G>A;198G>T;207T>C],NA,p.Asp42Phe,-1.1272728484294778,-1.1725150179880262,-1.0559668723200453,0.0303145523044959,-1.5999002,0.3931363453702762,0.2994258746306503,0.5313579873043257
urn:mavedb:00000394-a-1#921,c.[3C>T;6T>G;12C>T;21C>T;36T>C;39C>T;42C>G;72C>T;75C>T;120A>G;124G>C;125A>C;126C>A;132C>T;135C>T;141A>G;165G>A;171T>G;174A>G;177G>A],NA,p.Asp42Pro,-1.37222420507061,-1.4032100191782535,-1.3136980003719267,0.0379728877534164,-1.5484581,-0.4013762365631403,-0.5354997267704835,-0.1928976047975674
urn:mavedb:00000394-a-1#922,c.[21C>T;39C>T;42C>G;72C>T;75C>T;120A>G;124G>T;125A>G;165G>A;171T>G;174A>G;177G>A],NA,p.Asp42Cys,-0.7110333118760659,-0.7492193135250403,-0.677492436490519,0.0420076917074783,-1.5809345,1.0780433687575626,1.018641449994382,1.129550773724235
urn:mavedb:00000394-a-1#923,c.[3C>T;6T>G;12C>T;27G>A;36T>C;42C>G;63G>C;69T>C;72C>T;75C>T;120A>G;123delinsCGGT;156T>C;165G>A;168G>A;171T>G;174A>G],NA,p.Thr41_Asp42insGly,-1.056223025024631,-1.0961764205031386,-1.014848756752316,0.0324425592358556,-1.4974537,0.328716544522555,0.2427260501519877,0.4131534454968534
urn:mavedb:00000394-a-1#924,c.[21C>T;36T>C;42C>G;72C>T;75C>T;120A>G;123delinsCGCG;138T>C;141A>G;165G>A;168G>A;171T>G;174A>G],NA,p.Thr41_Asp42insAla,-1.1599433827667398,-1.1885768777391614,-1.1139962489059425,0.0304923027293723,-1.4972978,0.093403235154879,0.0204825439481451,0.2023521456135493
urn:mavedb:00000394-a-1#925,c.[3C>T;6T>G;12C>T;21C>T;36T>C;42C>G;72C>T;75C>T;120A>G;124_126del;129G>A;138T>C;141A>G;165G>A;168G>A;177G>A],NA,p.Asp42del,-1.5058440632763697,-1.579962334511941,-1.4594992289121616,0.0491313758287573,-1.5810914,-0.9656776281727656,-3.451550531089368,-0.6552192283957934
urn:mavedb:00000394-a-1#926,c.[3C>T;6T>G;21C>T;36T>C;42C>G;72C>T;75C>T;120A>G;123T>C;126C>T;128C>A;141A>G;174A>G;180G>C],NA,p.Pro43Gln,-1.35522185879234,-1.392975516323255,-1.3140088087539346,0.0258006105116729,-1.503654,-0.5206683854336992,-0.7173657258957014,-0.3492439621077206
urn:mavedb:00000394-a-1#927,c.[3C>T;6T>G;21C>T;36T>C;42C>G;72C>T;75C>T;78C>T;120A>G;123T>C;126C>T;127C>G;128C>A;132C>T;138T>C;141A>G;165G>A;168G>A;171T>G;174A>G;177G>A],NA,p.Pro43Glu,-1.4110077967414028,-1.4755610069069949,-1.3359719596014656,0.0284159276955119,-1.4666896,-1.153710364445661,-25.0,-0.6068372958323837
urn:mavedb:00000394-a-1#928,c.[18C>T;21C>T;36T>C;42C>G;72C>T;75C>T;120A>G;123T>C;127C>A;128C>A;129G>C;144C>T;171T>G;174A>G;177G>A],NA,p.Pro43Asn,-1.335888410293899,-1.3817542414230863,-1.2382198384948644,0.0435185445961437,-1.4958286,-0.4692166751738205,-0.6974702969555001,-0.1223205745115223
urn:mavedb:00000394-a-1#929,c.[3C>T;21C>T;36T>C;42C>G;48C>T;120A>G;123T>C;128C>A;129G>C;141A>G;165G>A;171T>G;174A>G;198G>T],NA,p.Pro43His,-1.3710906170252408,-1.4280033771693017,-1.310954653417396,0.0352589130818966,-1.4875679,-0.6837024142784274,-1.1119671855235331,-0.3998468902700802
urn:mavedb:00000394-a-1#930,c.[12C>T;21C>T;36T>C;42C>G;75C>T;78C>T;84C>T;120A>G;123T>C;127C>G;128C>A;129G>C;132C>T;141A>G;183A>G;198G>T;207T>C],NA,p.Pro43Asp,-1.345967180400358,-1.3893879574878376,-1.2927155536574229,0.0309453066841551,-1.4659777,-0.6638992959934072,-0.9544815976609218,-0.4133413628026476
urn:mavedb:00000394-a-1#931,c.[3C>T;6T>G;21C>T;36T>C;42C>G;48C>T;120A>G;123T>C;128C>G;129G>T;153A>G;171T>G;174A>G;198G>T],NA,p.Pro43Arg,-1.4402431983443855,-1.5178983129625072,-1.3326129062070615,0.0434902140418628,-1.5301127,-0.8525998742579728,-2.063011891053362,-0.3200765224475161
urn:mavedb:00000394-a-1#932,c.[21C>T;36T>C;42C>G;108G>C;111G>C;123T>C;127C>A;128C>A;129G>A;138T>C;141A>G;156T>C;165G>A;171T>G;174A>G;177G>A],NA,p.Pro43Lys,-1.4212621725376091,-1.4751122019915128,-1.3864874422258393,0.0336935607610414,-1.5015664,-0.9244636341929828,-1.6052027529568336,-0.6916854122781676
urn:mavedb:00000394-a-1#933,c.[21C>T;36T>C;42C>G;72C>T;75C>T;120A>G;123T>C;127C>A;129G>C;141A>G;165G>A;171T>G;174A>G;177G>A;198G>T;207T>C],NA,p.Pro43Thr,-1.3912501893140925,-1.4802335235177548,-1.2977021135169389,0.0415205663448353,-1.5085373,-0.6791223729344752,-1.564758821421435,-0.2725728105705998
urn:mavedb:00000394-a-1#934,c.[3C>T;6T>G;21C>T;36T>C;42C>G;120A>G;123T>C;127C>T;129G>T;141A>G;144C>T;177G>A],NA,p.Pro43Ser,-1.3882939760894124,-1.4498407228376449,-1.2926745148533103,0.0516513984246247,-1.5080209,-0.6654772614826759,-1.1265547756163918,-0.257034785694229
urn:mavedb:00000394-a-1#935,c.[3C>T;6T>G;21C>T;36T>C;42C>G;63G>C;69T>C;72C>T;120A>G;123T>C;127C>G;129G>T;141A>G;144C>T;150C>T;165G>A;171T>G;174A>G;177G>A;198G>T],NA,p.Pro43Ala,-1.1116088997785196,-1.294869446482644,-0.969268276425144,0.0502450046738346,-1.5148978,0.2471689474693762,-0.2411737980328847,0.5345629203560142
urn:mavedb:00000394-a-1#936,c.[21C>T;36T>C;42C>G;69T>C;72C>T;120A>G;123T>C;127C>G;128C>G;129G>T;165G>A;171T>G;174A>G;207T>C],NA,p.Pro43Gly,-1.3875662386986474,-1.4465985667199608,-1.345566636174901,0.0331443215579152,-1.5046401,-0.6803260369395657,-1.128032725773214,-0.4729842478864715
urn:mavedb:00000394-a-1#937,c.[3C>T;21C>T;36T>C;42C>G;69T>C;72C>T;120A>G;123T>C;127C>A;128C>T;141A>G;177G>A;192C>T;195G>A;207T>C],NA,p.Pro43Met,-1.3140969115904937,-1.379537110710108,-1.166891725641468,0.0361333666989318,-1.528625,-0.2598387372171343,-0.5176532705365767,0.152309028999231
urn:mavedb:00000394-a-1#938,c.[21C>T;36T>C;42C>G;57T>G;60T>C;72C>T;75C>T;120A>G;128C>T;141A>G;144C>T;162G>C;165G>A;168G>A;171T>G;177G>A;192C>T;195G>A],NA,p.Pro43Leu,-1.2922340437241415,-1.3802088096224845,-1.239239703109701,0.0315006299326678,-1.5147238,-0.2329383773129672,-0.5875720452541305,-0.0702602286568529
urn:mavedb:00000394-a-1#939,c.[21C>T;36T>C;42C>G;69T>C;72C>T;120A>G;123T>C;127C>G;128C>T;129G>T;141A>G;171T>G;174A>G;180G>C;183A>G;198G>T],NA,p.Pro43Val,-1.343895140617347,-1.401461890038773,-1.2585265663426162,0.0253981241306814,-1.515317,-0.4208550321453314,-0.6987422955823872,-0.1247708559396217
urn:mavedb:00000394-a-1#940,c.[3C>T;6T>G;21C>T;36T>C;42C>G;120A>G;123T>C;127C>A;128C>T;129G>C;141A>G;168G>A;177G>A],NA,p.Pro43Ile,-1.4042153076494404,-1.5582584760617015,-1.320945232493952,0.0533056911437515,-1.522367,-0.6742614034299999,-25.0,-0.305850700118466
urn:mavedb:00000394-a-1#941,c.[3C>T;21C>T;36T>C;42C>G;84C>T;120A>G;127C>T;128C>G;141A>G;144C>T],NA,p.Pro43Trp,-1.1469170218777598,-1.272938594900973,-1.0796524995790635,0.0344368649567974,-1.5277009,0.1965950756602252,-0.1308596312926465,0.3429176029464193
urn:mavedb:00000394-a-1#942,c.[6T>G;9G>A;21C>T;36T>C;42C>G;60T>C;69T>C;72C>T;87T>C;99G>C;105C>T;108G>C;111G>C;120A>G;123T>C;127C>T;128C>A;129G>C;141A>G;156T>C;165G>A;171T>G;174A>G;177G>A],NA,p.Pro43Tyr,-1.1500679534288216,-1.2304458685604878,-1.0382306280931668,0.0584297757273992,-1.5198326,0.1711574668344609,-0.0314196326473427,0.4111463443940997
urn:mavedb:00000394-a-1#943,c.[6T>G;9G>A;12C>T;21C>T;36T>C;42C>G;72C>T;75C>T;78C>T;120A>G;123T>C;127C>T;128C>T;129G>C;165G>A;168G>A;177G>A;180G>C],NA,p.Pro43Phe,-1.331594194475291,-1.4562781802302474,-1.2610745226786275,0.0303364424441631,-1.532898,-0.3062774310517511,-0.9542438806841332,-0.080723489137446
urn:mavedb:00000394-a-1#944,c.[21C>T;36T>C;42C>G;48C>T;69T>C;72C>T;120A>G;123T>C;127C>T;128C>G;129G>C;141A>G;177G>A;180G>C],NA,p.Pro43Cys,-0.9460152893606036,-1.0493046268700112,-0.9012248190845618,0.0469328703247006,-1.515501,0.5786423305545347,0.380163875228608,0.6590779646965759
urn:mavedb:00000394-a-1#945,c.[6T>G;9G>A;21C>T;57T>G;69T>C;72C>T;120A>G;123T>C;126_127insGGT;165G>A;171T>G;174A>G;177G>A],NA,p.Asp42_Pro43insGly,-1.173749140141272,-1.1973929639188805,-1.1380704929299914,0.0270884035209435,-1.5185022,0.1115624917285358,0.0525628477925896,0.1957920225332037
urn:mavedb:00000394-a-1#946,c.[3C>T;6T>G;21C>T;36T>C;42C>G;78C>T;120A>G;123T>C;126_127insGCG;129G>A;141A>G;174A>G],NA,p.Asp42_Pro43insAla,-1.2823501158120394,-1.354300963983171,-1.244131462408494,0.027727153089556,-1.5301142,-0.1521381909930049,-0.4030588518363845,-0.0408079854811764
urn:mavedb:00000394-a-1#947,c.[12C>T;21C>T;36T>C;42C>G;69T>C;72C>T;120A>G;123T>C;127_129del;141A>G;165G>A;171T>G;174A>G;180G>C;198G>T;207T>C],NA,p.Pro43del,-1.54460141745882,-1.6052426884923985,-1.4793660480458335,0.0373965892621608,-1.4983902,-15.0,-25.0,-1.8014372654093969
urn:mavedb:00000394-a-1#948,c.[3C>T;6T>G;15A>G;21C>T;36T>C;42C>G;51C>T;54G>A;108G>C;111G>C;120A>G;123T>C;130T>C;131T>A;132C>G;141A>G;165G>A;171T>G;174A>G;177G>A;198G>T],NA,p.Phe44Gln,-1.200518703486402,-1.276914512347013,-1.1265765785385478,0.0270860302289283,-1.4941454,-0.0198300737997509,-0.2506154162476542,0.1660388613511865
urn:mavedb:00000394-a-1#949,c.[21C>T;54G>A;57T>G;66G>A;130T>G;131T>A;132C>A;171T>G;174A>G;177G>A],NA,p.Phe44Glu,-1.349018767942156,-1.3973068862873272,-1.2998198212072976,0.0309411571891145,-1.4670343,-0.6750154267836145,-1.0136382305724465,-0.4382508659542239
urn:mavedb:00000394-a-1#950,c.[3C>T;6T>G;21C>T;36T>C;42C>G;120A>G;123T>C;126C>T;130T>A;131T>A;141A>G;165G>A;171T>G;174A>G;198G>T],NA,p.Phe44Asn,-1.2817514422381726,-1.339498592298967,-1.192919282343982,0.0486308967231026,-1.4830284,-0.3063637016641065,-0.5436013709055721,-0.0294282465767471
urn:mavedb:00000394-a-1#951,c.[3C>T;6T>G;21C>T;36T>C;42C>G;120A>G;123T>C;126C>T;130T>C;131T>A;165G>A;171T>G;174A>G;177G>A;198G>T],NA,p.Phe44His,-1.2391793196559444,-1.3127038979450958,-1.177543178110381,0.0347914715035802,-1.484251,-0.160432388345883,-0.4203361245808023,0.0151894897029726
urn:mavedb:00000394-a-1#952,c.[3C>T;18C>T;21C>T;36T>C;42C>G;48C>T;123T>C;129G>A;130T>G;131T>A;141A>G;165G>A;171T>G;174A>G;177G>A],NA,p.Phe44Asp,-1.3400534106447886,-1.3958667426808795,-1.1837775036267943,0.047059687420363,-1.4607182,-0.6602876849054454,-1.0590245669746026,-0.0661121444090645
urn:mavedb:00000394-a-1#953,c.[21C>T;36T>C;42C>G;72C>T;75C>T;129G>A;130T>C;131T>G;132C>T;156T>C;165G>A;171T>G;174A>G;198G>T],NA,p.Phe44Arg,-1.390550739658733,-1.423219606508418,-1.343233571855613,0.0356223458820758,-1.5790887,-0.353447398577752,-0.487069323415039,-0.189407452556824
urn:mavedb:00000394-a-1#954,c.[3C>T;6T>G;21C>T;36T>C;42C>G;72C>T;75C>T;102T>C;130T>A;131T>A;132C>A;135C>T;141A>G;153A>G;165G>A;168G>A;177G>A;180G>C],NA,p.Phe44Lys,-1.396686445490892,-1.4958419904341798,-1.2751881754243606,0.0551601823207265,-1.5173664,-0.6602144498667479,-1.728139584563151,-0.1694411643416244
urn:mavedb:00000394-a-1#955,c.[6T>G;9G>A;12C>T;21C>T;36T>C;42C>G;60T>C;69T>C;120A>G;123T>C;126C>T;130T>A;131T>C;132C>T;138T>C;141A>G;168G>A;177G>A;180G>C],NA,p.Phe44Thr,-1.039585993482374,-1.1053698671542518,-0.976875472054652,0.0565011679661134,-1.4866543,0.3408973142310419,0.1977526433987529,0.4664688561042131
urn:mavedb:00000394-a-1#956,c.[3C>T;6T>G;21C>T;36T>C;42C>G;48C>T;72C>T;75C>T;105C>T;123T>C;129G>A;131T>C;132C>T;141A>G;174A>G;192C>T;195G>A],NA,p.Phe44Ser,-1.2508610740910835,-1.320225331191048,-1.1166033495325305,0.0607556264441607,-1.4804783,-0.2094697055510747,-0.467858764763263,0.1573751245980586
urn:mavedb:00000394-a-1#957,c.[6T>G;9G>A;12C>T;21C>T;36T>C;42C>G;48C>T;72C>T;75C>T;120A>G;123T>C;126C>T;130T>G;131T>C;132C>G;141A>G;165G>A;171T>G;174A>G;177G>A;198G>T;207T>C],NA,p.Phe44Ala,-1.2173420482044583,-1.2905251322996734,-1.0873932511210782,0.099221422485194,-1.4876747,-0.0850010149902571,-0.32134878193731,0.2405220888437512
urn:mavedb:00000394-a-1#958,c.[18C>T;21C>T;36T>C;39C>T;42C>G;51C>T;57T>G;69T>C;72C>T;120A>G;123T>C;129G>A;130T>G;131T>G;165G>A;171T>G;198G>T;207T>C],NA,p.Phe44Gly,-1.2163844857891677,-1.329320296141851,-1.1419810642874304,0.081319893226056,-1.4811416,-0.1011911242765714,-0.5051759148852916,0.0978665314593802
urn:mavedb:00000394-a-1#959,c.[3C>T;6T>G;12C>T;21C>T;30G>C;42C>G;130T>A;132C>G;138T>C;141A>G],NA,p.Phe44Met,-0.9940738488681388,-1.047992541988784,-0.9041105096904356,0.0713959853298623,-1.517149,0.4919933986574392,0.3861600800733001,0.6568917150192037
urn:mavedb:00000394-a-1#960,c.[18C>T;27G>A;39C>T;72C>T;75C>T;111G>C;123T>C;126C>T;129G>A;130T>C;132C>G;141A>G;165G>A;171T>G;174A>G;177G>A;180G>C],NA,p.Phe44Leu,-1.0075625683484688,-1.0765395868515797,-0.9334990480046106,0.0420567107491236,-1.5125427,0.4571555788901453,0.3177279655835851,0.5960515316172208
urn:mavedb:00000394-a-1#961,c.[3C>T;6T>G;12C>T;21C>T;36T>C;48C>T;54G>A;57T>G;60T>C;66G>A;69T>C;72C>T;120A>G;123T>C;130T>G;132C>T;135C>T;141A>G;165G>A;171T>G;174A>G;177G>A;198G>T],NA,p.Phe44Val,-0.9517881311227676,-1.0208575034563745,-0.8964749987495935,0.0431897509764811,-1.4900818,0.5208283217887787,0.3863078326776237,0.622326287670848
urn:mavedb:00000394-a-1#962,c.[27G>A;39C>T;54G>A;78C>T;99G>C;130T>A;138T>C;141A>G;165G>A;171T>G;174A>G;177G>A],NA,p.Phe44Ile,-0.8039882784659671,-0.8297875540865426,-0.7431724286094991,0.0324882181902209,-1.4944801,0.7901506954216467,0.7465126094684074,0.8905121269115867
urn:mavedb:00000394-a-1#963,c.[3C>T;9G>A;21C>T;36T>C;42C>G;63G>C;120A>G;123T>C;126C>T;131T>G;132C>G;141A>G;165G>A;168G>A;174A>G],NA,p.Phe44Trp,0.1405870089058759,0.1252822270425549,0.1616171068054208,0.0686099917571934,-1.5345812,2.227342053996642,2.206365183760142,2.256145507622476
urn:mavedb:00000394-a-1#964,c.[21C>T;36T>C;42C>G;48C>T;57T>G;69T>C;72C>T;120A>G;123T>C;131T>A;162G>C;165G>A;171T>G;174A>G;177G>A;198G>T],NA,p.Phe44Tyr,-0.6566453985645911,-0.7048593225225109,-0.5110871377866844,0.0425501065660726,-1.519103,1.0665841164750107,0.9912149745112714,1.2868384486030706
urn:mavedb:00000394-a-1#965,c.[3C>T;6T>G;12C>T;21C>T;36T>C;42C>G;75C>T;84C>T;120A>G;123T>C;126C>T;130T>C;131T>C;132C>G;174A>G;198G>T],NA,p.Phe44Pro,-1.3627443041791147,-1.421504670768438,-1.2830792646859102,0.0493633719527548,-1.4504299,-0.8683633987021174,-1.5517335041223264,-0.4376784303349054
urn:mavedb:00000394-a-1#966,c.[3C>T;6T>G;21C>T;36T>C;42C>G;72C>T;75C>T;120A>G;131T>G;141A>G;174A>G],NA,p.Phe44Cys,-0.621672483514119,-0.6696995036998666,-0.557158082392667,0.0564695242058337,-1.5051546,1.0990407247366265,1.0245604450781285,1.1971920987308131
urn:mavedb:00000394-a-1#967,c.[3C>T;12C>T;21C>T;36T>C;42C>G;48C>T;63G>C;120A>G;123T>C;126C>T;129_130insGGT;141A>G],NA,p.Pro43_Phe44insGly,-1.278493578740704,-1.3107182654736982,-1.2455646946799652,0.0230343601968451,-1.4972143,-0.2455738273287288,-0.3612094963966919,-0.1402627245079244
urn:mavedb:00000394-a-1#968,c.[21C>T;36T>C;39C>T;51C>T;120A>G;123T>C;129_130insGCT;138T>C;141A>G;177G>A],NA,p.Pro43_Phe44insAla,-1.198526122371871,-1.2620944799678615,-1.1293311362046456,0.0291833892403626,-1.5014553,0.0051777995367694,-0.1782794971162582,0.1766502923411236
urn:mavedb:00000394-a-1#969,c.[21C>T;36T>C;42C>G;72C>T;75C>T;120A>G;123T>C;126C>T;130_132del;141A>G;165G>A;171T>G;174A>G;177G>A;198G>T],NA,p.Phe44del,-1.444180307947349,-1.4934373116643629,-1.3911218407504429,0.0367727715447109,-1.4474072,-2.8410559070070605,-25.0,-1.1470423383145862
urn:mavedb:00000394-a-1#970,c.[6T>G;9G>A;12C>T;21C>T;36T>C;42C>G;48C>T;120A>G;123T>C;129G>A;133A>C;135C>A;141A>G;165G>A;171T>G;174A>G;177G>A],NA,p.Asn45Gln,-0.8656057056183838,-0.8785209553832616,-0.8575120347683414,0.0286224106172427,-1.5492043,0.7785245076767167,0.7566749930509913,0.7921304852110884
urn:mavedb:00000394-a-1#971,c.[21C>T;36T>C;42C>G;51C>T;54G>A;108G>C;120A>G;123T>C;129G>A;133A>G;135C>A;165G>A;168G>A;177G>A],NA,p.Asn45Glu,-0.7110324308603115,-0.7680320808179926,-0.6543711211303564,0.0499659415627468,-1.4986162,0.948914919933257,0.8566761632275599,1.038297929621938
urn:mavedb:00000394-a-1#972,c.[6T>G;9G>A;21C>T;51C>T;63G>C;69T>C;72C>T;123T>C;129G>A;133A>C;165G>A;171T>G;177G>A],NA,p.Asn45His,-0.3894252867024311,-0.4842607300903569,-0.3519031128787248,0.1456999159084231,-1.5177464,1.462767800051256,1.3244746244497527,1.5167933023525384
urn:mavedb:00000394-a-1#973,c.[3C>T;6T>G;21C>T;36T>C;42C>G;54G>A;57T>G;66G>A;78C>T;84C>T;120A>G;123T>C;126C>T;132C>T;133A>G;138T>C;141A>G;153A>G;165G>A;171T>G;174A>G;180G>C;198G>T],NA,p.Asn45Asp,-0.1638994511333927,-0.1741427959533356,-0.1472525043729079,0.0444259359854213,-1.4703898,1.7167071080105512,1.7022783231290048,1.740120112722791
urn:mavedb:00000394-a-1#974,c.[6T>G;9G>A;21C>T;39C>T;42C>G;51C>T;54G>A;63G>C;72C>T;75C>T;120A>G;123T>C;133A>C;134A>G;135C>T;174A>G],NA,p.Asn45Arg,-0.958596684379149,-0.9904435839084011,-0.9405472170830296,0.0230307373376252,-1.572434,0.6582750213490401,0.6013629456885472,0.6899314475359877
urn:mavedb:00000394-a-1#975,c.[3C>T;6T>G;21C>T;36T>C;42C>G;120A>G;123T>C;126C>T;129G>A;135C>A;141A>G;165G>A;171T>G;174A>G],NA,p.Asn45Lys,-1.085634556806201,-1.135857386298871,-0.941875106547366,0.0367447355174562,-1.5337124,0.3429766088385418,0.2351147251270172,0.6191292755733416
urn:mavedb:00000394-a-1#976,c.[3C>T;6T>G;12C>T;21C>T;36T>C;42C>G;48C>T;99G>C;120A>G;123T>C;134A>C;141A>G;165G>A;171T>G;174A>G;177G>A],NA,p.Asn45Thr,0.954984252440654,0.8574799794477066,1.030587801712811,0.0789366572399422,-1.5634689,3.3784076550490374,3.244334113405125,3.4829033921717807
urn:mavedb:00000394-a-1#977,c.[3C>T;6T>G;21C>T;36T>C;42C>G;72C>T;75C>T;120A>G;123T>C;126C>T;133A>T;134A>C;135C>T;141A>G;171T>G;174A>G;177G>A],NA,p.Asn45Ser,0.4111610157678794,0.3701613327270653,0.4333024698454545,0.0530224065047008,-1.5747252,2.6508734153392526,2.5950894856741846,2.6809934847685826
urn:mavedb:00000394-a-1#978,c.[3C>T;21C>T;36T>C;42C>G;51C>T;54G>A;84C>T;87T>C;120A>G;123T>C;129G>A;133A>G;134A>C;135C>T;141A>G;147G>C;165G>A;171T>G;174A>G;177G>A;180G>C;207T>C],NA,p.Asn45Ala,-1.0196045462603656,-1.0700974518886708,-0.9440117799592004,0.0498554670191888,-1.5762615,0.5550273163186384,0.4594301959000869,0.6905619762295792
urn:mavedb:00000394-a-1#979,c.[9G>A;21C>T;42C>G;48C>T;54G>A;63G>C;84C>T;105C>T;111G>C;123T>C;133A>G;134A>G;135C>T;165G>A;168G>A;171T>G;174A>G;195G>A],NA,p.Asn45Gly,-0.3170129041153828,-0.3373517024246668,-0.2540518811371947,0.063722637950632,-1.5412216,1.6001273793349695,1.5711569522810114,1.6892961527881631
urn:mavedb:00000394-a-1#980,c.[3C>T;6T>G;12C>T;21C>T;42C>G;51C>T;99G>C;123T>C;129G>A;134A>T;135C>G;138T>C;141A>G;144C>T;174A>G],NA,p.Asn45Met,-0.79528979562611,-0.8467941939754201,-0.7277608944453224,0.0535523376396834,-1.5830584,0.9491469043165184,0.8659290378052769,1.0554247182458654
urn:mavedb:00000394-a-1#981,c.[6T>G;9G>A;21C>T;36T>C;42C>G;60T>C;69T>C;72C>T;99G>C;120A>G;123T>C;126C>T;133A>C;134A>T;135C>G;141A>G],NA,p.Asn45Leu,-0.636776826281007,-0.6816025159134628,-0.5835875622476184,0.0762099657413453,-1.5524759,1.1482569837627052,1.07956901424379,1.2285134417737753
urn:mavedb:00000394-a-1#982,c.[3C>T;6T>G;21C>T;36T>C;42C>G;120A>G;123T>C;126C>T;133A>G;134A>T;135C>T;153A>G;168G>A;174A>G;180G>C],NA,p.Asn45Val,-0.8970337517292508,-0.904042756815587,-0.8891363551405768,0.0262989525755071,-1.5467434,0.7208134258835867,0.7087184927948631,0.7343741909514435
urn:mavedb:00000394-a-1#983,c.[3C>T;6T>G;15A>G;21C>T;36T>C;42C>G;51C>T;120A>G;123T>C;134A>T;165G>A;168G>A;174A>G],NA,p.Asn45Ile,-0.828177320862614,-0.8534538780694214,-0.7848941995996226,0.043998801296226,-1.5420599,0.829112840642615,0.7869542131168225,0.8999773646384391
urn:mavedb:00000394-a-1#984,c.[3C>T;6T>G;21C>T;36T>C;42C>G;120A>G;123T>C;126C>T;133A>T;134A>G;135C>G;141A>G;165G>A;171T>G;174A>G;177G>A;180G>C;198G>T],NA,p.Asn45Trp,-1.034976762968105,-1.1199430805464528,-0.9860498088667204,0.0409636535583781,-1.5662255,0.5075055732964907,0.3392353785168389,0.5980792345664041
urn:mavedb:00000394-a-1#985,c.[21C>T;36T>C;42C>G;51C>T;78C>T;84C>T;90T>C;120A>G;123T>C;133A>T;141A>G;144C>T;171T>G;174A>G;177G>A],NA,p.Asn45Tyr,-0.7935811815313475,-0.823679378926905,-0.772339427509236,0.0331143329525902,-1.5403094,0.8830334857273026,0.8336603713466142,0.9174286950193904
urn:mavedb:00000394-a-1#986,c.[21C>T;36T>C;42C>G;102T>C;120A>G;123T>C;126C>T;129G>A;133A>T;134A>T;138T>C;141A>G;165G>A;171T>G;174A>G;177G>A],NA,p.Asn45Phe,-0.7388278200780833,-0.7908100257065248,-0.7185210305024258,0.0329849654405314,-1.5533924,0.9916939024994612,0.9087293368746532,1.023605679852695
urn:mavedb:00000394-a-1#987,c.[21C>T;42C>G;72C>T;75C>T;120A>G;133A>C;134A>C;135C>G;153A>G;165G>A;168G>A;177G>A],NA,p.Asn45Pro,-1.4862863168977114,-1.5246827321392993,-1.44127307758769,0.0300145228996245,-1.5374665,-1.2056838479900882,-2.0362049356819725,-0.8087852283572202
urn:mavedb:00000394-a-1#988,c.[21C>T;36T>C;39C>T;42C>G;51C>T;120A>G;123T>C;133A>T;134A>G;138T>C;141A>G;165G>A;168G>A;171T>G;174A>G;177G>A],NA,p.Asn45Cys,-0.5145806649666981,-0.5337645796178505,-0.4983975188857343,0.0505187821382023,-1.5541201,1.3333373784019684,1.3050552603049643,1.3570988367561772
urn:mavedb:00000394-a-1#989,c.[3C>T;6T>G;21C>T;36T>C;42C>G;72C>T;75C>T;120A>G;123T>C;126C>T;132_133insGGT;138T>C;141A>G;174A>G],NA,p.Phe44_Asn45insGly,-0.3219401990450987,-0.3334271686270226,-0.3127881483955704,0.0339403056642924,-1.497437,1.5306772156690494,1.5142004369315445,1.543782942830567
urn:mavedb:00000394-a-1#990,c.[3C>T;6T>G;12C>T;21C>T;36T>C;42C>G;48C>T;78C>T;120A>G;123T>C;129G>A;132delinsTGCG;141A>G;165G>A;171T>G;174A>G;177G>A],NA,p.Phe44_Asn45insAla,-0.5612705909463329,-0.5893389122163611,-0.5489124593723738,0.0328732939975757,-1.5042286,1.1895979136219117,1.1470753959737303,1.208207361455482
urn:mavedb:00000394-a-1#991,c.[3C>T;21C>T;36T>C;42C>G;51C>T;54G>A;72C>T;75C>T;123T>C;129G>A;133_135del;141A>G;165G>A;171T>G;174A>G;177G>A],NA,p.Asn45del,-1.3562171113891617,-1.4319485166420052,-1.3111334209541012,0.042547085072314,-1.4715514,-0.6902165013172366,-1.3622825275376034,-0.467143047648019
urn:mavedb:00000394-a-1#992,c.[21C>T;36T>C;42C>G;48C>T;120A>G;123T>C;137G>A;138T>G;141A>G;165G>A;171T>G;174A>G;177G>A;198G>T],NA,p.Arg46Gln,0.613531895759431,0.5590219862988628,0.6535477339155427,0.0703640231805432,-1.4370646,2.74096723010881,2.666572781331064,2.7956037345223943
urn:mavedb:00000394-a-1#993,c.[3C>T;6T>G;21C>T;36T>C;42C>G;48C>T;123T>C;136C>G;137G>A;138T>A;141A>G;165G>A;171T>G;174A>G;177G>A;180G>C;198G>T],NA,p.Arg46Glu,0.19738007494688,0.1589391095997632,0.2766729481127757,0.0667925735973365,-1.4285889,2.1604888645877574,2.1076027265684387,2.2693073349635013
urn:mavedb:00000394-a-1#994,c.[3C>T;6T>G;12C>T;21C>T;36T>C;42C>G;51C>T;54G>A;72C>T;75C>T;99G>C;111G>C;120A>G;126C>T;135C>T;136C>A;137G>A;138T>C;141A>G;165G>A;171T>G;174A>G;177G>A],NA,p.Arg46Asn,0.860805859990416,0.832390227473637,0.8883284658236205,0.0502312500793213,-1.4359937,3.077905372670063,3.0388950066616163,3.115734555471028
urn:mavedb:00000394-a-1#995,c.[15A>G;21C>T;36T>C;42C>G;54G>A;57T>G;120A>G;123T>C;126C>T;137G>A;138T>C;141A>G;144C>T;156T>C;168G>A;177G>A;180G>C],NA,p.Arg46His,0.9152823895370484,0.831227008531323,0.9820213873768217,0.067670418993391,-1.435791,3.152557375429103,3.037026837777047,3.244636320052556
urn:mavedb:00000394-a-1#996,c.[3C>T;6T>G;21C>T;36T>C;42C>G;48C>T;54G>A;78C>T;84C>T;90T>C;93C>T;108G>C;120A>G;123T>C;126C>T;132C>T;136C>G;137G>A;138T>C;141A>G;165G>A;168G>A;171T>G;174A>G;198G>T],NA,p.Arg46Asp,0.535200587214062,0.4906334935154118,0.5632120461745844,0.0465803780081662,-1.4295473,2.623918779576041,2.5630919641377106,2.662148948503549
urn:mavedb:00000394-a-1#997,c.[15A>G;21C>T;36T>C;51C>T;69T>C;72C>T;102T>C;120A>G;136C>A;137G>A;138T>A;141A>G;165G>A;171T>G;174A>G;177G>A],NA,p.Arg46Lys,0.5668699731424821,0.4602886923798868,0.6278266901709146,0.0583058234751169,-1.4610152,2.7095796129926466,2.564223356166768,2.7927382690294538
urn:mavedb:00000394-a-1#998,c.[21C>T;36T>C;39C>T;48C>T;72C>T;75C>T;111G>C;120A>G;123T>C;126C>T;129G>A;135C>T;136C>A;137G>C;138T>C;141A>G;165G>A;171T>G;174A>G;177G>A],NA,p.Arg46Thr,-0.122355729913856,-0.1506898690525784,-0.1053543913205926,0.0468881068868083,-1.4392185,1.7313965251087924,1.691484722663097,1.755283933645984
urn:mavedb:00000394-a-1#999,c.[3C>T;6T>G;21C>T;36T>C;42C>G;72C>T;75C>T;78C>T;123T>C;126C>T;136C>T;137G>C;141A>G;165G>A;168G>A;171T>G;174A>G;177G>A;180G>C;198G>T],NA,p.Arg46Ser,0.5561810605600294,0.5010133889307791,0.5894606692720085,0.0730996628743061,-1.4406433,2.667524291154133,2.592251967957138,2.7129364055620657
urn:mavedb:00000394-a-1#1000,c.[21C>T;36T>C;42C>G;120A>G;123T>C;126C>T;136C>G;137G>C;138T>G;141A>G;171T>G;174A>G;177G>A],NA,p.Arg46Ala,0.3870132641567697,0.3541703891041599,0.4326855490185837,0.0651394075458684,-1.4457054,2.443494723393656,2.398624869674996,2.505853019986398
urn:mavedb:00000394-a-1#1001,c.[15A>G;21C>T;24C>T;36T>C;42C>G;48C>T;54G>A;120A>G;123T>C;126C>T;129G>A;136C>G;150C>T;156T>C;168G>A;177G>A],NA,p.Arg46Gly,1.382013283585457,1.3331520291896577,1.43173442040943,0.0951624973173422,-1.4414382,3.8158231002537786,3.745395757529095,3.8881531634506272
urn:mavedb:00000394-a-1#1002,c.[3C>T;6T>G;21C>T;36T>C;42C>G;48C>T;120A>G;123T>C;136C>A;137G>T;138T>G;141A>G;165G>A;168G>A;174A>G;180G>C],NA,p.Arg46Met,0.6098778521447432,0.5844490401466723,0.6436567241428872,0.0625385961593344,-1.4578671,2.764006661766068,2.7293144183357283,2.8101051251220275
urn:mavedb:00000394-a-1#1003,c.[12C>T;21C>T;27G>A;30G>C;39C>T;42C>G;120A>G;129G>A;137G>T;138T>G;165G>A;171T>G;174A>G;177G>A],NA,p.Arg46Leu,0.5169605889845215,0.4913403890499745,0.5352652695199756,0.0476382144647114,-1.4579229,2.6373400804135496,2.6023977438056365,2.6623046748247323
urn:mavedb:00000394-a-1#1004,c.[3C>T;6T>G;12C>T;21C>T;36T>C;42C>G;51C>T;108G>C;120A>G;136C>G;137G>T;141A>G;165G>A;171T>G;174A>G;177G>A],NA,p.Arg46Val,-0.700213469898922,-0.744496446811271,-0.6433533132875947,0.0366156410029615,-1.4467616,0.8828112646842453,0.8098767800892683,0.9741388184975566
urn:mavedb:00000394-a-1#1005,c.[21C>T;42C>G;51C>T;60T>C;78C>T;87T>C;102T>C;111G>C;120A>G;123T>C;136C>A;137G>T;138T>C;141A>G;165G>A;171T>G;174A>G;195G>A;207T>C],NA,p.Arg46Ile,-0.6805497254364886,-0.8389192082830121,-0.6188003511745764,0.0636972971820376,-1.4538374,0.9260536955615678,0.6602459649535668,1.0239554197851235
urn:mavedb:00000394-a-1#1006,c.[3C>T;6T>G;21C>T;36T>C;42C>G;72C>T;75C>T;120A>G;123T>C;126C>T;136C>T;138T>G;141A>G;168G>A;174A>G],NA,p.Arg46Trp,0.2056666060588815,0.168479510738453,0.2306612889868265,0.0624705976561963,-1.462503,2.218203821655979,2.167158824122372,2.2524708744899264
urn:mavedb:00000394-a-1#1007,c.[18C>T;21C>T;36T>C;42C>G;51C>T;54G>A;120A>G;123T>C;132C>T;136C>T;137G>A;138T>C;141A>G;165G>A;168G>A;171T>G;174A>G;177G>A;180G>C],NA,p.Arg46Tyr,0.533412012632656,0.4562600305025514,0.6830429017992613,0.1088767490075263,-1.4543366,2.6549380457587874,2.549698827298581,2.859134750635641
urn:mavedb:00000394-a-1#1008,c.[21C>T;36T>C;42C>G;51C>T;57T>G;72C>T;75C>T;78C>T;120A>G;123T>C;136C>T;137G>T;138T>C;141A>G;165G>A;171T>G;174A>G;177G>A;180G>C;198G>T],NA,p.Arg46Phe,0.6691262690362274,0.6070154502386081,0.7466400493381288,0.0368007955875203,-1.4605951,2.848548523031989,2.7637759101903185,2.954476719395012
urn:mavedb:00000394-a-1#1009,c.[21C>T;36T>C;42C>G;48C>T;69T>C;72C>T;120A>G;123T>C;129G>A;137G>C;138T>G;141A>G;165G>A;171T>G;174A>G;177G>A],NA,p.Arg46Pro,-0.8182013050425706,-0.8715693271721723,-0.7803095898523998,0.0329428218475326,-1.4341626,0.6620977798298103,0.5660436848038702,0.7280063188937109
urn:mavedb:00000394-a-1#1010,c.[21C>T;36T>C;42C>G;72C>T;75C>T;120A>G;136C>T;138T>C;150C>T;165G>A;171T>G;177G>A;180G>C],NA,p.Arg46Cys,0.8112219206879911,0.8043956152402679,0.8291457373068537,0.0438489886003955,-1.4527183,3.03232222552706,3.022966342921512,3.0568989109979663
urn:mavedb:00000394-a-1#1011,c.[3C>T;6T>G;21C>T;24C>T;36T>C;42C>G;48C>T;72C>T;75C>T;120A>G;123T>C;129G>A;135delinsTGGC;150C>T;168G>A;177G>A;180G>C],NA,p.Asn45_Arg46insGly,0.2153096729965863,0.1822376684977986,0.2584503393547104,0.0427476501746667,-1.5236688,2.314746867765688,2.2695040669700925,2.3736954650035544
urn:mavedb:00000394-a-1#1012,c.[3C>T;6T>G;21C>T;36T>C;42C>G;51C>T;72C>T;75C>T;120A>G;123T>C;135delinsTGCG;138T>C;141A>G;177G>A;180G>C],NA,p.Asn45_Arg46insAla,0.5261333829606352,0.4756125210221661,0.5509115747840869,0.0585373607005612,-1.5522709,2.7770379328287897,2.708281378126665,2.8107655632017168
urn:mavedb:00000394-a-1#1013,c.[6T>G;9G>A;12C>T;21C>T;36T>C;42C>G;57T>G;69T>C;75C>T;120A>G;129G>A;136_138del;141A>G;165G>A;171T>G;198G>T],NA,p.Arg46del,-1.3216365787632074,-1.373577371082314,-1.2661748077654509,0.0291787626708573,-1.4457655,-0.6414458489186509,-0.9918306413173932,-0.388016992880786
urn:mavedb:00000394-a-1#1014,c.[3C>T;6T>G;12C>T;21C>T;36T>C;42C>G;51C>T;123T>C;139C>G;165G>A;171T>G;174A>G;177G>A;198G>T],NA,p.Gln47Glu,0.4250598492825575,0.3935713917833469,0.4796638503809755,0.0652550226061073,-1.4795017,2.5411712755424234,2.498223854659591,2.615618511943877
urn:mavedb:00000394-a-1#1015,c.[3C>T;6T>G;18C>T;21C>T;36T>C;42C>G;48C>T;120A>G;123T>C;139C>A;141A>T;165G>A;171T>G;174A>G],NA,p.Gln47Asn,-0.0414859965884545,-0.0572036958846017,-0.0253595651930046,0.068034093024855,-1.5181704,1.954097463355342,1.9323087436699835,1.9764268824350413
urn:mavedb:00000394-a-1#1016,c.[15A>G;21C>T;36T>C;39C>T;42C>G;48C>T;54G>A;72C>T;75C>T;120A>G;123T>C;126C>T;141A>C;156T>C;165G>A;171T>G;174A>G;177G>A],NA,p.Gln47His,-0.0125103047084138,-0.0320549500186713,0.0243433026502381,0.0308561354559353,-1.5079632,1.9801243056050213,1.953061800778742,2.031056200298442
urn:mavedb:00000394-a-1#1017,c.[3C>T;9G>A;21C>T;36T>C;42C>G;48C>T;54G>A;63G>C;72C>T;75C>T;108G>C;111G>C;120A>G;123T>C;129G>A;139C>G;141A>C;144C>T;165G>A;168G>A],NA,p.Gln47Asp,0.1806795266313363,0.1133158631125561,0.2248576770282159,0.1055457091663539,-1.4747524,2.200648287824644,2.1080784929633065,2.261214339545456
urn:mavedb:00000394-a-1#1018,c.[12C>T;21C>T;39C>T;42C>G;51C>T;54G>A;99G>C;123T>C;140A>G;141A>T;153A>G;165G>A;168G>A;171T>G;174A>G],NA,p.Gln47Arg,-0.1290674891388458,-0.1399875079633679,-0.1233187910282369,0.0372265076263089,-1.6598854,2.0284290189443968,2.0133630202066706,2.0363560322236545
urn:mavedb:00000394-a-1#1019,c.[3C>T;6T>G;12C>T;21C>T;36T>C;42C>G;48C>T;54G>A;66G>A;120A>G;123T>C;139C>A;165G>A;168G>A;174A>G],NA,p.Gln47Lys,-0.07445213975709,-0.0898488277211775,-0.0564486703406488,0.0781558672901654,-1.5787258,1.992051695120575,1.9707584674521927,2.016921725135792
urn:mavedb:00000394-a-1#1020,c.[9G>A;12C>T;21C>T;36T>C;48C>T;72C>T;75C>T;78C>T;120A>G;123T>C;139C>A;140A>C;141A>C;156T>C;165G>A;171T>G;174A>G;177G>A;198G>T],NA,p.Gln47Thr,0.6883551939894432,0.6415852812842755,0.7926663049372304,0.0711631057829521,-1.5351324,2.975007888151743,2.911222744134775,3.1175324298831315
urn:mavedb:00000394-a-1#1021,c.[15A>G;36T>C;66G>A;75C>T;90T>C;102T>C;111G>C;120A>G;123T>C;126C>T;129G>A;138T>C;139C>T;140A>C;141A>T;150C>T;165G>A;171T>G;174A>G;177G>A;198G>T],NA,p.Gln47Ser,0.5855064894682014,0.5591777478411017,0.6246814094025975,0.0404348107749627,-1.5474672,2.8514043834831573,2.815553051674246,2.9047686602380907
urn:mavedb:00000394-a-1#1022,c.[3C>T;6T>G;18C>T;21C>T;36T>C;42C>G;48C>T;54G>A;66G>A;120A>G;123T>C;139C>G;140A>C;141A>G],NA,p.Gln47Ala,0.1913782766068363,0.1725849716631297,0.2179542971562135,0.0374455176900566,-1.5560431,2.326067524623609,2.300380427115613,2.3623672845837302
urn:mavedb:00000394-a-1#1023,c.[6T>G;9G>A;12C>T;21C>T;36T>C;42C>G;48C>T;87T>C;123T>C;129G>A;139C>G;140A>G;141A>T;147G>C;156T>C;171T>G;174A>G;177G>A;198G>T;207T>C],NA,p.Gln47Gly,-0.1500824447404141,-0.1622615930717238,-0.140727783311422,0.0322115191586994,-1.5243111,1.811546682543276,1.7945174203003456,1.8246130560472864
urn:mavedb:00000394-a-1#1024,c.[21C>T;36T>C;42C>G;51C>T;120A>G;123T>C;129G>A;139C>A;140A>T;141A>G;171T>G;174A>G;177G>A],NA,p.Gln47Met,0.1825678078095293,0.1524293163433034,0.2063820779514162,0.0889532202932215,-1.5822797,2.3496979604548063,2.308530681727233,2.382200974864304
urn:mavedb:00000394-a-1#1025,c.[3C>T;6T>G;12C>T;21C>T;36T>C;42C>G;111G>C;114C>T;120A>G;123T>C;126C>T;132C>T;140A>T;141A>C;144C>T;150C>T;165G>A;168G>A;174A>G],NA,p.Gln47Leu,-0.0664827047853433,-0.0812424662663439,-0.046829262195487,0.0533809046327894,-1.5537753,1.9686541039803145,1.948214480035113,1.9958374074663097
urn:mavedb:00000394-a-1#1026,c.[3C>T;6T>G;21C>T;36T>C;42C>G;48C>T;123T>C;139C>G;140A>T;141A>T;171T>G;174A>G;177G>A;198G>T],NA,p.Gln47Val,-0.1318061572440971,-0.14764856991113,-0.1179764767879551,0.0497317288687135,-1.5340576,1.850623409035392,1.828527976770141,1.869886018416104
urn:mavedb:00000394-a-1#1027,c.[21C>T;36T>C;42C>G;48C>T;120A>G;123T>C;139C>A;140A>T;141A>C;144C>T;165G>A;171T>G;174A>G;177G>A],NA,p.Gln47Ile,-0.1986650417798795,-0.2293606545699919,-0.1741575949259725,0.0579050052632647,-1.557693,1.7901964873366982,1.7471765030753856,1.824447818703997
urn:mavedb:00000394-a-1#1028,c.[6T>G;9G>A;21C>T;36T>C;42C>G;57T>G;69T>C;72C>T;120A>G;132C>T;139C>T;140A>G;141A>G;153A>G;168G>A;174A>G;183A>G],NA,p.Gln47Trp,-0.2248857584357327,-0.2451947718082796,-0.2157926969962937,0.0256295025527124,-1.5832977,1.789267987370833,1.7608216509769004,1.801985299644084
urn:mavedb:00000394-a-1#1029,c.[3C>T;6T>G;21C>T;42C>G;51C>T;54G>A;69T>C;72C>T;120A>G;123T>C;139C>T;141A>C;153A>G;165G>A;168G>A;171T>G;174A>G],NA,p.Gln47Tyr,-0.4287368542524785,-0.434463948475189,-0.4169580817783912,0.0280032198350742,-1.5547376,1.4593542492753506,1.451073810283065,1.476357235057289
urn:mavedb:00000394-a-1#1030,c.[15A>G;21C>T;36T>C;42C>G;51C>T;120A>G;123T>C;139C>T;140A>T;141A>C;144C>T;165G>A;171T>G;174A>G;177G>A],NA,p.Gln47Phe,-0.4937581288724799,-0.5232615851485103,-0.4735910725915279,0.0438627777924842,-1.5723896,1.3905669352860206,1.347402898388561,1.4199188779925482
urn:mavedb:00000394-a-1#1031,c.[6T>G;9G>A;12C>T;21C>T;36T>C;42C>G;48C>T;120A>G;123T>C;129G>A;140A>C;141A>G;174A>G],NA,p.Gln47Pro,-1.275488429266589,-1.4254503083057777,-1.1455379723545762,0.0551857415829661,-1.4635358,-0.3552871162637508,-1.3859695826823424,0.04460010410326
urn:mavedb:00000394-a-1#1032,c.[21C>T;36T>C;39C>T;42C>G;48C>T;51C>T;69T>C;72C>T;120A>G;123T>C;139C>T;140A>G;141A>C;171T>G;174A>G;177G>A],NA,p.Gln47Cys,-0.080020694313663,-0.103720602328378,-0.0551446764309764,0.0692475898397436,-1.5579791,1.955715602169124,1.922862568290575,1.990137791997536
urn:mavedb:00000394-a-1#1033,c.[21C>T;42C>G;54G>A;63G>C;69T>C;72C>T;138_139insGGT;141A>G;162G>C;165G>A;168G>A;171T>G;177G>A],NA,p.Arg46_Gln47insGly,0.6065270497706807,0.555529840544366,0.6338753570590552,0.0705152383527822,-1.4870801,2.798776734199101,2.729251144222604,2.8360761900599005
urn:mavedb:00000394-a-1#1034,c.[21C>T;30G>C;36T>C;39C>T;42C>G;51C>T;78C>T;105C>T;120A>G;138_139insGCG;141A>G;150C>T;165G>A;171T>G;174A>G],NA,p.Arg46_Gln47insAla,0.596281988633655,0.5587251785922815,0.6116280503749737,0.0627015213809581,-1.5134444,2.8203006556376264,2.7691262851646816,2.8412166614293364
urn:mavedb:00000394-a-1#1035,c.[3C>T;21C>T;36T>C;72C>T;75C>T;120A>G;123T>C;126C>T;139_141del;150C>T;177G>A],NA,p.Gln47del,-1.333692786773082,-1.3882636068566998,-1.297980037802249,0.0287518586059284,-1.5668683,-0.1979824323935538,-0.3919379965428046,-0.0891907626945898
urn:mavedb:00000394-a-1#1036,c.[6T>G;9G>A;21C>T;39C>T;42C>G;60T>C;72C>T;75C>T;120A>G;123T>C;126C>T;141A>G;142A>C;143C>A;144C>G;168G>A;174A>G],NA,p.Thr48Gln,0.207592593059877,0.1986982675173282,0.2313134767550744,0.0600196612208483,-1.512927,2.2895736762536267,2.277402163639143,2.3220176618045945
urn:mavedb:00000394-a-1#1037,c.[21C>T;36T>C;42C>G;54G>A;63G>C;72C>T;75C>T;123T>C;126C>T;141A>G;142A>G;143C>A;144C>A;165G>A;171T>G;198G>T],NA,p.Thr48Glu,0.3364226174402785,0.2921990550235575,0.4159148265350131,0.0802871411611211,-1.4709644,2.40864911715233,2.348215833553172,2.5171498661969527
urn:mavedb:00000394-a-1#1038,c.[6T>G;9G>A;21C>T;36T>C;39C>T;42C>G;54G>A;60T>C;66G>A;69T>C;72C>T;120A>G;132C>T;141A>G;143C>A;165G>A;171T>G;174A>G;177G>A],NA,p.Thr48Asn,0.2121171940915884,0.1684947660599445,0.2526047686295727,0.0845052372653176,-1.507194,2.2879596456317848,2.228221277545095,2.3433280300349484
urn:mavedb:00000394-a-1#1039,c.[6T>G;9G>A;12C>T;21C>T;36T>C;42C>G;120A>G;123T>C;126C>T;138T>C;141A>G;142A>C;143C>A;174A>G],NA,p.Thr48His,0.8955540932762278,0.8174276954149188,0.9341034017528602,0.1111997084967488,-1.5056057,3.219042761354713,3.1118195085895257,3.2720959805244934
urn:mavedb:00000394-a-1#1040,c.[3C>T;6T>G;21C>T;36T>C;42C>G;102T>C;129G>A;141A>G;142A>G;143C>A;165G>A;171T>G;174A>G;177G>A],NA,p.Thr48Asp,0.148270202835481,0.1301515919054656,0.1668296267896604,0.0521197681504692,-1.4772596,2.159577729397336,2.134674691865928,2.1850653387123966
urn:mavedb:00000394-a-1#1041,c.[6T>G;9G>A;15A>G;18C>T;21C>T;36T>C;51C>T;69T>C;72C>T;108G>C;120A>G;123T>C;141A>G;142A>C;143C>G;150C>T;165G>A;171T>G;174A>G;177G>A;198G>T],NA,p.Thr48Arg,0.3991231229656315,0.3645761378477152,0.4533843521386425,0.087602742608195,-1.632165,2.7119779983246377,2.66503503191544,2.7857004030388475
urn:mavedb:00000394-a-1#1042,c.[3C>T;6T>G;12C>T;21C>T;36T>C;42C>G;48C>T;72C>T;75C>T;78C>T;120A>G;123T>C;126C>T;132C>T;141A>G;143C>A;144C>A;165G>A;168G>A;177G>A],NA,p.Thr48Lys,0.2556901017716595,0.2182668450474545,0.2845907854364693,0.0364782829096104,-1.5506401,2.4065359983373527,2.3554541335699724,2.4459537789975383
urn:mavedb:00000394-a-1#1043,c.[6T>G;9G>A;12C>T;21C>T;36T>C;42C>G;72C>T;75C>T;78C>T;99G>C;120A>G;141A>G;142A>T;144C>T;180G>C],NA,p.Thr48Ser,0.2816564458819326,0.2596465593965052,0.298735561307739,0.0362267720066175,-1.5288868,2.412456165754396,2.382413649868475,2.435758211758178
urn:mavedb:00000394-a-1#1044,c.[21C>T;39C>T;42C>G;72C>T;75C>T;120A>G;141A>G;142A>G;144C>G;150C>T],NA,p.Thr48Ala,0.492736089133782,0.4417213535307286,0.51956189773503,0.054369653138363,-1.5401025,2.7151839545767755,2.6457387843873974,2.751701995801295
urn:mavedb:00000394-a-1#1045,c.[3C>T;6T>G;18C>T;21C>T;36T>C;42C>G;60T>C;84C>T;87T>C;90T>C;120A>G;132C>T;141A>G;142A>G;143C>G;144C>T;165G>A;171T>G;174A>G;177G>A;198G>T],NA,p.Thr48Gly,0.0052301352942025,-0.0132471720162777,0.0212846193535273,0.0632963597625446,-1.5254335,2.028711870925112,2.003191982960828,2.050861500422463
urn:mavedb:00000394-a-1#1046,c.[3C>T;9G>A;12C>T;21C>T;36T>C;42C>G;102T>C;120A>G;123T>C;126C>T;132C>T;138T>C;141A>G;143C>T;144C>G;150C>T;165G>A;168G>A;174A>G],NA,p.Thr48Met,0.3988964681955068,0.3757717926342341,0.4604892041412955,0.0450464434816059,-1.565588,2.621852806501304,2.590381563560638,2.705656875968524
urn:mavedb:00000394-a-1#1047,c.[3C>T;6T>G;21C>T;36T>C;42C>G;48C>T;54G>A;60T>C;120A>G;123T>C;142A>C;143C>T;165G>A;171T>G;174A>G;177G>A;198G>T],NA,p.Thr48Leu,0.5924381784155548,0.5675352042009678,0.6448366969992061,0.0475451771330898,-1.5670686,2.887209241510407,2.8533077919386205,2.9585794510838324
urn:mavedb:00000394-a-1#1048,c.[6T>G;9G>A;21C>T;36T>C;42C>G;63G>C;72C>T;75C>T;120A>G;126C>T;129G>A;141A>G;142A>G;143C>T;144C>T;153A>G;165G>A;171T>G;174A>G;177G>A;180G>C;183A>G],NA,p.Thr48Val,0.372639444183787,0.3505236452188867,0.3968897917391614,0.0323285726011507,-1.5403543,2.5520137433669263,2.5218868456834658,2.585039891751945
urn:mavedb:00000394-a-1#1049,c.[12C>T;21C>T;36T>C;42C>G;48C>T;72C>T;75C>T;120A>G;123T>C;141A>G;143C>T;165G>A;171T>G;177G>A],NA,p.Thr48Ile,0.1969242571765687,0.1435144090571892,0.2397696026126391,0.0651685595549041,-1.5560856,2.333702799594955,2.2606722972401783,2.392202309798523
urn:mavedb:00000394-a-1#1050,c.[6T>G;9G>A;12C>T;30G>C;36T>C;51C>T;84C>T;108G>C;120A>G;123T>C;129G>A;141A>G;142A>T;143C>G;144C>G;165G>A;168G>A;174A>G],NA,p.Thr48Trp,0.7887133769818637,0.6342117938420625,0.952391605288986,0.1317757429605928,-1.5545349,3.1381559057806245,2.927256496047265,3.362865102846156
urn:mavedb:00000394-a-1#1051,c.[15A>G;21C>T;27G>A;36T>C;42C>G;120A>G;126C>T;141A>G;142A>T;143C>A;165G>A;171T>G;174A>G;177G>A],NA,p.Thr48Tyr,1.157444370964007,1.1146623179522586,1.1959045047401695,0.0492317524414247,-1.5422287,3.631225516246005,3.5713855438754445,3.685249620110438
urn:mavedb:00000394-a-1#1052,c.[3C>T;6T>G;21C>T;36T>C;42C>G;48C>T;120A>G;123T>C;141A>G;142A>T;143C>T;171T>G;174A>G;177G>A;180G>C;198G>T],NA,p.Thr48Phe,1.1268633027668922,1.0838471527585596,1.180899901940876,0.059778005988901,-1.5590854,3.610985090432194,3.550998545148947,3.686699543725776
urn:mavedb:00000394-a-1#1053,c.[21C>T;42C>G;51C>T;72C>T;75C>T;120A>G;123T>C;132C>T;135C>T;141A>G;142A>C;144C>G;150C>T;177G>A],NA,p.Thr48Pro,1.018057990306822,0.9587789586581676,1.0688716264592613,0.0970622662452185,-1.485076,3.36055219488152,3.2786006887233765,3.431074752644193
urn:mavedb:00000394-a-1#1054,c.[3C>T;18C>T;21C>T;27G>A;30G>C;48C>T;120A>G;123T>C;135C>T;141A>G;142A>T;143C>G;165G>A;171T>G;174A>G;177G>A;180G>C;189G>A;198G>T],NA,p.Thr48Cys,0.4058932875007032,0.3998058004330415,0.4141313163457275,0.0618983389456785,-1.5445962,2.603029322901852,2.5947411561776903,2.614244881829928
urn:mavedb:00000394-a-1#1055,c.[21C>T;42C>G;51C>T;120A>G;123T>C;141_142insGGT;144C>T;150C>T;171T>G;174A>G;177G>A],NA,p.Gln47_Thr48insGly,-0.1354219337164879,-0.1680578935294355,-0.1197091769010257,0.0385589460457944,-1.5048151,1.8048470614856889,1.7591409207728492,1.826799964040818
urn:mavedb:00000394-a-1#1056,c.[21C>T;36T>C;42C>G;120A>G;132C>T;141delinsGGCG;177G>A],NA,p.Gln47_Thr48insAla,0.4941763131044955,0.4721151523187306,0.5100045188166069,0.0626118139041986,-1.5247765,2.696482265193746,2.6664412009745604,2.7180359992513283
urn:mavedb:00000394-a-1#1057,c.[21C>T;36T>C;42C>G;51C>T;54G>A;75C>T;87T>C;120A>G;123T>C;132C>T;141A>G;142_144del;147G>C;171T>G;174A>G;207T>C],NA,p.Thr48del,-1.3229754621906502,-1.3753507007582244,-1.265915092833391,0.0395030651702129,-1.5553231,-0.2006451848405332,-0.3865352240163534,-0.031369682244743
urn:mavedb:00000394-a-1#1058,c.[6T>G;9G>A;21C>T;39C>T;42C>G;51C>T;57T>G;72C>T;75C>T;120A>G;123T>C;132C>T;146T>A;168G>A;174A>G;180G>C],NA,p.Leu49Gln,-1.549497573519684,-1.5962747400205082,-1.4920731346886629,0.0393791995956666,-1.5193954,-15.0,-25.0,-1.5858929618859878
urn:mavedb:00000394-a-1#1059,c.[3C>T;6T>G;15A>G;21C>T;36T>C;42C>G;57T>G;63G>C;66G>A;78C>T;99G>C;105C>T;126C>T;135C>T;141A>G;145C>G;146T>A;147G>A;171T>G;174A>G],NA,p.Leu49Glu,-1.5333531470307808,-1.5680815242935089,-1.4840514964955898,0.0354517125061172,-1.5045009,-15.0,-25.0,-1.7585772546360374
urn:mavedb:00000394-a-1#1060,c.[3C>T;6T>G;12C>T;21C>T;51C>T;57T>G;84C>T;87T>C;102T>C;111G>C;120A>G;141A>G;145C>A;146T>A;147G>T;153A>G;168G>A;174A>G;180G>C],NA,p.Leu49Asn,-1.582148829460453,-1.685139425267757,-1.366352426829472,0.0427988123215426,-1.5146084,-15.0,-25.0,-0.5214835411708972
urn:mavedb:00000394-a-1#1061,c.[6T>G;9G>A;21C>T;36T>C;42C>G;48C>T;54G>A;63G>C;69T>C;72C>T;120A>G;123T>C;129G>A;141A>G;145C>G;146T>A;147G>C;165G>A;171T>G;174A>G;177G>A],NA,p.Leu49Asp,-1.2403558650526647,-1.3088648812311283,-1.099588513146924,0.0609754146940712,-1.508142,-0.0923711169822245,-0.3135987305834425,0.2587505735483946
urn:mavedb:00000394-a-1#1062,c.[3C>T;6T>G;21C>T;36T>C;42C>G;48C>T;69T>C;72C>T;120A>G;123T>C;141A>G;146T>G;147G>T;165G>A;171T>G;174A>G;177G>A;183A>G;198G>T;207T>C],NA,p.Leu49Arg,-1.5573646839890145,-1.596047964930155,-1.4770938524376631,0.0324851425859861,-1.5761075,-1.810277789344621,-25.0,-0.7900767080215532
urn:mavedb:00000394-a-1#1063,c.[21C>T;36T>C;42C>G;120A>G;141A>G;145C>A;146T>A;147G>A;177G>A;198G>T],NA,p.Leu49Lys,-1.5904947409962582,-1.6872666850128986,-1.482607898089353,0.0462160125801003,-1.5212708,-15.0,-25.0,-1.3768595035406914
urn:mavedb:00000394-a-1#1064,c.[9G>A;12C>T;21C>T;36T>C;42C>G;51C>T;69T>C;72C>T;120A>G;129G>A;141A>G;145C>A;146T>C;147G>C;168G>A;174A>G;180G>C],NA,p.Leu49Thr,-1.0374370216665203,-1.1444035228979237,-0.9823408756436772,0.0738602297149237,-1.520689,0.4144320806460915,0.1862684590478792,0.5209167552682977
urn:mavedb:00000394-a-1#1065,c.[3C>T;6T>G;21C>T;36T>C;42C>G;51C>T;72C>T;75C>T;120A>G;123T>C;141A>G;145C>T;146T>C;147G>T;165G>A;171T>G;177G>A],NA,p.Leu49Ser,-1.3827752759971594,-1.4988687460839472,-1.2584791150697356,0.0725344769903043,-1.5235987,-0.5565557926730865,-1.6454604862280973,-0.1001414063559727
urn:mavedb:00000394-a-1#1066,c.[15A>G;21C>T;36T>C;42C>G;48C>T;72C>T;75C>T;90T>C;102T>C;105C>T;111G>C;120A>G;123T>C;129G>A;144C>T;145C>G;146T>C;165G>A;171T>G;174A>G;177G>A],NA,p.Leu49Ala,-1.4208997114637172,-1.5044593775022597,-1.2585689661759405,0.0421993379495842,-1.5209827,-0.7830965752638753,-1.884865145327861,-0.1080800228829791
urn:mavedb:00000394-a-1#1067,c.[3C>T;6T>G;12C>T;21C>T;36T>C;42C>G;72C>T;75C>T;120A>G;123T>C;126C>T;141A>G;145C>G;146T>G;147G>C;171T>G;177G>A],NA,p.Leu49Gly,-1.5809831676411117,-1.629421706950949,-1.5385769668420228,0.0266638380488324,-1.5157652,-15.0,-25.0,-5.0
urn:mavedb:00000394-a-1#1068,c.[6T>G;9G>A;12C>T;21C>T;36T>C;42C>G;48C>T;51C>T;54G>A;69T>C;72C>T;120A>G;123T>C;129G>A;145C>A;165G>A;168G>A;174A>G;180G>C],NA,p.Leu49Met,-0.4796489474143339,-0.5125623869282974,-0.4561477382121516,0.0446875776345088,-1.5274482,1.345512160601995,1.297001392250737,1.3799301177712424
urn:mavedb:00000394-a-1#1069,c.[6T>G;9G>A;12C>T;21C>T;36T>C;42C>G;48C>T;54G>A;66G>A;69T>C;72C>T;120A>G;123T>C;129G>A;144C>T;145C>G;147G>T;174A>G;198G>T;207T>C],NA,p.Leu49Val,-0.6006822154948285,-0.6343737184312292,-0.5453803099155864,0.0496735236811906,-1.5197544,1.153418320880542,1.101944122267553,1.2367592453306389
urn:mavedb:00000394-a-1#1070,c.[3C>T;6T>G;21C>T;84C>T;108G>C;111G>C;120A>G;123T>C;126C>T;141A>G;145C>A;147G>C;165G>A;171T>G;174A>G;177G>A],NA,p.Leu49Ile,-0.4468178026672533,-0.4677918166761584,-0.4134959968770824,0.0362095482897775,-1.5258646,1.391239303358624,1.360581883070014,1.4396754464942043
urn:mavedb:00000394-a-1#1071,c.[21C>T;36T>C;42C>G;120A>G;129G>A;138T>C;141A>G;145C>T;146T>G;150C>T;177G>A;180G>C],NA,p.Leu49Trp,-1.152117244045134,-1.218607588477512,-1.1060325233572903,0.038853309964784,-1.5246615,0.1776178412123485,0.0134530270125521,0.2806584608739199
urn:mavedb:00000394-a-1#1072,c.[21C>T;36T>C;42C>G;48C>T;120A>G;123T>C;138T>C;141A>G;145C>T;146T>A;147G>C;165G>A;171T>G;174A>G;177G>A;198G>T],NA,p.Leu49Tyr,-1.376546823133606,-1.431479625447015,-1.3174061890129944,0.0320697323518547,-1.5187445,-0.5499546870504625,-0.871454982857883,-0.3061503681309448
urn:mavedb:00000394-a-1#1073,c.[6T>G;9G>A;12C>T;21C>T;36T>C;42C>G;120A>G;126C>T;145C>T;147G>C;174A>G],NA,p.Leu49Phe,-1.2204250058624342,-1.2714448638940137,-1.1839674451369877,0.0259156044051612,-1.5313215,0.0261711072786523,-0.1155807982637785,0.117884090627878
urn:mavedb:00000394-a-1#1074,c.[3C>T;6T>G;12C>T;36T>C;42C>G;54G>A;57T>G;69T>C;72C>T;78C>T;99G>C;120A>G;135C>T;144C>T;146T>C;147G>A;171T>G;174A>G;177G>A],NA,p.Leu49Pro,-1.5497216193393508,-1.7745664042568632,-1.38001688700571,0.0505589854387703,-1.5301132,-15.0,-25.0,-0.5130315141893474
urn:mavedb:00000394-a-1#1075,c.[21C>T;36T>C;42C>G;72C>T;75C>T;120A>G;141A>G;145C>T;146T>G;147G>C;165G>A;171T>G;180G>C],NA,p.Leu49Cys,-0.7375765028556192,-0.7557126456924067,-0.7150016789816525,0.0368277140440505,-1.5246286,0.948045241426974,0.9189637075145464,0.983916912065409
urn:mavedb:00000394-a-1#1076,c.[3C>T;6T>G;21C>T;36T>C;42C>G;120A>G;141A>G;144delinsTGGT;177G>A;186A>G],NA,p.Thr48_Leu49insGly,0.1172263551662226,0.1062609632826071,0.1484394856395194,0.0345753909280594,-1.4946914,2.1407718981860846,2.125695833310812,2.1836435519138573
urn:mavedb:00000394-a-1#1077,c.[6T>G;9G>A;12C>T;21C>T;36T>C;42C>G;69T>C;72C>T;120A>G;144_145insGCG;147G>C;153A>G;156T>C;174A>G],NA,p.Thr48_Leu49insAla,0.5389685522330232,0.5125878888455982,0.5558149223114727,0.0624567960077311,-1.502676,2.727700668147178,2.691758237802821,2.7506550556353666
urn:mavedb:00000394-a-1#1078,c.[6T>G;9G>A;12C>T;21C>T;36T>C;42C>G;48C>T;120A>G;123T>C;135C>T;141A>G;145_147del;165G>A;168G>A;177G>A],NA,p.Leu49del,-1.529556115204426,-1.56918742988455,-1.4745473777600813,0.0365240613423006,-1.5147972,-15.0,-25.0,-1.352452132373436
urn:mavedb:00000394-a-1#1079,c.[18C>T;24C>T;27G>A;39C>T;141A>G;144C>T;148A>C;149C>A;150C>G;165G>A;171T>G;174A>G;177G>A],NA,p.Thr50Gln,-0.1700680307217035,-0.1902258746962061,-0.1618419000506773,0.0348670279249761,-1.5190244,1.7762021561931352,1.74793193151468,1.7877218017027163
urn:mavedb:00000394-a-1#1080,c.[3C>T;6T>G;21C>T;36T>C;42C>G;69T>C;72C>T;120A>G;141A>G;148A>G;149C>A;150C>A;171T>G;174A>G;177G>A],NA,p.Thr50Glu,-0.1513624169121677,-0.1889293368678916,-0.1148255830814705,0.0873503408759944,-1.5093389,1.7888617757869163,1.7361750613157232,1.8399131211080333
urn:mavedb:00000394-a-1#1081,c.[9G>A;12C>T;21C>T;36T>C;42C>G;69T>C;72C>T;138T>C;141A>G;149C>A;165G>A;171T>G;174A>G;177G>A],NA,p.Thr50Asn,0.2475809152727041,0.232516794181643,0.2722230439974642,0.0374621375858801,-1.5178967,2.351007476616561,2.330420634247482,2.384665805458964
urn:mavedb:00000394-a-1#1082,c.[21C>T;39C>T;42C>G;72C>T;75C>T;78C>T;120A>G;135C>T;148A>C;149C>A;165G>A;171T>G;174A>G;177G>A],NA,p.Thr50His,0.2870095606472416,0.2634671751254167,0.3120009473790023,0.0523911536740847,-1.5071616,2.390284831267541,2.3581277711054227,2.424401775408878
urn:mavedb:00000394-a-1#1083,c.[6T>G;9G>A;21C>T;30G>C;42C>G;48C>T;57T>G;72C>T;75C>T;123T>C;132C>T;135C>T;148A>G;149C>A;153A>G;165G>A;171T>G;177G>A;195G>A],NA,p.Thr50Asp,0.3992064023505777,0.3664076098347996,0.426288640837393,0.0506081428319991,-1.512361,2.550360262044096,2.5056554649884446,2.5872619110296937
urn:mavedb:00000394-a-1#1084,c.[3C>T;6T>G;21C>T;36T>C;42C>G;48C>T;120A>G;123T>C;141A>G;148A>C;149C>G;150C>T;174A>G;198G>T],NA,p.Thr50Arg,-0.3132813078896042,-0.3385026297162147,-0.3052636214525955,0.0269895644517581,-1.5781631,1.6577352976743347,1.6220056185997314,1.6690688701605627
urn:mavedb:00000394-a-1#1085,c.[21C>T;36T>C;42C>G;48C>T;60T>C;63G>C;69T>C;72C>T;120A>G;123T>C;126C>T;132C>T;135C>T;138T>C;149C>A;150C>A;153A>G;165G>A;168G>A;171T>G;174A>G;177G>A;183A>G;195G>A;207T>C],NA,p.Thr50Lys,-0.4147811916425777,-0.4991295303587882,-0.3572536041311026,0.2248037753141053,-1.5232315,1.4340005346213058,1.310628514367895,1.5169762382359486
urn:mavedb:00000394-a-1#1086,c.[21C>T;36T>C;42C>G;48C>T;54G>A;72C>T;75C>T;102T>C;120A>G;123T>C;138T>C;141A>G;148A>T;150C>T;165G>A;168G>A;171T>G;177G>A],NA,p.Thr50Ser,0.1605980500489204,0.1481616004124439,0.1776338366114767,0.0388840668996216,-1.518775,2.233198303955996,2.216153971325737,2.256532883100213
urn:mavedb:00000394-a-1#1087,c.[21C>T;36T>C;42C>G;51C>T;84C>T;120A>G;123T>C;148A>G;150C>G;165G>A;171T>G;174A>G;177G>A],NA,p.Thr50Ala,-0.285292535051568,-0.3265590252515271,-0.2672231395303903,0.0563350166723248,-1.5317035,1.6316771106482657,1.5729937766260331,1.6572682742763802
urn:mavedb:00000394-a-1#1088,c.[3C>T;6T>G;21C>T;36T>C;42C>G;48C>T;120A>G;123T>C;138T>C;141A>G;148A>G;149C>G;150C>T;171T>G;174A>G;177G>A;198G>T],NA,p.Thr50Gly,-0.7922871896157594,-0.8243942128998324,-0.7564065030173899,0.0290903918061875,-1.5174408,0.8477371786964765,0.7944202310755318,0.906253703761469
urn:mavedb:00000394-a-1#1089,c.[6T>G;9G>A;12C>T;21C>T;30G>C;36T>C;42C>G;57T>G;69T>C;84C>T;120A>G;126C>T;138T>C;141A>G;144C>T;149C>T;150C>G;165G>A;168G>A;177G>A;180G>C;198G>T],NA,p.Thr50Met,-0.0901121739685286,-0.1067644708855494,-0.0753993138984413,0.0628722640659799,-1.5329471,1.9070892996384328,1.8839449573478304,1.9275123354056864
urn:mavedb:00000394-a-1#1090,c.[21C>T;36T>C;42C>G;120A>G;123T>C;126C>T;141A>G;148A>C;149C>T;150C>G;171T>G;174A>G;177G>A],NA,p.Thr50Leu,-0.0123069319714136,-0.0282314234157269,0.0143734868696492,0.0723716277755323,-1.5310287,2.0121986709420536,1.9901901447685355,2.049022116629457
urn:mavedb:00000394-a-1#1091,c.[3C>T;6T>G;21C>T;36T>C;42C>G;48C>T;120A>G;123T>C;141A>G;148A>G;149C>T;150C>T;165G>A;171T>G;174A>G;177G>A;198G>T],NA,p.Thr50Val,-0.0328690043188036,-0.047951459011593,-0.0106822348933166,0.0417873765097997,-1.5250435,1.975519054381028,1.9546359417863857,2.006199086972449
urn:mavedb:00000394-a-1#1092,c.[3C>T;6T>G;12C>T;21C>T;36T>C;39C>T;42C>G;54G>A;69T>C;72C>T;123T>C;126C>T;141A>G;149C>T;165G>A;168G>A;171T>G;174A>G;177G>A],NA,p.Thr50Ile,-0.1410242796999239,-0.1630793782072592,-0.1141936726960256,0.0868560287524643,-1.5316086,1.8343618486990847,1.8035586901716365,1.8717505207819407
urn:mavedb:00000394-a-1#1093,c.[12C>T;21C>T;27G>A;30G>C;39C>T;48C>T;120A>G;123T>C;138T>C;141A>G;148A>T;149C>G;150C>G;168G>A;177G>A;180G>C],NA,p.Thr50Trp,-0.0708173565676807,-0.0851204182900075,-0.0618009317116268,0.0844786676239581,-1.5365157,1.9388032736950007,1.918962395069555,1.951299607016841
urn:mavedb:00000394-a-1#1094,c.[6T>G;9G>A;21C>T;36T>C;42C>G;60T>C;72C>T;75C>T;120A>G;123T>C;126C>T;141A>G;148A>T;149C>A;165G>A;168G>A;171T>G;174A>G;177G>A],NA,p.Thr50Tyr,0.2450966569724374,0.2319919110586827,0.262065444793412,0.0527122573946289,-1.529037,2.3627488159425485,2.344846968450753,2.385919981618784
urn:mavedb:00000394-a-1#1095,c.[3C>T;6T>G;12C>T;21C>T;51C>T;120A>G;123T>C;141A>G;148A>T;149C>T;177G>A],NA,p.Thr50Phe,0.0984072358066077,0.0685390731763844,0.1148302018641779,0.0287764104538184,-1.5394154,2.1761062714056205,2.135089935036264,2.198635160505582
urn:mavedb:00000394-a-1#1096,c.[21C>T;36T>C;42C>G;72C>T;75C>T;120A>G;123T>C;126C>T;138T>C;141A>G;148A>C;150C>G;165G>A;171T>G;207T>C],NA,p.Thr50Pro,-1.323753495684298,-1.3988365785568626,-1.258988060530048,0.056665611126699,-1.5277734,-0.2965483047709409,-0.6160528905540383,-0.0894799081812275
urn:mavedb:00000394-a-1#1097,c.[6T>G;9G>A;15A>G;21C>T;36T>C;42C>G;51C>T;54G>A;72C>T;75C>T;120A>G;123T>C;129G>A;141A>G;148A>T;149C>G;162G>C;165G>A;171T>G],NA,p.Thr50Cys,-0.2459489081053795,-0.2620506776432286,-0.2319395168271175,0.045771971117457,-1.5296941,1.684492000596512,1.6617464791993624,1.704245349227968
urn:mavedb:00000394-a-1#1098,c.[6T>G;9G>A;21C>T;57T>G;60T>C;72C>T;75C>T;120A>G;123T>C;126C>T;132C>T;147_148insGGT;165G>A;171T>G;174A>G;177G>A],NA,p.Leu49_Thr50insGly,-1.3605110126709845,-1.402030208583212,-1.31347493065602,0.0418321249322823,-1.4921279,-0.6022349557837356,-0.8509652952013318,-0.3917327061227903
urn:mavedb:00000394-a-1#1099,c.[18C>T;21C>T;36T>C;42C>G;54G>A;78C>T;120A>G;138T>C;141A>G;147_148insGCG],NA,p.Leu49_Thr50insAla,-1.2508710216179169,-1.2909867677561295,-1.2068480546310791,0.0298565003359353,-1.5081911,-0.1231856492900939,-0.2507086184913876,0.0009497801464747
urn:mavedb:00000394-a-1#1100,c.[3C>T;6T>G;21C>T;36T>C;42C>G;48C>T;120A>G;123T>C;141A>G;148_150del;153A>G;162G>C;165G>A;168G>A;174A>G],NA,p.Thr50del,-1.3066758664406948,-1.3494266958627634,-1.2764735291081497,0.0256593419815847,-1.5200443,-0.2638186436155895,-0.4241558545357193,-0.1650998581940291
urn:mavedb:00000394-a-1#1101,c.[21C>T;36T>C;42C>G;48C>T;72C>T;75C>T;120A>G;123T>C;129G>A;151G>C;153A>G;165G>A;171T>G;174A>G],NA,p.Glu51Gln,-0.1974085316590424,-0.2243253664907355,-0.1772404948535177,0.0787946578598366,-1.5344911,1.7595148425011886,1.7217057194140366,1.7877728256060226
urn:mavedb:00000394-a-1#1102,c.[21C>T;36T>C;42C>G;120A>G;126C>T;144C>T;151G>A;153A>C;165G>A;168G>A;171T>G;174A>G;177G>A;180G>C],NA,p.Glu51Asn,-0.7251320156217407,-0.7672926936238152,-0.6937696377672264,0.0463183666371227,-1.5323167,0.980046804425724,0.9126852902644788,1.0293719728679
urn:mavedb:00000394-a-1#1103,c.[12C>T;21C>T;36T>C;42C>G;69T>C;72C>T;120A>G;123T>C;126C>T;141A>G;151G>C;153A>C;165G>A;171T>G;174A>G;177G>A],NA,p.Glu51His,-0.2965972872523886,-0.3025350283845038,-0.2928004716933871,0.0394628540093912,-1.5328856,1.6173111140313523,1.608876511468416,1.622700883777704
urn:mavedb:00000394-a-1#1104,c.[3C>T;6T>G;21C>T;36T>C;42C>G;48C>T;69T>C;72C>T;120A>G;123T>C;144C>T;153A>C;165G>A;171T>G;174A>G;177G>A],NA,p.Glu51Asp,-0.4360992352210189,-0.4633680551453468,-0.4291581910980713,0.0394015075481032,-1.5249572,1.405535523661196,1.3657326117944624,1.415631499266624
urn:mavedb:00000394-a-1#1105,c.[21C>T;36T>C;42C>G;87T>C;120A>G;123T>C;126C>T;151G>C;152A>G;153A>T;165G>A;171T>G;174A>G;177G>A;198G>T],NA,p.Glu51Arg,-0.5978193970342804,-0.6155786666542213,-0.5535834259108265,0.0426190774514508,-1.6745,1.3875983090156625,1.3616433109862784,1.451840848081527
urn:mavedb:00000394-a-1#1106,c.[21C>T;36T>C;42C>G;48C>T;69T>C;72C>T;120A>G;123T>C;151G>A;165G>A;171T>G;174A>G;177G>A;198G>T;207T>C],NA,p.Glu51Lys,-0.1343512313666651,-0.1585391603732455,-0.1072375260316599,0.0726438106707601,-1.6108694,1.9535460299454968,1.9200216991934893,1.9910542210605224
urn:mavedb:00000394-a-1#1107,c.[21C>T;36T>C;42C>G;63G>C;75C>T;87T>C;102T>C;120A>G;141A>G;147G>C;151G>A;152A>C;153A>T;165G>A;171T>G;174A>G;180G>C],NA,p.Glu51Thr,-0.24399427208568,-0.2654386580964537,-0.2164544836323699,0.0675936413567619,-1.5362878,1.6965331373185422,1.6662633173000074,1.7352937602013832
urn:mavedb:00000394-a-1#1108,c.[3C>T;6T>G;12C>T;21C>T;36T>C;42C>G;51C>T;99G>C;120A>G;123T>C;135C>T;151G>T;152A>C;153A>C;165G>A;171T>G;174A>G;198G>T],NA,p.Glu51Ser,0.0440162704314525,0.0228177563160565,0.0562439398180564,0.0516810810919199,-1.5378432,2.099212779626764,2.0700243313903783,2.116033895746659
urn:mavedb:00000394-a-1#1109,c.[21C>T;36T>C;42C>G;120A>G;135C>T;138T>C;141A>G;152A>C;153A>G;168G>A;177G>A;192C>T],NA,p.Glu51Ala,0.386111367342697,0.369460814144335,0.4094961326556044,0.0409991040474052,-1.5611954,2.598520848599279,2.5758560250402485,2.630347085841285
urn:mavedb:00000394-a-1#1110,c.[6T>G;9G>A;12C>T;21C>T;36T>C;42C>G;120A>G;123T>C;126C>T;138T>C;141A>G;152A>G;153A>T;165G>A;168G>A;171T>G;174A>G;177G>A],NA,p.Glu51Gly,-0.6382632027687605,-0.6765522136205372,-0.6107165992543111,0.0590337123810101,-1.5441909,1.1333790352047937,1.0745785973879467,1.175227678645566
urn:mavedb:00000394-a-1#1111,c.[9G>A;12C>T;21C>T;30G>C;36T>C;51C>T;57T>G;63G>C;72C>T;75C>T;78C>T;84C>T;93C>T;102T>C;111G>C;120A>G;129G>A;132C>T;135C>T;141A>G;151G>A;152A>T;153A>G;171T>G;174A>G;177G>A],NA,p.Glu51Met,0.0916295738238303,0.079416298010423,0.1316629627938649,0.0485144386761981,-1.5782661,2.21987627192432,2.203140802683518,2.2746754525816013
urn:mavedb:00000394-a-1#1112,c.[21C>T;36T>C;42C>G;48C>T;72C>T;75C>T;102T>C;111G>C;120A>G;123T>C;135C>T;151G>C;152A>T;153A>G;165G>A;171T>G;174A>G;177G>A;180G>C;198G>T;207T>C],NA,p.Glu51Leu,0.0900283321986588,0.0765125777279112,0.1044756275844188,0.0506828638300586,-1.579833,2.2198210383785413,2.201300535855643,2.239606597381379
urn:mavedb:00000394-a-1#1113,c.[9G>A;15A>G;21C>T;51C>T;69T>C;72C>T;120A>G;123T>C;141A>G;152A>T;153A>T;165G>A;168G>A;171T>G;177G>A;207T>C],NA,p.Glu51Val,0.3718139597528516,0.3483186016919327,0.3903974916255328,0.0446051877569231,-1.555399,2.571226260788676,2.539233245362244,2.5965254042522843
urn:mavedb:00000394-a-1#1114,c.[15A>G;30G>C;39C>T;42C>G;51C>T;120A>G;123T>C;141A>G;151G>A;152A>T;153A>C;165G>A;168G>A;177G>A],NA,p.Glu51Ile,0.3054242285088451,0.2901330392174018,0.3191430899036362,0.0407247629677855,-1.5655918,2.4945994281671022,2.473765431421787,2.51328663631539
urn:mavedb:00000394-a-1#1115,c.[6T>G;9G>A;12C>T;21C>T;36T>C;39C>T;42C>G;54G>A;57T>G;60T>C;63G>C;120A>G;126C>T;141A>G;151G>T;152A>G;153A>G;165G>A;168G>A;174A>G],NA,p.Glu51Trp,0.2333413850472043,0.1876303667920245,0.3042073851019712,0.0696055657407533,-1.6133723,2.4611180431403303,2.398825596107991,2.557578594225253
urn:mavedb:00000394-a-1#1116,c.[27G>A;30G>C;39C>T;42C>G;99G>C;120A>G;132C>T;138T>C;141A>G;151G>T;153A>C;165G>A;171T>G;174A>G;177G>A],NA,p.Glu51Tyr,-0.1547545720573268,-0.1711564942606927,-0.1247645727105077,0.0628713045264839,-1.5918932,1.898988653186642,1.8761887436702849,1.940598512270285
urn:mavedb:00000394-a-1#1117,c.[9G>A;12C>T;21C>T;36T>C;42C>G;48C>T;120A>G;123T>C;138T>C;141A>G;151G>T;152A>T;153A>C;180G>C],NA,p.Glu51Phe,-0.3550758650046194,-0.3853767538615931,-0.3288563633546796,0.0536974937996146,-1.6006379,1.630333782555658,1.5872823000692895,1.6674435182896383
urn:mavedb:00000394-a-1#1118,c.[9G>A;12C>T;18C>T;21C>T;36T>C;39C>T;42C>G;51C>T;72C>T;75C>T;78C>T;123T>C;138T>C;141A>G;150C>T;151G>C;152A>C;156T>C;165G>A;171T>G;174A>G;180G>C;198G>T;207T>C],NA,p.Glu51Pro,0.4111029918490705,0.3763675358505281,0.4493300776759242,0.0676773650153336,-1.5299025,2.590275111870307,2.5429598650505527,2.6423319958542315
urn:mavedb:00000394-a-1#1119,c.[21C>T;36T>C;42C>G;75C>T;84C>T;87T>C;120A>G;141A>G;151G>T;152A>G;153A>C;177G>A],NA,p.Glu51Cys,-0.3738979411697302,-0.3999396768517436,-0.3438757265179653,0.0533231892207554,-1.5758743,1.5683908775535371,1.5311598574966063,1.6111316233377408
urn:mavedb:00000394-a-1#1120,c.[21C>T;36T>C;42C>G;120A>G;123T>C;126C>T;138T>C;141A>G;150_151insGGT;177G>A],NA,p.Thr50_Glu51insGly,-1.1419186351102817,-1.2013353014950312,-1.1102787855224692,0.0339478947746634,-1.5026822,0.1500232376329196,0.0009615199021219,0.2229356384452658
urn:mavedb:00000394-a-1#1121,c.[21C>T;36T>C;42C>G;48C>T;72C>T;75C>T;123T>C;135C>T;150_151insGCG;153A>G;165G>A;171T>G;174A>G;177G>A],NA,p.Thr50_Glu51insAla,-1.134229187515824,-1.1886382235461803,-1.1014762603785715,0.0342778408182502,-1.50706,0.178287618543831,0.0456777943518709,0.2522301703215042
urn:mavedb:00000394-a-1#1122,c.[12C>T;21C>T;36T>C;42C>G;72C>T;75C>T;120A>G;132C>T;141A>G;151_153del;156T>C;165G>A;171T>G;174A>G;177G>A;183A>G;207T>C],NA,p.Glu51del,-1.461327757893756,-1.5128063439811272,-1.4167210666872971,0.0478364388152312,-1.544002,-0.9059679441877132,-1.5063856150402035,-0.6247128164606699
urn:mavedb:00000394-a-1#1123,c.[21C>T;36T>C;42C>G;51C>T;72C>T;75C>T;120A>G;123T>C;154T>C;155C>A;156T>G;165G>A;171T>G;174A>G;177G>A;186A>G],NA,p.Ser52Gln,0.2560947718565138,0.2420701168883031,0.2887521630213299,0.0495498758388508,-1.5235953,2.37037872415073,2.3512215385922017,2.4149616191126144
urn:mavedb:00000394-a-1#1124,c.[3C>T;6T>G;21C>T;36T>C;42C>G;69T>C;72C>T;102T>C;114C>T;120A>G;126C>T;154T>G;155C>A;156T>A;165G>A;171T>G;174A>G;177G>A;198G>T;207T>C],NA,p.Ser52Glu,0.352384183897319,0.2953974893082531,0.4001372593875903,0.0789053215135767,-1.5214081,2.4987835512505723,2.4210634388456818,2.563859231913411
urn:mavedb:00000394-a-1#1125,c.[3C>T;6T>G;15A>G;36T>C;42C>G;123T>C;126C>T;129G>A;135C>T;154T>A;155C>A;156T>C;165G>A;168G>A;174A>G],NA,p.Ser52Asn,0.2099416288058235,0.1890646827585848,0.2415773609202055,0.0391774935789242,-1.5225363,2.30586568632325,2.277305192851561,2.3491092846475974
urn:mavedb:00000394-a-1#1126,c.[21C>T;36T>C;42C>G;51C>T;84C>T;90T>C;120A>G;141A>G;154T>C;155C>A;156T>C;171T>G;174A>G;177G>A],NA,p.Ser52His,0.1109768495632799,0.0867615234290656,0.1446700876617551,0.0370920152350995,-1.5220428,2.1696076938552307,2.1363459604761825,2.2158278777832883
urn:mavedb:00000394-a-1#1127,c.[21C>T;36T>C;42C>G;72C>T;75C>T;120A>G;123T>C;126C>T;154T>G;155C>A;156T>C;165G>A;171T>G;174A>G;177G>A],NA,p.Ser52Asp,0.6263949056224762,0.586436620630875,0.6601673739472909,0.0523788494424234,-1.521205,2.8717863564588386,2.817330301232496,2.917836839003685
urn:mavedb:00000394-a-1#1128,c.[21C>T;36T>C;42C>G;48C>T;54G>A;78C>T;84C>T;120A>G;123T>C;153A>G;154T>C;155C>G;162G>C;165G>A;171T>G;174A>G;177G>A;198G>T],NA,p.Ser52Arg,-0.1757822336208007,-0.1945835451384147,-0.1506533001933933,0.066030569372396,-1.6326275,1.9262212498663929,1.900130748281481,1.961032843941284
urn:mavedb:00000394-a-1#1129,c.[3C>T;15A>G;21C>T;36T>C;42C>G;48C>T;75C>T;78C>T;102T>C;111G>C;120A>G;123T>C;135C>T;141A>G;153A>G;154T>A;155C>A;156T>A;165G>A;171T>G;174A>G;177G>A],NA,p.Ser52Lys,-0.0380516640729105,-0.0506332012554017,-0.0208838277570234,0.0361989158714372,-1.5655637,2.0241980201857928,2.0068255312271672,2.047880865254624
urn:mavedb:00000394-a-1#1130,c.[3C>T;6T>G;21C>T;36T>C;42C>G;84C>T;102T>C;120A>G;141A>G;154T>A;156T>C;165G>A;168G>A;174A>G],NA,p.Ser52Thr,0.0013713266100646,-0.0210170891579311,0.0213020512037983,0.0555127173745719,-1.5240312,2.021454525519297,1.990517992991556,2.048957942485125
urn:mavedb:00000394-a-1#1131,c.[3C>T;6T>G;12C>T;39C>T;42C>G;60T>C;72C>T;75C>T;120A>G;123T>C;126C>T;141A>G;154T>G;156T>G;165G>A;168G>A;171T>G;177G>A;180G>C;195G>A;207T>C],NA,p.Ser52Ala,0.5085085435452934,0.4831875779171638,0.5532576156230853,0.0666490455180267,-1.5353079,2.730193430021927,2.695721197755898,2.791122536430055
urn:mavedb:00000394-a-1#1132,c.[18C>T;21C>T;36T>C;42C>G;72C>T;75C>T;99G>C;102T>C;108G>C;120A>G;129G>A;141A>G;154T>G;155C>G;165G>A;168G>A;171T>G;174A>G;177G>A],NA,p.Ser52Gly,0.1171370224835267,0.0879517644437018,0.1546975518132743,0.0557241808243639,-1.5265102,2.1841688672188555,2.144097316426009,2.235664808156883
urn:mavedb:00000394-a-1#1133,c.[21C>T;36T>C;42C>G;63G>C;120A>G;123T>C;126C>T;138T>C;141A>G;154T>A;155C>T;156T>G;171T>G;174A>G;177G>A],NA,p.Ser52Met,-0.0914837059444065,-0.1125930832522403,-0.0704668705393824,0.0981439138647731,-1.5382633,1.9125489037051129,1.883214797104236,1.9417055664234848
urn:mavedb:00000394-a-1#1134,c.[6T>G;9G>A;12C>T;21C>T;36T>C;42C>G;48C>T;72C>T;75C>T;102T>C;111G>C;120A>G;123T>C;132C>T;138T>C;141A>G;154T>C;155C>T;156T>G;165G>A;168G>A;174A>G],NA,p.Ser52Leu,-0.1148732839734225,-0.158264010988454,-0.0530072243632274,0.0585564913202663,-1.538351,1.880164821986026,1.819688875251233,1.9660133887959483
urn:mavedb:00000394-a-1#1135,c.[3C>T;6T>G;21C>T;36T>C;42C>G;48C>T;69T>C;72C>T;120A>G;123T>C;141A>G;154T>G;155C>T;162G>C;165G>A;168G>A;174A>G],NA,p.Ser52Val,-0.0972073949635724,-0.1075693559801328,-0.0886192245831902,0.0439918472140697,-1.530375,1.8936656248307344,1.879255999191069,1.905599238854587
urn:mavedb:00000394-a-1#1136,c.[3C>T;6T>G;15A>G;21C>T;36T>C;42C>G;48C>T;54G>A;60T>C;69T>C;72C>T;123T>C;154T>A;155C>T;156T>C;165G>A;168G>A;174A>G],NA,p.Ser52Ile,-0.1567244601177453,-0.1638933698371599,-0.1433729895520324,0.0524618755178526,-1.5328574,1.814182023669352,1.8041629648426136,1.8328233764971216
urn:mavedb:00000394-a-1#1137,c.[3C>T;6T>G;21C>T;36T>C;42C>G;72C>T;75C>T;120A>G;155C>G;156T>G;171T>G;174A>G;177G>A;180G>C;207T>C],NA,p.Ser52Trp,0.2014858552449086,0.1622538876837355,0.2316584165240948,0.0753853854385413,-1.5679035,2.35599404028685,2.302397182800457,2.397173505624925
urn:mavedb:00000394-a-1#1138,c.[12C>T;15A>G;18C>T;21C>T;27G>A;30G>C;42C>G;51C>T;54G>A;120A>G;123T>C;138T>C;141A>G;155C>A;156T>C;168G>A;177G>A],NA,p.Ser52Tyr,0.0562728125469252,0.0450762805280949,0.0630844122511183,0.0428665361547334,-1.5517068,2.1350643280638404,2.119674908370809,2.1444225165364217
urn:mavedb:00000394-a-1#1139,c.[21C>T;36T>C;42C>G;78C>T;105C>T;123T>C;126C>T;138T>C;141A>G;155C>T;156T>C;162G>C;165G>A;168G>A;177G>A],NA,p.Ser52Phe,0.0713396841813963,0.0392656388705131,0.0976573849725031,0.0718460296923475,-1.5560455,2.161694946155966,2.1176308689169296,2.197800912378559
urn:mavedb:00000394-a-1#1140,c.[3C>T;6T>G;21C>T;36T>C;42C>G;54G>A;69T>C;72C>T;108G>C;120A>G;123T>C;126C>T;132C>T;141A>G;150C>T;154T>C;156T>A;165G>A;168G>A;183A>G],NA,p.Ser52Pro,-0.5018219986450714,-0.5113724330057824,-0.4929781075130135,0.0293315828981067,-1.5260897,1.3108693750166032,1.296753763912074,1.3239120868918286
urn:mavedb:00000394-a-1#1141,c.[6T>G;9G>A;21C>T;36T>C;42C>G;48C>T;63G>C;72C>T;75C>T;120A>G;123T>C;129G>A;141A>G;155C>G;156T>C;165G>A;168G>A;174A>G;207T>C],NA,p.Ser52Cys,-0.0752539259690052,-0.0919867764708858,-0.0537962952709637,0.0549512576927627,-1.5430784,1.941727200168924,1.9185182751243408,1.9714470888665527
urn:mavedb:00000394-a-1#1142,c.[3C>T;6T>G;21C>T;36T>C;42C>G;69T>C;72C>T;120A>G;132C>T;141A>G;153_154insGGT;174A>G],NA,p.Glu51_Ser52insGly,-1.4062006098826545,-1.4555629101127423,-1.3818965023805538,0.0316385383147535,-1.4980087,-0.8388766256174552,-1.320148920518173,-0.6857797870197434
urn:mavedb:00000394-a-1#1143,c.[3C>T;21C>T;36T>C;39C>T;54G>A;69T>C;72C>T;120A>G;123T>C;126C>T;129G>A;141A>G;144C>T;153_154insGCG;165G>A;171T>G;174A>G;177G>A],NA,p.Glu51_Ser52insAla,-1.1039159768351423,-1.144354859274088,-1.0618212832862464,0.0381721447621156,-1.5040851,0.2402673421160806,0.147574519090622,0.3308758277033054
urn:mavedb:00000394-a-1#1144,c.[3C>T;6T>G;21C>T;36T>C;42C>G;72C>T;75C>T;120A>G;141A>G;154_156del;165G>A;171T>G;174A>G;177G>A],NA,p.Ser52del,-1.4174905339326136,-1.4465433362230062,-1.36244080050267,0.0335781479807733,-1.529171,-0.7114450424913206,-0.9063246987503276,-0.4402894718924553
urn:mavedb:00000394-a-1#1145,c.[21C>T;36T>C;42C>G;105C>T;111G>C;120A>G;123T>C;126C>T;138T>C;141A>G;157A>C;158T>A;165G>A;171T>G;174A>G;177G>A],NA,p.Met53Gln,-0.0159138250573571,-0.0440322208124463,0.0012885582835347,0.055038458118352,-1.5215378,1.994136839819114,1.955222188980524,2.0179076078032887
urn:mavedb:00000394-a-1#1146,c.[21C>T;36T>C;42C>G;69T>C;72C>T;120A>G;123T>C;126C>T;138T>C;141A>G;157A>G;158T>A;159G>A;165G>A;171T>G;174A>G;177G>A],NA,p.Met53Glu,-0.1916583826253408,-0.2128269963599875,-0.181170563719704,0.0636455558794731,-1.5207477,1.7483354831742863,1.718582128787145,1.7630509962493477
urn:mavedb:00000394-a-1#1147,c.[12C>T;21C>T;27G>A;30G>C;39C>T;120A>G;132C>T;138T>C;141A>G;144C>T;153A>G;158T>A;159G>T;165G>A;171T>G;174A>G;177G>A],NA,p.Met53Asn,-0.758431129220152,-0.782377386432158,-0.6917128925628543,0.0462680245515972,-1.521347,0.9092906791953732,0.8703929983143691,1.0154268923444552
urn:mavedb:00000394-a-1#1148,c.[6T>G;9G>A;21C>T;36T>C;42C>G;51C>T;57T>G;63G>C;72C>T;75C>T;120A>G;123T>C;132C>T;141A>G;157A>C;158T>A;159G>T;171T>G;183A>G;207T>C],NA,p.Met53His,-0.988023865005369,-1.1111119404674972,-0.924295913139341,0.0534243512040848,-1.5206928,0.5102106187636662,0.2609955900934096,0.6273073357968062
urn:mavedb:00000394-a-1#1149,c.[6T>G;9G>A;12C>T;21C>T;36T>C;42C>G;48C>T;69T>C;72C>T;120A>G;123T>C;129G>A;157A>G;158T>A;159G>C;162G>C;165G>A;168G>A;174A>G],NA,p.Met53Asp,0.1715422414971733,0.1517785142220642,0.1862021328779092,0.0359027248243694,-1.5208783,2.2510580071454283,2.223981960596164,2.271129044678017
urn:mavedb:00000394-a-1#1150,c.[21C>T;36T>C;42C>G;75C>T;120A>G;141A>G;157A>C;158T>G;159G>T;171T>G;174A>G;177G>A;180G>C;198G>T],NA,p.Met53Arg,-1.1355218836501364,-1.2485214545570245,-1.0494807211739134,0.0394021235072662,-1.5608492,0.2950419399872275,0.0298972041866025,0.4695097126133055
urn:mavedb:00000394-a-1#1151,c.[3C>T;6T>G;21C>T;36T>C;42C>G;54G>A;72C>T;75C>T;120A>G;158T>A;159G>A;168G>A;171T>G;174A>G;177G>A;180G>C],NA,p.Met53Lys,-1.0182311113982163,-1.1828669212028835,-0.9480306707681514,0.0528372974853774,-1.5292096,0.4687690666384295,0.1154288719920009,0.5999135668898005
urn:mavedb:00000394-a-1#1152,c.[12C>T;21C>T;36T>C;42C>G;51C>T;72C>T;75C>T;123T>C;150C>T;153A>G;158T>C;159G>C;165G>A;168G>A],NA,p.Met53Thr,-1.2566874031788309,-1.3065547840970486,-1.1896827401823211,0.0400250039491937,-1.5220037,-0.0995661613510442,-0.2566875415998262,0.0808870368947532
urn:mavedb:00000394-a-1#1153,c.[3C>T;6T>G;21C>T;36T>C;42C>G;54G>A;60T>C;72C>T;75C>T;123T>C;126C>T;141A>G;153A>G;157A>T;158T>C;159G>T;165G>A;171T>G;174A>G;177G>A],NA,p.Met53Ser,-0.7961167703374212,-0.8107742531442593,-0.7495468001660884,0.0244770711698914,-1.521658,0.8483722667722059,0.8241555834556786,0.9241072490331396
urn:mavedb:00000394-a-1#1154,c.[6T>G;9G>A;21C>T;36T>C;42C>G;54G>A;57T>G;69T>C;72C>T;120A>G;123T>C;126C>T;141A>G;157A>G;158T>C;165G>A;168G>A;174A>G],NA,p.Met53Ala,-0.7334897326188827,-0.8023730134383661,-0.7073161500766482,0.0370153956131213,-1.5241756,0.9538436449423434,0.8422119631077439,0.9953369114842562
urn:mavedb:00000394-a-1#1155,c.[21C>T;36T>C;42C>G;48C>T;120A>G;123T>C;138T>C;141A>G;144C>T;157A>G;158T>G;159G>T;165G>A;171T>G;174A>G;177G>A;198G>T],NA,p.Met53Gly,-1.0246695832396788,-1.0416016443093348,-0.986697169531918,0.0274025504674047,-1.5219102,0.4420499520024442,0.408565346502961,0.5150132103915657
urn:mavedb:00000394-a-1#1156,c.[3C>T;6T>G;21C>T;36T>C;42C>G;120A>G;126C>T;138T>C;141A>G;157A>C;168G>A;177G>A;183A>G],NA,p.Met53Leu,-0.602477793166921,-0.6204567171805178,-0.5674865652963765,0.0253451079070211,-1.5245695,1.1579992299945694,1.1306283811748843,1.210838651840785
urn:mavedb:00000394-a-1#1157,c.[3C>T;6T>G;21C>T;36T>C;42C>G;72C>T;75C>T;120A>G;123T>C;126C>T;129G>A;141A>G;156T>C;157A>G;159G>T;162G>C;165G>A;168G>A;177G>A;180G>C],NA,p.Met53Val,-0.9235547345972052,-0.937295775970816,-0.8982930031310224,0.0259258686422848,-1.522953,0.6326693786939723,0.608011422788389,0.6773308215364243
urn:mavedb:00000394-a-1#1158,c.[21C>T;36T>C;42C>G;48C>T;120A>G;123T>C;138T>C;141A>G;153A>G;156T>C;159G>C;168G>A;171T>G;174A>G;180G>C;192C>T],NA,p.Met53Ile,-1.094626044946923,-1.25151679364622,-1.010197615142442,0.052522438141683,-1.5237045,0.3030570369382012,-0.0796761650243597,0.4736479792817705
urn:mavedb:00000394-a-1#1159,c.[21C>T;36T>C;42C>G;51C>T;72C>T;75C>T;120A>G;123T>C;138T>C;141A>G;157A>T;158T>G;165G>A;171T>G;174A>G;177G>A],NA,p.Met53Trp,-0.8524160729336918,-0.8759213438573292,-0.8174576277372086,0.025767969008939,-1.5305014,0.7692293538189843,0.7291937509668569,0.8277307654397457
urn:mavedb:00000394-a-1#1160,c.[12C>T;21C>T;36T>C;42C>G;138T>C;141A>G;144C>T;156T>C;157A>T;158T>A;159G>C;165G>A;168G>A],NA,p.Met53Tyr,-1.0907090487801294,-1.1397311457727757,-1.0577291139652207,0.0416855497766565,-1.5267029,0.3177035046537646,0.2106795895598026,0.3857870426750622
urn:mavedb:00000394-a-1#1161,c.[15A>G;21C>T;36T>C;42C>G;51C>T;120A>G;123T>C;129G>A;141A>G;157A>T;159G>T;165G>A;171T>G;174A>G;177G>A],NA,p.Met53Phe,-1.0631350936928454,-1.1482337073808984,-1.0004744867447848,0.0454501584427778,-1.5281672,0.377794687312267,0.1946482551681616,0.5007786919081366
urn:mavedb:00000394-a-1#1162,c.[6T>G;9G>A;12C>T;21C>T;30G>C;36T>C;84C>T;87T>C;120A>G;123T>C;126C>T;138T>C;141A>G;157A>C;158T>C;165G>A;168G>A;174A>G;180G>C],NA,p.Met53Pro,-1.3750580452821768,-1.4208539268164455,-1.3098383801161375,0.035194708655546,-1.5225449,-0.5250445147552073,-0.7727367912440783,-0.2660993630894616
urn:mavedb:00000394-a-1#1163,c.[3C>T;6T>G;21C>T;36T>C;42C>G;72C>T;75C>T;120A>G;141A>G;157A>T;158T>G;159G>C;165G>A;171T>G;174A>G;177G>A],NA,p.Met53Cys,-0.8850994212520548,-0.9160131704729314,-0.8159480738343944,0.0358729808178168,-1.5275202,0.7082447155609477,0.6541794726454379,0.8252934462484536
urn:mavedb:00000394-a-1#1164,c.[6T>G;9G>A;12C>T;21C>T;36T>C;42C>G;48C>T;72C>T;75C>T;78C>T;120A>G;123T>C;156_157insGGT;165G>A;171T>G;174A>G;177G>A],NA,p.Ser52_Met53insGly,-1.3648098817797365,-1.385100676910804,-1.3436501132381995,0.0287484946636521,-1.5013146,-0.5776552140211697,-0.6852014815774595,-0.4791419583834116
urn:mavedb:00000394-a-1#1165,c.[3C>T;6T>G;18C>T;21C>T;36T>C;72C>T;75C>T;120A>G;141A>G;156_157insGCG;165G>A;171T>G;174A>G;177G>A],NA,p.Ser52_Met53insAla,-1.3330483488876452,-1.396095308833222,-1.2971487183249248,0.0248227965055305,-1.5148087,-0.3795171537281596,-0.671117123964306,-0.2491649536120366
urn:mavedb:00000394-a-1#1166,c.[21C>T;36T>C;42C>G;48C>T;69T>C;72C>T;120A>G;123T>C;129G>A;141A>G;157_159del;162G>C;165G>A;168G>A;171T>G;177G>A],NA,p.Met53del,-1.5573737921894542,-1.6081057033711694,-1.4924265974718365,0.0420758309092174,-1.5277786,-15.0,-25.0,-1.4310278867415804
urn:mavedb:00000394-a-1#1167,c.[3C>T;6T>G;12C>T;21C>T;36T>C;42C>G;48C>T;78C>T;120A>G;123T>C;129G>A;138T>C;141A>G;161T>A;165G>A;168G>A;174A>G],NA,p.Leu54Gln,-1.450228565471442,-1.4778235490241236,-1.4025385753541204,0.035676264339037,-1.5236931,-0.980801320065358,-1.2728343818103478,-0.6576074957565673
urn:mavedb:00000394-a-1#1168,c.[3C>T;6T>G;15A>G;21C>T;36T>C;42C>G;54G>A;60T>C;69T>C;72C>T;78C>T;105C>T;120A>G;141A>G;160C>G;161T>A;162G>A;168G>A;171T>G;180G>C],NA,p.Leu54Glu,-1.5097385516214863,-1.6564487976195017,-1.3984065935333674,0.0674275026373517,-1.5222664,-2.048103609633034,-25.0,-0.6429070822470556
urn:mavedb:00000394-a-1#1169,c.[21C>T;36T>C;42C>G;87T>C;120A>G;126C>T;138T>C;141A>G;160C>A;161T>A;162G>C;171T>G;174A>G;177G>A],NA,p.Leu54Asn,-1.546719286513783,-1.603362505772486,-1.471324733690864,0.0408209246009449,-1.5234699,-15.0,-25.0,-1.1941907432555463
urn:mavedb:00000394-a-1#1170,c.[3C>T;6T>G;15A>G;21C>T;36T>C;42C>G;48C>T;72C>T;75C>T;120A>G;123T>C;141A>G;161T>A;162G>C;168G>A;177G>A],NA,p.Leu54His,-1.5127939506374577,-1.5637257770825246,-1.3960059116668389,0.0355565581724176,-1.5231614,-2.1593370950545365,-25.0,-0.6253691488642124
urn:mavedb:00000394-a-1#1171,c.[21C>T;36T>C;42C>G;51C>T;57T>G;108G>C;111G>C;120A>G;123T>C;129G>A;138T>C;141A>G;160C>G;161T>A;162G>C;165G>A;168G>A;177G>A],NA,p.Leu54Asp,-1.3355497925104975,-1.505869651031618,-1.2025698698376333,0.054954521809084,-1.5221348,-0.3608741906365117,-1.894172737702789,0.0486085078704014
urn:mavedb:00000394-a-1#1172,c.[3C>T;6T>G;18C>T;21C>T;36T>C;42C>G;54G>A;72C>T;75C>T;120A>G;123T>C;126C>T;141A>G;161T>G;162G>T],NA,p.Leu54Arg,-1.561520548412195,-1.6598614943290908,-1.4480038324399425,0.0392704432162483,-1.5327663,-15.0,-25.0,-0.890058827640424
urn:mavedb:00000394-a-1#1173,c.[3C>T;6T>G;21C>T;36T>C;42C>G;48C>T;72C>T;75C>T;102T>C;111G>C;120A>G;123T>C;141A>G;160C>A;161T>A;162G>A;165G>A;171T>G;174A>G;177G>A;183A>G;198G>T;207T>C],NA,p.Leu54Lys,-1.397226362468027,-1.485580282099798,-1.2931329089164536,0.0471313654865593,-1.5250282,-0.6219759182685786,-1.3646694396381205,-0.2020980916976914
urn:mavedb:00000394-a-1#1174,c.[3C>T;6T>G;18C>T;21C>T;36T>C;42C>G;48C>T;54G>A;66G>A;105C>T;108G>C;111G>C;120A>G;123T>C;129G>A;138T>C;141A>G;153A>G;160C>A;161T>C;162G>C;165G>A;168G>A;174A>G],NA,p.Leu54Thr,-1.4304709327189498,-1.4918212429877655,-1.3886445413440411,0.0392363642639095,-1.524199,-0.8255484512407318,-1.4840120155261236,-0.5823787618735586
urn:mavedb:00000394-a-1#1175,c.[21C>T;36T>C;42C>G;48C>T;69T>C;72C>T;78C>T;102T>C;111G>C;120A>G;123T>C;135C>T;138T>C;141A>G;160C>T;161T>C;162G>T;165G>A;171T>G;174A>G;177G>A],NA,p.Leu54Ser,-1.538314568365085,-1.5743549722157784,-1.4861618958194502,0.0426785397433637,-1.5248837,-15.0,-25.0,-1.375937132006232
urn:mavedb:00000394-a-1#1176,c.[3C>T;6T>G;15A>G;21C>T;36T>C;42C>G;48C>T;63G>C;72C>T;75C>T;111G>C;120A>G;123T>C;126C>T;141A>G;150C>T;160C>G;161T>C;162G>T;165G>A;171T>G;174A>G],NA,p.Leu54Ala,-1.4260120187098422,-1.5102789468204882,-1.3007750045453677,0.0470953008069375,-1.5247931,-0.7915941847789243,-1.9614117170737635,-0.227862050490587
urn:mavedb:00000394-a-1#1177,c.[3C>T;6T>G;21C>T;36T>C;42C>G;48C>T;69T>C;72C>T;120A>G;123T>C;141A>G;153A>G;160C>G;161T>G;162G>T;165G>A;171T>G;207T>C],NA,p.Leu54Gly,-1.54232664527248,-1.589517739528681,-1.4933713082123996,0.0218213214032765,-1.5236096,-15.0,-25.0,-1.5251083326934436
urn:mavedb:00000394-a-1#1178,c.[3C>T;6T>G;21C>T;36T>C;42C>G;48C>T;69T>C;72C>T;123T>C;141A>G;160C>A;165G>A;171T>G;174A>G;177G>A;198G>T],NA,p.Leu54Met,-1.0436293747195868,-1.0790490959605372,-0.961016207826648,0.0306395086121056,-1.526536,0.4137425508880571,0.3417522465236657,0.5713727865220195
urn:mavedb:00000394-a-1#1179,c.[3C>T;6T>G;21C>T;36T>C;42C>G;48C>T;120A>G;123T>C;141A>G;144C>T;160C>G;162G>T;174A>G],NA,p.Leu54Val,-1.2031982961814904,-1.25252972489626,-1.1293380944362252,0.033814519797892,-1.5238914,0.051497395003955,-0.0820479949414769,0.2277480038952907
urn:mavedb:00000394-a-1#1180,c.[6T>G;9G>A;12C>T;21C>T;36T>C;39C>T;42C>G;51C>T;54G>A;57T>G;60T>C;84C>T;87T>C;123T>C;141A>G;160C>A;162G>C;171T>G;174A>G;177G>A],NA,p.Leu54Ile,-0.6945839108389273,-0.7345162926183341,-0.6300990232126177,0.0386775957171774,-1.5249724,1.0166067879384564,0.9534766959233164,1.1164999329905752
urn:mavedb:00000394-a-1#1181,c.[21C>T;36T>C;39C>T;48C>T;72C>T;75C>T;111G>C;120A>G;126C>T;135C>T;138T>C;141A>G;160C>T;161T>G;165G>A;171T>G;174A>G;177G>A],NA,p.Leu54Trp,-1.092475472103306,-1.1819508701047643,-1.0070277173833806,0.058286345395284,-1.5252614,0.3109262750392991,0.1080391266285338,0.4827306967473267
urn:mavedb:00000394-a-1#1182,c.[21C>T;36T>C;42C>G;48C>T;54G>A;60T>C;69T>C;72C>T;123T>C;138T>C;141A>G;160C>T;161T>A;162G>C;165G>A;171T>G;174A>G;177G>A;198G>T],NA,p.Leu54Tyr,-1.3432820921973871,-1.3829755893543645,-1.2948292975080202,0.0337039414615324,-1.5242305,-0.3826956650282386,-0.554477716917256,-0.2101824339534005
urn:mavedb:00000394-a-1#1183,c.[3C>T;6T>G;21C>T;36T>C;42C>G;48C>T;120A>G;123T>C;160C>T;162G>T;165G>A;168G>A;171T>G;174A>G;177G>A],NA,p.Leu54Phe,-0.8527868756589756,-0.916847391534053,-0.7956355062062511,0.0520030597939428,-1.524828,0.7589942647170898,0.6479361527605324,0.8543729766929322
urn:mavedb:00000394-a-1#1184,c.[3C>T;6T>G;21C>T;36T>C;42C>G;120A>G;141A>G;161T>C;165G>A;168G>A;177G>A],NA,p.Leu54Pro,-1.5515513653797928,-1.595822178417352,-1.5262872762290305,0.0303469946743519,-1.5218644,-15.0,-25.0,-5.0
urn:mavedb:00000394-a-1#1185,c.[6T>G;9G>A;21C>T;36T>C;42C>G;48C>T;54G>A;57T>G;69T>C;111G>C;120A>G;123T>C;126C>T;141A>G;144C>T;156T>C;160C>T;161T>G;162G>C;165G>A;171T>G;177G>A;186A>G],NA,p.Leu54Cys,-1.0638881549307444,-1.1464837074806102,-1.0061504514470574,0.0292243692668868,-1.5274796,0.374864556380535,0.1970800570702398,0.4886549469667977
urn:mavedb:00000394-a-1#1186,c.[3C>T;6T>G;21C>T;36T>C;42C>G;69T>C;72C>T;84C>T;102T>C;111G>C;120A>G;129G>A;141A>G;159_160insGGT;174A>G],NA,p.Met53_Leu54insGly,-1.2078969213071489,-1.2377667825172745,-1.182145197854674,0.0254292035880705,-1.5054426,-0.0092305903367336,-0.0926906585946265,0.0581461360385594
urn:mavedb:00000394-a-1#1187,c.[6T>G;9G>A;21C>T;36T>C;42C>G;51C>T;60T>C;72C>T;75C>T;120A>G;123T>C;132C>T;159_160insGCG;171T>G;174A>G],NA,p.Met53_Leu54insAla,-1.4342898935852175,-1.4692149002091668,-1.3741095861919914,0.0235030642668042,-1.5115762,-0.9487589842310616,-1.3213639096710912,-0.5729081744697344
urn:mavedb:00000394-a-1#1188,c.[6T>G;9G>A;12C>T;21C>T;36T>C;42C>G;72C>T;75C>T;120A>G;141A>G;160_162del;174A>G],NA,p.Leu54del,-1.5431189180949616,-1.587585151726454,-1.5025716507771534,0.0434213822045479,-1.527657,-15.0,-25.0,-1.6369455149941756
urn:mavedb:00000394-a-1#1189,c.[21C>T;36T>C;42C>G;51C>T;69T>C;72C>T;120A>G;141A>G;156T>C;163G>C;165G>A;168G>A;171T>G;180G>C],NA,p.Glu55Gln,0.2978925541568786,0.2776081152662044,0.3094055797323731,0.0505093740741697,-1.5301361,2.4363018825175247,2.4086263896476567,2.4520047931570392
urn:mavedb:00000394-a-1#1190,c.[3C>T;6T>G;15A>G;21C>T;36T>C;42C>G;63G>C;69T>C;72C>T;102T>C;120A>G;126C>T;129G>A;141A>G;163G>A;165G>T;174A>G],NA,p.Glu55Asn,-0.4098978925573852,-0.4513461970681136,-0.3726942867158984,0.0665415639723908,-1.5291777,1.4496768210449675,1.3894616477350736,1.5033285899402906
urn:mavedb:00000394-a-1#1191,c.[3C>T;6T>G;21C>T;36T>C;42C>G;48C>T;54G>A;57T>G;69T>C;72C>T;120A>G;123T>C;141A>G;147G>C;163G>C;165G>C],NA,p.Glu55His,-0.3841846402883593,-0.4331638075296092,-0.3445950204601162,0.0422153872045195,-1.5292149,1.486849371145773,1.415991227824567,1.5436784175034488
urn:mavedb:00000394-a-1#1192,c.[3C>T;6T>G;21C>T;36T>C;42C>G;51C>T;57T>G;69T>C;72C>T;120A>G;123T>C;135C>T;138T>C;141A>G;144C>T;156T>C;165G>C;171T>G;180G>C],NA,p.Glu55Asp,-0.351728313187881,-0.3684434774602494,-0.3385747291395226,0.0453346582429853,-1.5249424,1.5273519438774792,1.5033585137549623,1.546187094405434
urn:mavedb:00000394-a-1#1193,c.[18C>T;21C>T;39C>T;51C>T;138T>C;141A>G;163G>C;164A>G;165G>T;168G>A;171T>G;174A>G;177G>A],NA,p.Glu55Arg,0.1140092518323987,0.067009677096703,0.1371756158192499,0.0595759031059922,-1.5511646,2.213551971162349,2.1490718948862795,2.2452871828353174
urn:mavedb:00000394-a-1#1194,c.[3C>T;6T>G;12C>T;21C>T;36T>C;42C>G;51C>T;54G>A;72C>T;75C>T;102T>C;111G>C;120A>G;123T>C;129G>A;132C>T;135C>T;141A>G;163G>A;165G>A;171T>G;174A>G;177G>A],NA,p.Glu55Lys,0.1416050900604103,0.0978905262455661,0.1868221034008059,0.0736335418689965,-1.5353451,2.2297791206090016,2.16983242685162,2.29167782827291
urn:mavedb:00000394-a-1#1195,c.[12C>T;21C>T;39C>T;42C>G;51C>T;72C>T;75C>T;120A>G;123T>C;129G>A;141A>G;163G>A;164A>C;165G>T;171T>G;177G>A;180G>C],NA,p.Glu55Thr,0.3070648246025691,0.2938796550980951,0.3319602092751352,0.0531741030636464,-1.532012,2.451354627708103,2.433371062763287,2.485298046582604
urn:mavedb:00000394-a-1#1196,c.[9G>A;12C>T;15A>G;18C>T;21C>T;36T>C;42C>G;48C>T;51C>T;105C>T;120A>G;123T>C;129G>A;163G>T;164A>C;165G>T;168G>A;171T>G;174A>G;177G>A;180G>C;183A>G;195G>A;207T>C],NA,p.Glu55Ser,-0.1574886124261016,-0.1847314997464383,-0.1334028889701073,0.0601544216445113,-1.5336614,1.814235324124999,1.7761239006176832,1.84784684908968
urn:mavedb:00000394-a-1#1197,c.[6T>G;9G>A;12C>T;21C>T;36T>C;42C>G;57T>G;72C>T;75C>T;120A>G;123T>C;126C>T;138T>C;141A>G;164A>C;165G>T;174A>G],NA,p.Glu55Ala,-0.1835004205766793,-0.207494329157995,-0.1709059518114616,0.0633534999272881,-1.534246,1.7786655710580794,1.745017271745068,1.796294166071965
urn:mavedb:00000394-a-1#1198,c.[21C>T;36T>C;39C>T;42C>G;75C>T;120A>G;123T>C;126C>T;129G>A;138T>C;141A>G;164A>G;165G>T;168G>A;171T>G;174A>G],NA,p.Glu55Gly,-0.9955211923782896,-1.0969794980059877,-0.8961543360178161,0.0621791437992631,-1.5320973,0.5175774658980485,0.3158536343164311,0.6970104581526103
urn:mavedb:00000394-a-1#1199,c.[6T>G;9G>A;21C>T;60T>C;72C>T;75C>T;78C>T;102T>C;111G>C;141A>G;163G>A;164A>T;174A>G],NA,p.Glu55Met,0.2345806046534592,0.19613065290034,0.2680485557831395,0.0415266693814677,-1.5421548,2.3662051383888825,2.3136733821105,2.4118862402938577
urn:mavedb:00000394-a-1#1200,c.[6T>G;9G>A;12C>T;21C>T;36T>C;42C>G;120A>G;123T>C;126C>T;141A>G;163G>C;164A>T;171T>G;174A>G;177G>A;180G>C],NA,p.Glu55Leu,-0.0670456823539941,-0.0861744576935472,-0.0302709205374653,0.0396971128756343,-1.5413976,1.950779058548056,1.9242574141217108,2.001663280686104
urn:mavedb:00000394-a-1#1201,c.[3C>T;6T>G;12C>T;21C>T;36T>C;42C>G;48C>T;54G>A;102T>C;105C>T;120A>G;123T>C;126C>T;132C>T;141A>G;164A>T;165G>T],NA,p.Glu55Val,0.5740692861541148,0.548842264491249,0.6024130492821749,0.054117452877928,-1.5346069,2.818521703310057,2.784166059195865,2.857131919490353
urn:mavedb:00000394-a-1#1202,c.[3C>T;12C>T;21C>T;36T>C;42C>G;75C>T;78C>T;120A>G;123T>C;126C>T;129G>A;141A>G;147G>C;156T>C;163G>A;164A>T;165G>C;168G>A;171T>G;174A>G;180G>C],NA,p.Glu55Ile,0.559479937918155,0.5219792388687614,0.58624812391393,0.0657603412621146,-1.5387726,2.804260439360066,2.753201250646092,2.8407159123169574
urn:mavedb:00000394-a-1#1203,c.[9G>A;21C>T;36T>C;57T>G;69T>C;72C>T;120A>G;132C>T;144C>T;147G>C;162G>C;163G>T;164A>G;174A>G;180G>C],NA,p.Glu55Trp,-0.6379648120228448,-0.6703470238953764,-0.6022564144773773,0.0707869672982806,-1.5352588,1.1201953589867333,1.0703688429561853,1.174523085541548
urn:mavedb:00000394-a-1#1204,c.[3C>T;6T>G;12C>T;21C>T;36T>C;42C>G;48C>T;54G>A;66G>A;120A>G;123T>C;129G>A;141A>G;147G>C;163G>T;165G>C;171T>G;174A>G;177G>A],NA,p.Glu55Tyr,-0.4453971719634522,-0.4851764139706437,-0.4002620203436645,0.0734554996567683,-1.5336461,1.4046356825637532,1.3464878505449356,1.4700511604718112
urn:mavedb:00000394-a-1#1205,c.[21C>T;36T>C;42C>G;48C>T;120A>G;123T>C;138T>C;141A>G;163G>T;164A>T;165G>C;171T>G;174A>G;177G>A;180G>C;198G>T;207T>C],NA,p.Glu55Phe,-0.3616440587144948,-0.3764669550854031,-0.3411500302045714,0.0471785232868358,-1.5367556,1.5300494143495993,1.5087829645283732,1.5593688133774373
urn:mavedb:00000394-a-1#1206,c.[3C>T;6T>G;21C>T;36T>C;42C>G;102T>C;120A>G;123T>C;126C>T;129G>A;163G>C;164A>C;168G>A;177G>A;180G>C],NA,p.Glu55Pro,-1.5361221050425784,-1.5653507540071794,-1.4664125319669516,0.0236490525972162,-1.5253744,-15.0,-25.0,-1.118282695557539
urn:mavedb:00000394-a-1#1207,c.[12C>T;21C>T;36T>C;42C>G;48C>T;72C>T;75C>T;120A>G;123T>C;141A>G;163G>T;164A>G;165G>C;168G>A;171T>G;177G>A;180G>C],NA,p.Glu55Cys,-0.2886072670042053,-0.3091845270320927,-0.2815737939726055,0.0462770602900599,-1.5375113,1.6351988842357137,1.6059904383982224,1.6451639196279886
urn:mavedb:00000394-a-1#1208,c.[21C>T;36T>C;42C>G;54G>A;57T>G;105C>T;114C>T;120A>G;123T>C;126C>T;129G>A;138T>C;141A>G;147G>C;156T>C;162delinsCGGT;165G>A;168G>A;177G>A],NA,p.Leu54_Glu55insGly,-1.410117400472101,-1.482514063972358,-1.3566215031121225,0.0328195179923589,-1.5016098,-0.8410933034540502,-1.7992112267770473,-0.5367129213056512
urn:mavedb:00000394-a-1#1209,c.[3C>T;6T>G;21C>T;36T>C;42C>G;54G>A;60T>C;120A>G;123T>C;126C>T;162_163insGCG;168G>A;177G>A],NA,p.Leu54_Glu55insAla,-1.451872687729009,-1.4797210657350657,-1.4234395481652915,0.0369256678098232,-1.5033817,-1.2017404698019494,-1.671816012694428,-0.9273342045870484
urn:mavedb:00000394-a-1#1210,c.[3C>T;21C>T;36T>C;42C>G;51C>T;54G>A;69T>C;72C>T;75C>T;78C>T;87T>C;120A>G;123T>C;141A>G;163_165del;177G>A],NA,p.Glu55del,-1.5247130544120642,-1.580964634457964,-1.4716047476422534,0.0410992957263317,-1.5300941,-2.5430355802994016,-25.0,-1.123272869403472
urn:mavedb:00000394-a-1#1211,c.[3C>T;15A>G;21C>T;36T>C;42C>G;108G>C;120A>G;123T>C;126C>T;135C>T;138T>C;141A>G;144C>T;165G>A;167C>A;177G>A],NA,p.Pro56Gln,-0.4758660633264291,-0.5225496191034926,-0.4289466967939728,0.0417227486594733,-1.5247517,1.3471109059974242,1.2782078930984122,1.415640535677308
urn:mavedb:00000394-a-1#1212,c.[3C>T;6T>G;15A>G;36T>C;42C>G;48C>T;51C>T;72C>T;75C>T;120A>G;123T>C;135C>T;141A>G;165G>A;166C>G;167C>A;168G>A;174A>G],NA,p.Pro56Glu,0.1227085577515336,0.1035703725157441,0.1674087547842036,0.0701475274529187,-1.5232105,2.187304382793769,2.161035548756116,2.2485765183259883
urn:mavedb:00000394-a-1#1213,c.[3C>T;6T>G;18C>T;21C>T;36T>C;42C>G;51C>T;102T>C;111G>C;120A>G;123T>C;129G>A;138T>C;144C>T;147G>C;165G>A;166C>A;167C>A;168G>C;174A>G],NA,p.Pro56Asn,-0.2105894448719347,-0.2241884419831154,-0.198685858420971,0.0497958912694201,-1.5243721,1.7268189258946929,1.7076803689360591,1.7435472840539092
urn:mavedb:00000394-a-1#1214,c.[21C>T;27G>A;30G>C;36T>C;48C>T;69T>C;72C>T;78C>T;120A>G;123T>C;132C>T;141A>G;165G>A;167C>A;168G>C;171T>G;174A>G;177G>A],NA,p.Pro56His,-0.6053632372145067,-0.6448573110224853,-0.5682171857299835,0.0529270245346972,-1.5241032,1.152908898047762,1.0925044956886796,1.2090406758414716
urn:mavedb:00000394-a-1#1215,c.[18C>T;21C>T;30G>C;36T>C;42C>G;48C>T;78C>T;120A>G;123T>C;165G>A;166C>G;167C>A;168G>C],NA,p.Pro56Asp,0.3697333188735825,0.2918012128524234,0.4250742223418031,0.0611128753187516,-1.5233688,2.525083092074767,2.4188151948211103,2.600477847373231
urn:mavedb:00000394-a-1#1216,c.[21C>T;39C>T;42C>G;72C>T;75C>T;120A>G;138T>C;141A>G;165G>A;167C>G;168G>T;177G>A],NA,p.Pro56Arg,-0.4970415740897027,-0.5452633951413725,-0.4535696239342826,0.066117614737342,-1.5545001,1.3596421078200636,1.2886032660900149,1.4230409667487105
urn:mavedb:00000394-a-1#1217,c.[15A>G;18C>T;24C>T;36T>C;42C>G;72C>T;75C>T;120A>G;129G>A;138T>C;141A>G;165G>A;166C>A;167C>A;168G>A;171T>G;174A>G;177G>A;180G>C],NA,p.Pro56Lys,-0.8336191347239639,-0.9679836363789188,-0.7738160691867426,0.045262555086504,-1.5304193,0.8006952857009821,0.565704726257611,0.8990745919242249
urn:mavedb:00000394-a-1#1218,c.[3C>T;6T>G;21C>T;36T>C;42C>G;48C>T;54G>A;60T>C;108G>C;120A>G;123T>C;129G>A;141A>G;165G>A;166C>A;168G>C;171T>G;174A>G;177G>A],NA,p.Pro56Thr,-0.4296274142360496,-0.4376838238125141,-0.4208844061621392,0.0413273896885141,-1.5250688,1.4151114904375652,1.4033910317744602,1.4278096605706103
urn:mavedb:00000394-a-1#1219,c.[3C>T;6T>G;21C>T;36T>C;42C>G;66G>A;72C>T;75C>T;129G>A;141A>G;165G>A;166C>T;168G>C;171T>G;174A>G;177G>A],NA,p.Pro56Ser,0.0306234187759346,0.0148751294393694,0.0595781521180711,0.0410797000127115,-1.5253634,2.0636396986034224,2.041924826374312,2.103513512064283
urn:mavedb:00000394-a-1#1220,c.[3C>T;21C>T;36T>C;42C>G;54G>A;69T>C;72C>T;120A>G;129G>A;141A>G;144C>T;165G>A;166C>G;171T>G;174A>G;177G>A],NA,p.Pro56Ala,0.1026330748118449,0.0290284577095072,0.1191598558289632,0.0721631725630961,-1.5264587,2.164191163984205,2.0629460711405887,2.1868738981265743
urn:mavedb:00000394-a-1#1221,c.[3C>T;6T>G;12C>T;21C>T;36T>C;42C>G;51C>T;120A>G;123T>C;141A>G;165G>A;166C>G;167C>G;168G>T;174A>G],NA,p.Pro56Gly,-0.2532038659458467,-0.2664191185361974,-0.2183447831772416,0.0550174022935533,-1.525209,1.6679229437816048,1.6492303205907937,1.7170838551582293
urn:mavedb:00000394-a-1#1222,c.[6T>G;9G>A;15A>G;21C>T;36T>C;42C>G;57T>G;60T>C;63G>C;66G>A;120A>G;126C>T;141A>G;165G>A;166C>A;167C>T;174A>G],NA,p.Pro56Met,-0.6772704932139528,-0.7038976451125962,-0.6608271275137578,0.0310401890244612,-1.5284367,1.0490500026969127,1.007421618417231,1.0745478661483172
urn:mavedb:00000394-a-1#1223,c.[3C>T;6T>G;12C>T;21C>T;36T>C;42C>G;48C>T;54G>A;66G>A;120A>G;123T>C;138T>C;141A>G;165G>A;167C>T;174A>G],NA,p.Pro56Leu,-0.548274654374804,-0.6115746918204601,-0.5153732701515891,0.0378151980010542,-1.5284181,1.245368303931144,1.1500214469561516,1.2942755117586011
urn:mavedb:00000394-a-1#1224,c.[3C>T;21C>T;39C>T;42C>G;69T>C;72C>T;120A>G;132C>T;141A>G;165G>A;166C>G;167C>T;168G>T;171T>G;174A>G],NA,p.Pro56Val,-0.7189124732137263,-0.7374385309590681,-0.7024732389647149,0.0366894213649263,-1.5261679,0.9801637116839784,0.9507214738593546,1.006096231655273
urn:mavedb:00000394-a-1#1225,c.[12C>T;27G>A;39C>T;120A>G;129G>A;138T>C;141A>G;165G>A;166C>A;167C>T;168G>C;171T>G;174A>G],NA,p.Pro56Ile,-0.7849116146731717,-0.857606022298857,-0.7482491687364327,0.0398680731712247,-1.5273747,0.876092523236848,0.7551334718508903,0.935362589077589
urn:mavedb:00000394-a-1#1226,c.[3C>T;6T>G;12C>T;21C>T;123T>C;126C>T;141A>G;165G>A;166C>T;167C>G;174A>G],NA,p.Pro56Trp,-0.6602564443190186,-0.7139122995661151,-0.5904045659775378,0.052634638053461,-1.5309296,1.079279245668492,0.99558020511852,1.1858964214358074
urn:mavedb:00000394-a-1#1227,c.[6T>G;9G>A;21C>T;36T>C;42C>G;51C>T;60T>C;66G>A;120A>G;123T>C;165G>A;166C>T;167C>A;168G>C;174A>G],NA,p.Pro56Tyr,-0.5254510522954252,-0.5969705285396913,-0.4765119709772809,0.0748933777139011,-1.528379,1.279280623974406,1.1721182636801584,1.3514808585967977
urn:mavedb:00000394-a-1#1228,c.[3C>T;6T>G;9G>A;12C>T;21C>T;36T>C;42C>G;51C>T;72C>T;75C>T;120A>G;123T>C;129G>A;141A>G;165G>A;166C>T;167C>T;168G>C;177G>A],NA,p.Pro56Phe,-0.4441146542652459,-0.4515592773684032,-0.4389932912266228,0.0303440654710132,-1.5298219,1.400940611095726,1.3900895804131017,1.4083957879597335
urn:mavedb:00000394-a-1#1229,c.[21C>T;36T>C;42C>G;72C>T;75C>T;120A>G;129G>A;141A>G;165G>A;166C>T;167C>G;168G>C;171T>G;174A>G;207T>C],NA,p.Pro56Cys,-0.3288681519351515,-0.365439432145669,-0.3031740128463518,0.0435335243401664,-1.5301466,1.5674811328198626,1.5151396382137376,1.6040806770201808
urn:mavedb:00000394-a-1#1230,c.[6T>G;9G>A;21C>T;36T>C;42C>G;60T>C;66G>A;111G>C;120A>G;126C>T;138T>C;147G>C;153A>G;165delinsAGGT;171T>G;174A>G;177G>A],NA,p.Glu55_Pro56insGly,-1.37984822075821,-1.4223692984525058,-1.3212987427008978,0.0438425678319424,-1.4981976,-0.6731496183810645,-0.9608054918575591,-0.3987081911973908
urn:mavedb:00000394-a-1#1231,c.[21C>T;36T>C;42C>G;48C>T;120A>G;123T>C;138T>C;141A>G;165delinsAGCG;168G>A;171T>G;174A>G;177G>A],NA,p.Glu55_Pro56insAla,-1.4900095107621951,-1.550099864719151,-1.410510242221824,0.0482164073315071,-1.498991,-2.243496057898433,-25.0,-0.8625868538447484
urn:mavedb:00000394-a-1#1232,c.[12C>T;21C>T;36T>C;42C>G;48C>T;120A>G;123T>C;141A>G;165G>A;166_168del;177G>A],NA,p.Pro56del,-1.2516234980340206,-1.2855894244735444,-1.1985509037515576,0.0481487282357707,-1.5307064,-0.0600782982256816,-0.1603028434555556,0.0804713453656681
urn:mavedb:00000394-a-1#1233,c.[3C>T;12C>T;21C>T;36T>C;42C>G;51C>T;54G>A;84C>T;102T>C;120A>G;126C>T;141A>G;165G>A;168G>A;169G>C;170T>A;171T>G;174A>G;177G>A],NA,p.Val57Gln,-0.2806041305038356,-0.291967333435477,-0.2558238720452595,0.0546041166725076,-1.5238476,1.6272020024871614,1.6110694381879245,1.6622978652804865
urn:mavedb:00000394-a-1#1234,c.[3C>T;6T>G;18C>T;39C>T;42C>G;60T>C;66G>A;69T>C;102T>C;105C>T;111G>C;129G>A;132C>T;135C>T;138T>C;141A>G;165G>A;170T>A;171T>G;174A>G;177G>A],NA,p.Val57Glu,-0.5814487690640265,-0.6426379013929953,-0.4699840666395786,0.0796437530294256,-1.5211954,1.1847318952572328,1.0914472782563274,1.3505291104592176
urn:mavedb:00000394-a-1#1235,c.[3C>T;6T>G;21C>T;36T>C;42C>G;48C>T;102T>C;120A>G;123T>C;141A>G;165G>A;169G>A;170T>A;171T>C;174A>G;177G>A;180G>C;183A>G;198G>T],NA,p.Val57Asn,-1.0089082435344656,-1.0516529573620996,-0.9537284674630502,0.0382545819907591,-1.5232248,0.4752071851809331,0.3910355604656583,0.5786580913379795
urn:mavedb:00000394-a-1#1236,c.[12C>T;27G>A;42C>G;51C>T;72C>T;75C>T;111G>C;120A>G;138T>C;141A>G;165G>A;168G>A;169G>C;170T>A;171T>C;174A>G;177G>A;180G>C],NA,p.Val57His,-0.6022284169084187,-0.6170692089439094,-0.5836803224332762,0.0327981307125788,-1.5220909,1.1546165621210105,1.1320184058083915,1.1827131375258209
urn:mavedb:00000394-a-1#1237,c.[12C>T;21C>T;39C>T;42C>G;51C>T;54G>A;72C>T;75C>T;120A>G;123T>C;141A>G;165G>A;170T>A;171T>C;174A>G;177G>A],NA,p.Val57Asp,-0.7470618311884631,-0.7561078095151792,-0.7406438286986842,0.0392856932639898,-1.5206089,0.9264159350385484,0.911850166427052,0.9367129620685788
urn:mavedb:00000394-a-1#1238,c.[3C>T;6T>G;12C>T;21C>T;36T>C;42C>G;72C>T;75C>T;120A>G;129G>A;141A>G;165G>A;169G>C;170T>G;177G>A],NA,p.Val57Arg,-1.255602059841313,-1.3325823126088578,-1.1288601854553542,0.0441002077589132,-1.5257893,-0.0854295637204686,-0.33590297962573,0.2330542715709624
urn:mavedb:00000394-a-1#1239,c.[21C>T;36T>C;42C>G;48C>T;60T>C;69T>C;72C>T;84C>T;120A>G;123T>C;129G>A;138T>C;141A>G;156T>C;162G>C;165G>A;169G>A;170T>A;171T>A;174A>G;180G>C],NA,p.Val57Lys,-1.2269798993194478,-1.2697464174732986,-1.1749803691939975,0.0348641190983321,-1.5222449,-0.0153931072077414,-0.1376938096282896,0.117669434634244
urn:mavedb:00000394-a-1#1240,c.[3C>T;6T>G;12C>T;21C>T;36T>C;51C>T;72C>T;75C>T;120A>G;141A>G;165G>A;169G>A;170T>C;177G>A],NA,p.Val57Thr,-1.0330388356137403,-1.054361704606138,-1.0018310880555923,0.0154975886085896,-1.5242453,0.4301876080962123,0.3876273001104764,0.4907289621250289
urn:mavedb:00000394-a-1#1241,c.[3C>T;6T>G;12C>T;21C>T;36T>C;42C>G;51C>T;69T>C;72C>T;123T>C;141A>G;165G>A;169G>T;170T>C;174A>G;177G>A],NA,p.Val57Ser,-1.017050650035222,-1.034565554362876,-0.983686264230323,0.0237809470955629,-1.5237923,0.4605709702273589,0.4262791759469876,0.5242177342913336
urn:mavedb:00000394-a-1#1242,c.[6T>G;9G>A;21C>T;57T>G;72C>T;75C>T;120A>G;123T>C;126C>T;129G>A;141A>G;165G>A;168G>A;170T>C;171T>G;174A>G;177G>A],NA,p.Val57Ala,-0.6401996114940557,-0.673532858012395,-0.596762677507976,0.091779843554188,-1.5258274,1.102317841628808,1.0508069480191682,1.1685719560888883
urn:mavedb:00000394-a-1#1243,c.[12C>T;21C>T;36T>C;39C>T;42C>G;54G>A;108G>C;120A>G;123T>C;126C>T;138T>C;141A>G;165G>A;170T>G;174A>G;177G>A],NA,p.Val57Gly,-1.314429499595569,-1.3767064618846332,-1.2658902161100618,0.031969465664756,-1.5235558,-0.2785292481189129,-0.5280070085705844,-0.1221575242096031
urn:mavedb:00000394-a-1#1244,c.[3C>T;15A>G;21C>T;36T>C;42C>G;51C>T;60T>C;63G>C;69T>C;72C>T;120A>G;126C>T;129G>A;138T>C;141A>G;144C>T;156T>C;165G>A;169G>A;171T>G],NA,p.Val57Met,0.6412895080546959,0.5330154446622876,0.7399869389790639,0.0931367172226775,-1.5260558,2.8986155969058123,2.7510958115506323,3.0333143126401785
urn:mavedb:00000394-a-1#1245,c.[12C>T;21C>T;51C>T;69T>C;72C>T;111G>C;120A>G;135C>T;165G>A;169G>C;171T>G;174A>G;177G>A],NA,p.Val57Leu,0.1973219342075639,0.1712183192113664,0.2675316593609933,0.0660312223040227,-1.5250773,2.2920630431397786,2.256337898276312,2.38800767846822
urn:mavedb:00000394-a-1#1246,c.[21C>T;24C>T;27G>A;39C>T;42C>G;48C>T;72C>T;75C>T;120A>G;123T>C;129G>A;169G>A;171T>C;174A>G;177G>A],NA,p.Val57Ile,-0.1364409698829427,-0.1611805680687172,-0.1216256660511557,0.0624254154809132,-1.5255299,1.8322940058937736,1.7977311042737258,1.8529537463498924
urn:mavedb:00000394-a-1#1247,c.[3C>T;6T>G;12C>T;21C>T;36T>C;42C>G;51C>T;69T>C;72C>T;120A>G;123T>C;129G>A;141A>G;165G>A;169G>T;170T>G;171T>G;174A>G;177G>A],NA,p.Val57Trp,-0.6793262308362875,-0.7117088037286159,-0.6202116514389242,0.0544177499004312,-1.5275402,1.04445639782662,0.9937130118105572,1.1355325756814931
urn:mavedb:00000394-a-1#1248,c.[3C>T;6T>G;12C>T;21C>T;48C>T;57T>G;72C>T;75C>T;120A>G;123T>C;129G>A;144C>T;165G>A;169G>T;170T>A;171T>C;174A>G],NA,p.Val57Tyr,-0.4615966098298386,-0.4681239187090521,-0.4556149084099094,0.045783054917308,-1.526247,1.3702104768126129,1.3606550174904366,1.3789554588190318
urn:mavedb:00000394-a-1#1249,c.[3C>T;6T>G;18C>T;21C>T;36T>C;42C>G;57T>G;99G>C;105C>T;108G>C;114C>T;120A>G;123T>C;126C>T;141A>G;165G>A;169G>T;171T>C;174A>G;177G>A],NA,p.Val57Phe,-0.4910042857967691,-0.5092471558713842,-0.4712281057949305,0.0364067046075435,-1.5275745,1.329003397060122,1.302091363760701,1.358049842047898
urn:mavedb:00000394-a-1#1250,c.[21C>T;36T>C;42C>G;48C>T;69T>C;72C>T;120A>G;123T>C;141A>G;144C>T;165G>A;168G>A;169G>C;170T>C;171T>G;174A>G;177G>A],NA,p.Val57Pro,-1.4708404190282771,-1.5746224517010063,-1.3124351980799078,0.0444160154974542,-1.5250359,-1.1704253452011075,-25.0,-0.2664649145491099
urn:mavedb:00000394-a-1#1251,c.[21C>T;27G>A;36T>C;42C>G;69T>C;120A>G;123T>C;126C>T;141A>G;165G>A;169G>T;170T>G;171T>C;174A>G;177G>A;207T>C],NA,p.Val57Cys,0.3668191037324562,0.3562459178881064,0.3865279108390991,0.0495557169767312,-1.5276442,2.5268955185762767,2.512486985832071,2.553748536271579
urn:mavedb:00000394-a-1#1252,c.[21C>T;36T>C;39C>T;51C>T;54G>A;60T>C;66G>A;72C>T;75C>T;120A>G;123T>C;132C>T;138T>C;141A>G;165G>A;168_169insGGT;177G>A],NA,p.Pro56_Val57insGly,-1.4233651614656095,-1.4691803261923029,-1.373106398054652,0.0403124927182197,-1.4984322,-0.9671809138628584,-1.5450071055791694,-0.6350524965071679
urn:mavedb:00000394-a-1#1253,c.[3C>T;6T>G;15A>G;21C>T;36T>C;42C>G;54G>A;72C>T;75C>T;129G>A;138T>C;141A>G;165G>A;168_169insGCT;171T>G;174A>G;177G>A],NA,p.Pro56_Val57insAla,-1.5289920771381151,-1.5969432738676208,-1.4626782983296938,0.034221542419484,-1.5006204,-15.0,-25.0,-1.3882601783953643
urn:mavedb:00000394-a-1#1254,c.[21C>T;36T>C;42C>G;72C>T;75C>T;120A>G;141A>G;165G>A;169_171del;174A>G;177G>A],NA,p.Val57del,-1.5617029746147,-1.6209690712950464,-1.518860623118495,0.0337843814306368,-1.5303383,-15.0,-25.0,-2.099588286792064
urn:mavedb:00000394-a-1#1255,c.[3C>T;21C>T;39C>T;42C>G;72C>T;75C>T;78C>T;120A>G;123T>C;126C>T;141A>G;173C>A;177G>A],NA,p.Pro58Gln,-0.1649677993540848,-0.1955222912264532,-0.1430039300240498,0.071033402943434,-1.5243659,1.7908072684012382,1.747980727317289,1.8215112149478323
urn:mavedb:00000394-a-1#1256,c.[3C>T;12C>T;21C>T;36T>C;42C>G;48C>T;120A>G;123T>C;141A>G;165G>A;171T>G;172C>G;173C>A],NA,p.Pro58Glu,-0.1873375100074717,-0.208954775221182,-0.1740656250471157,0.057283189036765,-1.5202856,1.753752940438303,1.7233811822116183,1.7723644515723294
urn:mavedb:00000394-a-1#1257,c.[3C>T;12C>T;21C>T;36T>C;42C>G;102T>C;105C>T;114C>T;120A>G;123T>C;126C>T;129G>A;132C>T;162G>C;165G>A;168G>A;172C>A;173C>A;174A>T;177G>A],NA,p.Pro58Asn,-0.1559282584267976,-0.2071126336675099,-0.1388355182874839,0.0671556325579292,-1.5238042,1.802668154760683,1.730910421444284,1.826548675538599
urn:mavedb:00000394-a-1#1258,c.[3C>T;6T>G;21C>T;36T>C;42C>G;72C>T;75C>T;120A>G;123T>C;126C>T;156T>C;171T>G;173C>A;174A>C;177G>A;180G>C],NA,p.Pro58His,-0.1379129872564063,-0.1618160278266865,-0.1243004400990007,0.0632820491109265,-1.5229464,1.82664167896564,1.7932354008245543,1.8456325216646765
urn:mavedb:00000394-a-1#1259,c.[6T>G;9G>A;12C>T;21C>T;36T>C;42C>G;72C>T;75C>T;120A>G;141A>G;165G>A;171T>G;172C>G;173C>A;174A>C;177G>A],NA,p.Pro58Asp,-0.2096471635236129,-0.2306256532997967,-0.1890415430425784,0.0393622632602196,-1.5204453,1.7226314246612415,1.693083876938364,1.751585137747646
urn:mavedb:00000394-a-1#1260,c.[3C>T;6T>G;18C>T;21C>T;36T>C;51C>T;75C>T;99G>C;111G>C;120A>G;123T>C;132C>T;138T>C;141A>G;144C>T;156T>C;165G>A;171T>G;173C>G;174A>T;177G>A],NA,p.Pro58Arg,-0.2871007168577387,-0.3033354225815278,-0.2717430402289563,0.0768327140120846,-1.5341816,1.632621562748839,1.6095780597796154,1.6543739364749936
urn:mavedb:00000394-a-1#1261,c.[21C>T;36T>C;42C>G;54G>A;75C>T;78C>T;102T>C;120A>G;172C>A;173C>A;177G>A],NA,p.Pro58Lys,-0.2401612340604661,-0.2760259029961759,-0.2193854922387109,0.1102554354290292,-1.5257444,1.6870950290287663,1.6363793043345198,1.7163713140988486
urn:mavedb:00000394-a-1#1262,c.[3C>T;6T>G;36T>C;42C>G;78C>T;102T>C;111G>C;114C>T;120A>G;123T>C;126C>T;129G>A;141A>G;153A>G;162G>C;165G>A;168G>A;172C>A;174A>C;177G>A],NA,p.Pro58Thr,-0.0737670418367376,-0.1108357337505113,-0.0553299268716942,0.0598326269641971,-1.5246162,1.9182463279569968,1.8667138084486563,1.9438207406554304
urn:mavedb:00000394-a-1#1263,c.[9G>A;15A>G;21C>T;36T>C;39C>T;51C>T;57T>G;60T>C;72C>T;75C>T;120A>G;123T>C;172C>T;174A>T;177G>A],NA,p.Pro58Ser,-0.2426616465597588,-0.2498486949918613,-0.2340735556598158,0.039787093023002,-1.5244322,1.6817177077554646,1.671568168045777,1.6938340686930435
urn:mavedb:00000394-a-1#1264,c.[21C>T;36T>C;42C>G;48C>T;123T>C;165G>A;171T>G;172C>G;174A>G;192C>T;195G>A],NA,p.Pro58Ala,-0.2875470190017776,-0.3246796317153361,-0.2536237697566879,0.0896026055564524,-1.5251718,1.619225299503148,1.566368841021084,1.6672769959433376
urn:mavedb:00000394-a-1#1265,c.[3C>T;6T>G;15A>G;36T>C;42C>G;120A>G;129G>A;132C>T;141A>G;165G>A;171T>G;172C>G;173C>G;174A>T],NA,p.Pro58Gly,-0.6156846418624994,-0.6394995832645798,-0.5578661604359071,0.0503350310616197,-1.5244627,1.1377459664266152,1.1012979432041723,1.2251125000597864
urn:mavedb:00000394-a-1#1266,c.[21C>T;36T>C;51C>T;72C>T;75C>T;123T>C;165G>A;168G>A;172C>A;173C>T;174A>G;177G>A],NA,p.Pro58Met,-0.3433344171924957,-0.4099614932321195,-0.3200145512714692,0.0639576097358217,-1.5294724,1.5458497964382794,1.4500107215857163,1.5791484812922425
urn:mavedb:00000394-a-1#1267,c.[3C>T;6T>G;21C>T;36T>C;42C>G;69T>C;72C>T;102T>C;111G>C;120A>G;123T>C;126C>T;135C>T;141A>G;144C>T;168G>A;173C>T;174A>G;177G>A],NA,p.Pro58Leu,-0.1268412183127765,-0.1345133034575205,-0.1109835032910791,0.0571643123330058,-1.5274048,1.848291731749684,1.8375934596548813,1.8703811814818951
urn:mavedb:00000394-a-1#1268,c.[21C>T;36T>C;42C>G;51C>T;123T>C;129G>A;138T>C;141A>G;165G>A;168G>A;172C>G;173C>T;174A>T;177G>A],NA,p.Pro58Val,-0.1135855337075295,-0.1441689857179259,-0.09700685607399,0.0775412756431655,-1.5261431,1.8650060253676208,1.8223606101949443,1.888075245553966
urn:mavedb:00000394-a-1#1269,c.[21C>T;36T>C;42C>G;51C>T;102T>C;105C>T;108G>C;120A>G;123T>C;135C>T;165G>A;168G>A;172C>A;173C>T;174A>C;177G>A],NA,p.Pro58Ile,-0.2746921306434852,-0.2891536844449434,-0.2583393026573423,0.0590439440757869,-1.5286036,1.642314194513434,1.6218086251773427,1.665454425467061
urn:mavedb:00000394-a-1#1270,c.[15A>G;21C>T;27G>A;42C>G;48C>T;57T>G;60T>C;120A>G;123T>C;132C>T;135C>T;141A>G;144C>T;165G>A;168G>A;172C>T;173C>G;174A>G;177G>A],NA,p.Pro58Trp,-0.1686000315968932,-0.2129810221080454,-0.1416210209917409,0.048380426248055,-1.5283456,1.7912820434109311,1.7290329730708498,1.8289857238142893
urn:mavedb:00000394-a-1#1271,c.[21C>T;36T>C;42C>G;48C>T;54G>A;60T>C;69T>C;72C>T;102T>C;120A>G;123T>C;135C>T;138T>C;165G>A;168G>A;172C>T;173C>A;174A>C;177G>A],NA,p.Pro58Tyr,-0.2757711518447583,-0.314244830043854,-0.2620359944643665,0.0520401680149734,-1.527576,1.6393319103084585,1.5846718097904178,1.658776653710304
urn:mavedb:00000394-a-1#1272,c.[3C>T;6T>G;21C>T;36T>C;42C>G;120A>G;132C>T;141A>G;156T>C;165G>A;171T>G;172C>T;173C>T;174A>C;180G>C],NA,p.Pro58Phe,-0.4043749325306177,-0.450919884264705,-0.3823116966776582,0.0522971169901011,-1.5297303,1.4584620720520496,1.3908887290290424,1.4902875775917586
urn:mavedb:00000394-a-1#1273,c.[21C>T;36T>C;42C>G;72C>T;75C>T;78C>T;120A>G;123T>C;126C>T;141A>G;165G>A;171T>G;172C>T;173C>G;174A>C;177G>A],NA,p.Pro58Cys,-0.3555538151887767,-0.3826479161176631,-0.3423692079147268,0.041482653936088,-1.529139,1.5278760146000414,1.4889531970323042,1.5467541810639551
urn:mavedb:00000394-a-1#1274,c.[3C>T;21C>T;30G>C;42C>G;48C>T;66G>A;120A>G;123T>C;141A>G;171_172insGGT;174A>G;177G>A],NA,p.Val57_Pro58insGly,-1.0931057538038669,-1.141699719043508,-1.0654474896517063,0.0246672887152333,-1.49827,0.2513097209662019,0.1400611076138979,0.3110132397183705
urn:mavedb:00000394-a-1#1275,c.[21C>T;36T>C;42C>G;72C>T;75C>T;78C>T;123T>C;126C>T;165G>A;168G>A;171delinsGGCT;177G>A],NA,p.Val57_Pro58insAla,-1.1866152069771758,-1.2349930537654354,-1.1717111727581853,0.0215901454693189,-1.5007725,0.0346679451487051,-0.0982087737485225,0.0727247063753796
urn:mavedb:00000394-a-1#1276,c.[21C>T;36T>C;42C>G;51C>T;54G>A;78C>T;120A>G;123T>C;141A>G;171T>G;172_174del;177G>A],NA,p.Pro58del,-1.4830035913782251,-1.536292942561823,-1.4004160393974272,0.0361357918984158,-1.5312424,-1.242014316868698,-25.0,-0.6062905346965375
urn:mavedb:00000394-a-1#1277,c.[12C>T;21C>T;36T>C;42C>G;51C>T;57T>G;69T>C;72C>T;120A>G;123T>C;165G>A;171T>G;174A>G;175G>C],NA,p.Glu59Gln,0.1475542959240965,0.1020313765636881,0.1757892739166635,0.0617639822103303,-1.5316586,2.232900942089915,2.1704757606748446,2.27156254730662
urn:mavedb:00000394-a-1#1278,c.[3C>T;6T>G;15A>G;21C>T;36T>C;42C>G;51C>T;57T>G;120A>G;123T>C;141A>G;174A>G;175G>A;177G>C],NA,p.Glu59Asn,-0.3077555519686937,-0.3192537753263597,-0.2978257046747522,0.0478669916710829,-1.5284214,1.5951134067919182,1.5787369164179474,1.6092343125595647
urn:mavedb:00000394-a-1#1279,c.[12C>T;21C>T;36T>C;42C>G;48C>T;54G>A;57T>G;69T>C;72C>T;75C>T;120A>G;123T>C;135C>T;165G>A;168G>A;171T>G;175G>C;177G>C;183A>G],NA,p.Glu59His,0.1358358960204477,0.1241126733461997,0.1541373724828193,0.04943480398229,-1.5286913,2.212792699639032,2.1967179741531404,2.237872129690503
urn:mavedb:00000394-a-1#1280,c.[21C>T;36T>C;42C>G;48C>T;69T>C;72C>T;120A>G;123T>C;126C>T;141A>G;165G>A;171T>G;174A>G;177G>T],NA,p.Glu59Asp,0.1081815209673564,0.0852844575557187,0.1369997329636428,0.0485231105224608,-1.5231705,2.167312134190744,2.1358599693291107,2.2068513065252344
urn:mavedb:00000394-a-1#1281,c.[9G>A;21C>T;36T>C;42C>G;63G>C;78C>T;123T>C;126C>T;138T>C;141A>G;174A>G;175G>C;176A>G;177G>C],NA,p.Glu59Arg,0.0508915390960368,0.0008322747664202,0.07660937530569,0.0508274915018507,-1.6108341,2.2085209023237566,2.1398608843955613,2.243735737854501
urn:mavedb:00000394-a-1#1282,c.[3C>T;6T>G;21C>T;24C>T;36T>C;42C>G;63G>C;108G>C;120A>G;123T>C;126C>T;168G>A;175G>A;177G>A;180G>C],NA,p.Glu59Lys,0.0914845000811032,0.0059278458977122,0.144400369566565,0.0765146555082553,-1.5539808,2.186514903980405,2.0689172083124614,2.259016555099276
urn:mavedb:00000394-a-1#1283,c.[3C>T;9G>A;21C>T;36T>C;42C>G;63G>C;75C>T;84C>T;120A>G;141A>G;165G>A;171T>G;174A>G;175G>A;176A>C;177G>C;180G>C],NA,p.Glu59Thr,-0.0354773297516424,-0.0445303217544397,-0.0177205793580887,0.0293205612448433,-1.529892,1.9785998618515743,1.9660701945773176,2.0031531562665528
urn:mavedb:00000394-a-1#1284,c.[3C>T;6T>G;9G>A;21C>T;57T>G;63G>C;72C>T;75C>T;120A>G;123T>C;126C>T;141A>G;168G>A;171T>G;175G>T;176A>C;177G>C],NA,p.Glu59Ser,0.0929723687827146,0.0627815752766626,0.1138129090327812,0.0461165179855284,-1.5286484,2.153920180831785,2.11242402221248,2.182529823330285
urn:mavedb:00000394-a-1#1285,c.[3C>T;6T>G;9G>A;21C>T;36T>C;39C>T;48C>T;60T>C;72C>T;75C>T;120A>G;123T>C;129G>A;141A>G;147G>C;165G>A;168G>A;171T>G;174A>G;176A>C;177G>T],NA,p.Glu59Ala,-0.044235265564155,-0.0736513709701336,-0.0145858049152012,0.060686260928675,-1.5342255,1.972460620677745,1.93170574845518,2.0134534509530995
urn:mavedb:00000394-a-1#1286,c.[21C>T;36T>C;42C>G;48C>T;69T>C;72C>T;120A>G;123T>C;138T>C;141A>G;165G>A;168G>A;174A>G;176A>G;177G>T],NA,p.Glu59Gly,-0.0246587057983582,-0.038533066698813,-0.0142444810030447,0.0468031140893899,-1.5294762,1.9929896940383405,1.973797682908345,2.007383563907565
urn:mavedb:00000394-a-1#1287,c.[3C>T;6T>G;18C>T;21C>T;36T>C;48C>T;54G>A;63G>C;69T>C;72C>T;123T>C;129G>A;141A>G;165G>A;171T>G;174A>G;175G>A;176A>T],NA,p.Glu59Met,-0.0330703313087196,-0.0489104868910599,-0.0198872267784986,0.0472956674623746,-1.5435314,2.000735041530393,1.9788327826651768,2.018945733670219
urn:mavedb:00000394-a-1#1288,c.[3C>T;6T>G;12C>T;21C>T;36T>C;42C>G;51C>T;54G>A;72C>T;75C>T;108G>C;114C>T;120A>G;123T>C;141A>G;165G>A;168G>A;174A>G;175G>C;176A>T],NA,p.Glu59Leu,0.1118690753068411,0.0926368843637867,0.1297659135607,0.039255043310597,-1.5419664,2.198058710852885,2.171674636870928,2.2225913228843366
urn:mavedb:00000394-a-1#1289,c.[3C>T;6T>G;12C>T;21C>T;39C>T;42C>G;120A>G;123T>C;126C>T;132C>T;141A>G;168G>A;174A>G;176A>T;177G>T],NA,p.Glu59Val,-0.2134936542536563,-0.2317324504397251,-0.1836902966709619,0.0332546737798463,-1.532949,1.7347712210471693,1.709113569945978,1.776586476661121
urn:mavedb:00000394-a-1#1290,c.[21C>T;36T>C;42C>G;102T>C;120A>G;132C>T;141A>G;165G>A;171T>G;174A>G;175G>A;176A>T;177G>C],NA,p.Glu59Ile,-0.1592461130571072,-0.1910886126444639,-0.1440404193897031,0.0619985540332871,-1.5348673,1.8134611335635864,1.768902502240967,1.834690326588548
urn:mavedb:00000394-a-1#1291,c.[3C>T;6T>G;9G>A;21C>T;30G>C;39C>T;42C>G;48C>T;60T>C;69T>C;72C>T;120A>G;123T>C;141A>G;165G>A;168G>A;175G>T;176A>G],NA,p.Glu59Trp,0.5610211545839403,0.5215182935564013,0.6202253989244033,0.0990480549577513,-1.559783,2.834637931343661,2.780873544471389,2.915255900867149
urn:mavedb:00000394-a-1#1292,c.[3C>T;6T>G;21C>T;36T>C;42C>G;84C>T;102T>C;120A>G;126C>T;138T>C;141A>G;147G>C;156T>C;165G>A;171T>G;174A>G;175G>T;177G>C;207T>C],NA,p.Glu59Tyr,0.265121365814155,0.169832636388701,0.281332395203004,0.0679329344929835,-1.5486345,2.4166819348811046,2.2865317699225693,2.438792257152025
urn:mavedb:00000394-a-1#1293,c.[6T>G;9G>A;12C>T;21C>T;36T>C;42C>G;48C>T;120A>G;123T>C;138T>C;141A>G;165G>A;168G>A;174A>G;175G>T;176A>T;177G>C],NA,p.Glu59Phe,-0.0674066948733473,-0.1085944564143984,-0.049696886017646,0.0755249104104563,-1.5517616,1.964594955552756,1.9074873175732687,1.989096920897216
urn:mavedb:00000394-a-1#1294,c.[6T>G;9G>A;21C>T;27G>A;30G>C;42C>G;63G>C;72C>T;75C>T;120A>G;123T>C;126C>T;165G>A;168G>A;174A>G;175G>C;176A>C],NA,p.Glu59Pro,-0.8910749117558998,-0.9630466230109976,-0.8197950936907197,0.0477789971797464,-1.5229712,0.6899733930572433,0.561083457161014,0.8113416310960567
urn:mavedb:00000394-a-1#1295,c.[3C>T;27G>A;36T>C;42C>G;51C>T;84C>T;87T>C;90T>C;120A>G;123T>C;141A>G;174A>G;175G>T;176A>G;177G>C;186A>G],NA,p.Glu59Cys,-0.1784713692394181,-0.1922775468766608,-0.1700775241474074,0.0508439191476465,-1.5424519,1.797166815146256,1.777842969253803,1.808902278143379
urn:mavedb:00000394-a-1#1296,c.[3C>T;21C>T;36T>C;42C>G;63G>C;69T>C;120A>G;135C>T;141A>G;168G>A;174delinsGGGC;177G>A],NA,p.Pro58_Glu59insGly,-1.2223530212900693,-1.2549792999194755,-1.1466188947887543,0.0389291610327549,-1.497345,-0.0716561522260861,-0.1688509444184797,0.1260483558610047
urn:mavedb:00000394-a-1#1297,c.[3C>T;6T>G;15A>G;21C>T;36T>C;42C>G;48C>T;54G>A;66G>A;69T>C;72C>T;120A>G;123T>C;141A>G;174delinsGGCG;177G>A],NA,p.Pro58_Glu59insAla,-1.0508516925855913,-1.0908757505961115,-1.033084802855647,0.0262188480348221,-1.4995117,0.3441967145947451,0.2589341588671532,0.3806377979630707
urn:mavedb:00000394-a-1#1298,c.[21C>T;36T>C;42C>G;72C>T;75C>T;120A>G;123T>C;126C>T;141A>G;165G>A;171T>G;174A>G;175_177del],NA,p.Glu59del,-1.5729158175406175,-1.6286947450672309,-1.54169271015859,0.0348982888669252,-1.5283604,-15.0,-25.0,-5.0
urn:mavedb:00000394-a-1#1299,c.[6T>G;9G>A;12C>T;21C>T;36T>C;42C>G;48C>T;72C>T;75C>T;120A>G;123T>C;138T>C;141A>G;153A>G;165G>A;171T>G;174A>G;177G>A;179T>A],NA,p.Leu60Gln,-1.454799292358254,-1.5917047802843545,-1.3161979538080668,0.044851528821067,-1.5240345,-1.0180935132448778,-25.0,-0.2830476211621618
urn:mavedb:00000394-a-1#1300,c.[9G>A;21C>T;36T>C;42C>G;48C>T;54G>A;63G>C;72C>T;75C>T;120A>G;123T>C;129G>A;132C>T;135C>T;171T>G;174A>G;177G>A;178C>G;179T>A],NA,p.Leu60Glu,-1.5912401882731255,-1.701385673985193,-1.4583163267059072,0.0535879733963513,-1.5194778,-15.0,-25.0,-1.0955354936531327
urn:mavedb:00000394-a-1#1301,c.[21C>T;36T>C;42C>G;48C>T;120A>G;123T>C;171T>G;174A>G;177G>A;178C>A;179T>A;180G>C;198G>T],NA,p.Leu60Asn,-1.6706136853807732,-1.767982978846123,-1.5823253469880807,0.0416260617708828,-1.5211797,-15.0,-25.0,-5.0
urn:mavedb:00000394-a-1#1302,c.[6T>G;9G>A;21C>T;36T>C;42C>G;48C>T;63G>C;69T>C;75C>T;120A>G;123T>C;126C>T;165G>A;171T>G;177G>A;179T>A;180G>C],NA,p.Leu60His,-1.259459429004368,-1.3789854401714223,-1.0867957658237777,0.0835559850513188,-1.5205874,-0.1118733727540942,-0.5528094639995664,0.3130558829366727
urn:mavedb:00000394-a-1#1303,c.[3C>T;6T>G;21C>T;36T>C;42C>G;102T>C;120A>G;123T>C;126C>T;129G>A;141A>G;165G>A;171T>G;174A>G;177G>A;178C>G;179T>A;180G>C;198G>T;207T>C],NA,p.Leu60Asp,-1.6491796348225038,-1.70594013394601,-1.5813056702035044,0.0260956945114204,-1.5176091,-15.0,-25.0,-5.0
urn:mavedb:00000394-a-1#1304,c.[3C>T;6T>G;21C>T;36T>C;42C>G;69T>C;72C>T;120A>G;123T>C;126C>T;141A>G;165G>A;171T>G;174A>G;177G>A;179T>G;180G>T;198G>T],NA,p.Leu60Arg,-1.476261081141795,-1.5298957513279912,-1.446306154079745,0.0297967086695357,-1.5301776,-1.1736094171795202,-4.257020170929386,-0.8968020132883335
urn:mavedb:00000394-a-1#1305,c.[3C>T;6T>G;18C>T;21C>T;36T>C;42C>G;72C>T;75C>T;120A>G;123T>C;126C>T;132C>T;135C>T;141A>G;165G>A;168G>A;171T>G;174A>G;178C>A;179T>A;180G>A;183A>G;186A>G],NA,p.Leu60Lys,-1.5388181350659171,-1.6348481931709469,-1.4555380528223762,0.0301601320289475,-1.5224519,-15.0,-25.0,-1.0394642685815672
urn:mavedb:00000394-a-1#1306,c.[3C>T;6T>G;21C>T;36T>C;42C>G;69T>C;72C>T;102T>C;120A>G;141A>G;165G>A;171T>G;174A>G;177G>A;178C>A;179T>C;180G>T;198G>T],NA,p.Leu60Thr,-1.431076802619002,-1.48845325523079,-1.385682606611688,0.0242226947739144,-1.5256224,-0.8199459004069762,-1.400725182105425,-0.5608288923442152
urn:mavedb:00000394-a-1#1307,c.[21C>T;27G>A;30G>C;39C>T;42C>G;69T>C;72C>T;120A>G;123T>C;126C>T;129G>A;138T>C;141A>G;165G>A;168G>A;171T>G;174A>G;178C>T;179T>C;180G>T],NA,p.Leu60Ser,-1.4024141375265995,-1.5295781075283317,-1.3068898069654282,0.0556297310162256,-1.5265603,-0.6413680787260112,-25.0,-0.2423794712481109
urn:mavedb:00000394-a-1#1308,c.[18C>T;21C>T;27G>A;42C>G;78C>T;84C>T;102T>C;120A>G;126C>T;165G>A;168G>A;171T>G;174A>G;177G>A;178C>G;179T>C],NA,p.Leu60Ala,-1.4783918741929485,-1.5060934175228538,-1.4344059392326902,0.0367136472418459,-1.5282083,-1.2222754752376186,-1.712046718326265,-0.8250381176091383
urn:mavedb:00000394-a-1#1309,c.[3C>T;6T>G;21C>T;36T>C;42C>G;54G>A;120A>G;126C>T;132C>T;141A>G;168G>A;177G>A;178C>G;179T>G;180G>T],NA,p.Leu60Gly,-1.5771093689014046,-1.6662293631710083,-1.460129492165688,0.0402278055361167,-1.5231175,-15.0,-25.0,-1.077219452543268
urn:mavedb:00000394-a-1#1310,c.[3C>T;9G>A;21C>T;36T>C;42C>G;51C>T;54G>A;57T>G;78C>T;102T>C;120A>G;123T>C;132C>T;135C>T;138T>C;141A>G;150C>T;177G>A;178C>A],NA,p.Leu60Met,-0.6552646781469705,-0.7115334739042705,-0.568211122259891,0.063590609842516,-1.5271182,1.0811052441491136,0.993324285423112,1.2135755391844667
urn:mavedb:00000394-a-1#1311,c.[3C>T;6T>G;12C>T;21C>T;36T>C;42C>G;48C>T;72C>T;75C>T;120A>G;123T>C;129G>A;141A>G;165G>A;168G>A;171T>G;174A>G;177G>A;178C>G;180G>T],NA,p.Leu60Val,-1.0841506854744851,-1.1473881800442864,-1.026311297427162,0.034341602565637,-1.5239635,0.3257355645257148,0.1869353026324823,0.4428553790286176
urn:mavedb:00000394-a-1#1312,c.[21C>T;42C>G;48C>T;72C>T;75C>T;120A>G;123T>C;126C>T;165G>A;171T>G;178C>A;180G>C],NA,p.Leu60Ile,-0.8781853652049004,-0.8953008664416893,-0.865270226012244,0.0375877351834234,-1.5225945,0.7116851035096389,0.681939765636204,0.733903381678862
urn:mavedb:00000394-a-1#1313,c.[3C>T;6T>G;21C>T;36T>C;42C>G;120A>G;123T>C;126C>T;141A>G;165G>A;171T>G;174A>G;177G>A;178C>T;179T>G],NA,p.Leu60Trp,-1.2588811082422369,-1.2919830928952811,-1.2200807017175146,0.0241528260233829,-1.5285325,-0.086976396227039,-0.1871867865552545,0.0197675878034885
urn:mavedb:00000394-a-1#1314,c.[3C>T;6T>G;15A>G;21C>T;36T>C;42C>G;51C>T;60T>C;63G>C;66G>A;69T>C;72C>T;102T>C;120A>G;123T>C;129G>A;138T>C;141A>G;165G>A;168G>A;171T>G;174A>G;177G>A;178C>T;179T>A;180G>C;195G>A],NA,p.Leu60Tyr,-1.3084015995690208,-1.431674300199007,-1.2368913092215656,0.0260548973658832,-1.5245228,-0.2543949769669245,-0.831625544885433,-0.0362507419815974
urn:mavedb:00000394-a-1#1315,c.[9G>A;12C>T;21C>T;36T>C;42C>G;51C>T;54G>A;57T>G;66G>A;120A>G;123T>C;129G>A;132C>T;150C>T;153A>G;156T>C;165G>A;168G>A;174A>G;178C>T;180G>T],NA,p.Leu60Phe,-0.8953052549337206,-0.9405544218154176,-0.8474254616272157,0.0324138543536643,-1.5260897,0.6880333976429808,0.6077898603233637,0.7702106301326678
urn:mavedb:00000394-a-1#1316,c.[3C>T;21C>T;36T>C;42C>G;48C>T;51C>T;54G>A;57T>G;60T>C;75C>T;87T>C;120A>G;123T>C;129G>A;141A>G;165G>A;168G>A;171T>G;174A>G;179T>C],NA,p.Leu60Pro,-1.6625314027442912,-1.7112086555423902,-1.6081433846693114,0.0385670263662628,-1.5257392,-15.0,-25.0,-5.0
urn:mavedb:00000394-a-1#1317,c.[3C>T;6T>G;21C>T;36T>C;42C>G;48C>T;78C>T;120A>G;123T>C;132C>T;141A>G;165G>A;168G>A;171T>G;174A>G;177G>A;178C>T;179T>G;180G>C],NA,p.Leu60Cys,-0.7701376837980619,-0.8109289886751173,-0.722120397736328,0.0267463067739044,-1.5273261,0.9000245406909507,0.8332835736127251,0.9769168681649788
urn:mavedb:00000394-a-1#1318,c.[15A>G;21C>T;27G>A;39C>T;42C>G;48C>T;120A>G;123T>C;141A>G;150C>T;165G>A;171T>G;174A>G;177delinsAGGC],NA,p.Glu59_Leu60insGly,-1.1633337185521335,-1.1935651070547575,-1.1064635371755778,0.020912693911087,-1.494801,0.0787606562481581,0.0006672856310736,0.2137793734628153
urn:mavedb:00000394-a-1#1319,c.[3C>T;21C>T;54G>A;72C>T;75C>T;120A>G;141A>G;177_178insGCG],NA,p.Glu59_Leu60insAla,-1.156581703533439,-1.1809804541697104,-1.1235583309156485,0.0205539787631292,-1.4967837,0.1004256149082306,0.0389311334407606,0.1792051677536598
urn:mavedb:00000394-a-1#1320,c.[18C>T;21C>T;36T>C;42C>G;72C>T;75C>T;120A>G;141A>G;168G>A;177G>A;178_180del],NA,p.Leu60del,-1.6957091263786048,-1.7693647731453692,-1.644987407074325,0.0414942826177021,-1.5231228,-15.0,-25.0,-5.0
urn:mavedb:00000394-a-1#1321,c.[3C>T;6T>G;15A>G;21C>T;36T>C;42C>G;102T>C;114C>T;120A>G;129G>A;138T>C;141A>G;144C>T;147G>C;150C>T;162G>C;165G>A;168G>A;171T>G;174A>G;177G>A;181A>C;183A>G],NA,p.Lys61Gln,-0.0400416024813316,-0.0657625023540066,-0.026421188895535,0.0561038562233372,-1.51824,1.9561946399255696,1.9205295215190552,1.975053737253614
urn:mavedb:00000394-a-1#1322,c.[3C>T;12C>T;21C>T;36T>C;42C>G;120A>G;129G>A;141A>G;147G>C;156T>C;171T>G;174A>G;180G>C;181A>G],NA,p.Lys61Glu,-0.8393815938411733,-0.8512412614923234,-0.8290206026574903,0.0290350273078755,-1.5162697,0.7672129339089543,0.7470719445746826,0.7846892012067345
urn:mavedb:00000394-a-1#1323,c.[3C>T;6T>G;21C>T;36T>C;42C>G;48C>T;120A>G;123T>C;141A>G;165G>A;171T>G;174A>G;177G>A;183A>C;198G>T],NA,p.Lys61Asn,-0.8471983785295966,-0.9044120728184004,-0.8226806754720316,0.0476778890437288,-1.5181103,0.7570812276168021,0.6580563478240885,0.7984104264473757
urn:mavedb:00000394-a-1#1324,c.[6T>G;9G>A;12C>T;21C>T;36T>C;39C>T;60T>C;123T>C;126C>T;165G>A;171T>G;174A>G;177G>A;181A>C;183A>C],NA,p.Lys61His,-0.6339531834729164,-0.6614587837330046,-0.5662303986562265,0.052761499299987,-1.517539,1.0991878198385474,1.0566960271120045,1.2021643938294944
urn:mavedb:00000394-a-1#1325,c.[21C>T;39C>T;42C>G;54G>A;120A>G;135C>T;165G>A;171T>G;174A>G;177G>A;181A>G;183A>C],NA,p.Lys61Asp,-1.1632801830241846,-1.186100469182923,-1.137376387621164,0.025427772993223,-1.5164323,0.1318779489355041,0.0759104472821165,0.192640026932346
urn:mavedb:00000394-a-1#1326,c.[21C>T;36T>C;42C>G;48C>T;69T>C;72C>T;108G>C;120A>G;123T>C;138T>C;141A>G;165G>A;171T>G;180G>C;181A>C;182A>G;183A>T],NA,p.Lys61Arg,0.3639034459136808,0.2312214320033104,0.4703959554397829,0.2064722356738171,-1.5503368,2.5536122201307574,2.372730549555897,2.6985744169943926
urn:mavedb:00000394-a-1#1327,c.[21C>T;36T>C;42C>G;69T>C;72C>T;120A>G;138T>C;141A>G;153A>G;171T>G;174A>G;177G>A;182A>C;183A>T],NA,p.Lys61Thr,-0.7973480164297162,-0.8127196813911353,-0.7799165471885624,0.0225965084673088,-1.5184431,0.841048950846799,0.8155853269004848,0.8696709224415575
urn:mavedb:00000394-a-1#1328,c.[6T>G;9G>A;12C>T;21C>T;36T>C;42C>G;63G>C;138T>C;141A>G;165G>A;168G>A;171T>G;174A>G;181A>T;182A>C;183A>T],NA,p.Lys61Ser,-0.5567972784795994,-0.5785974153000981,-0.5426622991504149,0.0375097396426436,-1.5183616,1.2175742649470858,1.1847615507928462,1.2387420056852347
urn:mavedb:00000394-a-1#1329,c.[3C>T;6T>G;12C>T;21C>T;36T>C;42C>G;48C>T;69T>C;72C>T;120A>G;123T>C;141A>G;165G>A;168G>A;171T>G;174A>G;177G>A;181A>G;182A>C;183A>G],NA,p.Lys61Ala,-0.0661632100251641,-0.0865901728659651,-0.054137159228609,0.0295179053817427,-1.519949,1.9223390830354423,1.893967160917263,1.939021396194457
urn:mavedb:00000394-a-1#1330,c.[3C>T;6T>G;21C>T;36T>C;42C>G;102T>C;111G>C;114C>T;120A>G;165G>A;171T>G;174A>G;177G>A;180G>C;181A>G;182A>G;183A>T],NA,p.Lys61Gly,-0.8669653650714699,-0.8995761004793824,-0.8174355715348723,0.0642915534644221,-1.5188513,0.7245729011596651,0.6678826769158211,0.8084100089706205
urn:mavedb:00000394-a-1#1331,c.[3C>T;6T>G;15A>G;36T>C;42C>G;54G>A;69T>C;72C>T;120A>G;126C>T;141A>G;144C>T;147G>C;165G>A;171T>G;180G>C;182A>T;183A>G],NA,p.Lys61Met,-0.2191803234230079,-0.248574196413937,-0.1759265788649796,0.0655292253952038,-1.5220127,1.71141641181199,1.6699561191529866,1.7721719898279045
urn:mavedb:00000394-a-1#1332,c.[3C>T;6T>G;21C>T;36T>C;42C>G;48C>T;120A>G;123T>C;141A>G;177G>A;181A>C;182A>T;183A>G],NA,p.Lys61Leu,0.2778762709676224,0.264514015629102,0.3001566685132079,0.0460253062852847,-1.5209537,2.3965333274416376,2.3782893194878985,2.426941187336505
urn:mavedb:00000394-a-1#1333,c.[21C>T;36T>C;42C>G;66G>A;120A>G;132C>T;165G>A;168G>A;171T>G;174A>G;180G>C;181A>G;182A>T;183A>G;198G>T],NA,p.Lys61Val,-0.5485956490309021,-0.6128347155115758,-0.4959601550264437,0.0495572205801777,-1.5200768,1.2324316885929214,1.135408327210958,1.3106544220270455
urn:mavedb:00000394-a-1#1334,c.[21C>T;27G>A;36T>C;42C>G;48C>T;72C>T;75C>T;99G>C;102T>C;105C>T;108G>C;111G>C;120A>G;123T>C;132C>T;135C>T;141A>G;165G>A;171T>G;174A>G;177G>A;182A>T;183A>C],NA,p.Lys61Ile,-0.6413300290606111,-0.6930253012156965,-0.6181251642184825,0.0452474866092407,-1.5216613,1.094177636598558,1.0138608653612005,1.129750833569395
urn:mavedb:00000394-a-1#1335,c.[3C>T;6T>G;21C>T;36T>C;42C>G;57T>G;63G>C;66G>A;69T>C;72C>T;99G>C;105C>T;108G>C;114C>T;120A>G;168G>A;174A>G;181A>T;182A>G;183A>G],NA,p.Lys61Trp,-0.0109176058743801,-0.0386665837529526,0.0314167586829582,0.0907198014187488,-1.5261154,2.007350521333686,1.9689741478790503,2.065766011804682
urn:mavedb:00000394-a-1#1336,c.[21C>T;36T>C;42C>G;48C>T;120A>G;123T>C;138T>C;141A>G;165G>A;168G>A;171T>G;174A>G;177G>A;181A>T;183A>C],NA,p.Lys61Tyr,0.0116662798151996,-0.0037566113113273,0.0393723753714249,0.0898320609112919,-1.5234303,2.034838675911488,2.013545182896044,2.073040637531004
urn:mavedb:00000394-a-1#1337,c.[3C>T;6T>G;12C>T;21C>T;30G>C;42C>G;60T>C;72C>T;75C>T;123T>C;126C>T;129G>A;141A>G;165G>A;171T>G;174A>G;177G>A;181A>T;182A>T;183A>T],NA,p.Lys61Phe,-0.204587230344306,-0.2188275333766927,-0.1848201246598401,0.077020797595679,-1.5250916,1.7362659103939733,1.716239497762971,1.7640125749480893
urn:mavedb:00000394-a-1#1338,c.[9G>A;12C>T;21C>T;36T>C;42C>G;141A>G;150C>T;168G>A;171T>G;174A>G;181A>C;182A>C;183A>G],NA,p.Lys61Pro,-1.4371963510201629,-1.5311425620214036,-1.3273834082411518,0.0488000840477713,-1.5195999,-0.9080529581123132,-25.0,-0.3395931884885087
urn:mavedb:00000394-a-1#1339,c.[21C>T;36T>C;42C>G;51C>T;84C>T;120A>G;123T>C;141A>G;165G>A;168G>A;171T>G;174A>G;177G>A;180G>C;181A>T;182A>G;183A>C;198G>T],NA,p.Lys61Cys,-0.5156478191068117,-0.5349683621333119,-0.4885463156447397,0.0292579198988249,-1.5240669,1.2874296246008714,1.2587262901094602,1.3274628906450625
urn:mavedb:00000394-a-1#1340,c.[3C>T;6T>G;21C>T;36T>C;42C>G;63G>C;120A>G;129G>A;141A>G;180_181insGGT],NA,p.Leu60_Lys61insGly,-1.6171654770716255,-1.6950287105181991,-1.5540963211853045,0.0339379875316219,-1.4957747,-15.0,-25.0,-5.0
urn:mavedb:00000394-a-1#1341,c.[21C>T;39C>T;42C>G;69T>C;72C>T;120A>G;135C>T;144C>T;165G>A;168G>A;171T>G;177G>A;180_181insGCG],NA,p.Leu60_Lys61insAla,-1.422426663775321,-1.460026725492365,-1.3624703989603766,0.0465290724606858,-1.5012321,-0.9364225402587004,-1.338193396378474,-0.5665568539701802
urn:mavedb:00000394-a-1#1342,c.[21C>T;36T>C;42C>G;69T>C;72C>T;120A>G;123T>C;126C>T;141A>G;171T>G;177G>A;180G>C;181_183del],NA,p.Lys61del,-1.5325873055615282,-1.58614355135949,-1.486433106047532,0.0364845900426679,-1.52285,-15.0,-25.0,-1.4130931009188614
urn:mavedb:00000394-a-1#1343,c.[3C>T;6T>G;21C>T;36T>C;42C>G;48C>T;120A>G;123T>C;141A>G;171T>G;174A>G;177G>A;184G>C;186A>G;198G>T],NA,p.Glu62Gln,0.2502618616567562,0.2326376510033306,0.2841231360176379,0.0476297156796881,-1.5416493,2.386927333413478,2.3628653363938983,2.4331287773959773
urn:mavedb:00000394-a-1#1344,c.[3C>T;18C>T;24C>T;27G>A;30G>C;141A>G;165G>A;168G>A;171T>G;174A>G;184G>A;186A>C],NA,p.Glu62Asn,0.0599181993542674,0.0346763909565028,0.0790857608169968,0.0285430179766487,-1.5382061,2.12158352707786,2.0868548129763025,2.1479248792251866
urn:mavedb:00000394-a-1#1345,c.[12C>T;21C>T;36T>C;42C>G;138T>C;141A>G;180G>C;184G>C;186A>C],NA,p.Glu62His,0.0896116297425118,0.046296074087373,0.1360283542241514,0.077290791904939,-1.5351291,2.1581709482657443,2.098627890873756,2.2218429542183085
urn:mavedb:00000394-a-1#1346,c.[9G>A;21C>T;36T>C;42C>G;48C>T;60T>C;69T>C;72C>T;78C>T;108G>C;120A>G;123T>C;126C>T;168G>A;174A>G;186A>C],NA,p.Glu62Asp,0.0032778340106112,-0.0161513426493031,0.0206969465053306,0.0596115985284091,-1.5216036,2.02074531937479,1.993899150517345,2.0447858822983003
urn:mavedb:00000394-a-1#1347,c.[15A>G;21C>T;36T>C;42C>G;51C>T;120A>G;123T>C;138T>C;141A>G;144C>T;165G>A;171T>G;174A>G;177G>A;184G>C;185A>G;186A>T],NA,p.Glu62Arg,0.2693682014563933,0.2403586286277437,0.3019383124663775,0.0623212940387736,-1.6202607,2.519491707546273,2.480004253953256,2.563803415110366
urn:mavedb:00000394-a-1#1348,c.[6T>G;9G>A;12C>T;21C>T;36T>C;42C>G;48C>T;51C>T;72C>T;75C>T;120A>G;123T>C;129G>A;138T>C;141A>G;165G>A;168G>A;174A>G;184G>A;186A>G],NA,p.Glu62Lys,0.3441524456782562,0.3163198447734302,0.3669416102226006,0.0320906815354952,-1.5593328,2.5388796851590207,2.5009703969679253,2.569909285748776
urn:mavedb:00000394-a-1#1349,c.[6T>G;9G>A;12C>T;21C>T;36T>C;42C>G;69T>C;72C>T;120A>G;123T>C;126C>T;141A>G;165G>A;171T>G;174A>G;177G>A;184G>A;185A>C;186A>C],NA,p.Glu62Thr,-0.0743784709318064,-0.0846144010872652,-0.0647746458959721,0.0327370248161076,-1.5451226,1.945766507731322,1.931575850203971,1.95907100413961
urn:mavedb:00000394-a-1#1350,c.[3C>T;6T>G;21C>T;36T>C;42C>G;51C>T;108G>C;123T>C;129G>A;135C>T;138T>C;141A>G;177G>A;184G>T;185A>C;186A>T],NA,p.Glu62Ser,0.1617705944229035,0.1058586164683907,0.1802288609631386,0.0741576733318987,-1.5493646,2.276497316217576,2.199921280805395,2.3017429076824483
urn:mavedb:00000394-a-1#1351,c.[3C>T;6T>G;12C>T;21C>T;36T>C;42C>G;99G>C;120A>G;123T>C;126C>T;129G>A;138T>C;141A>G;168G>A;174A>G;185A>C;186A>G],NA,p.Glu62Ala,0.5961240484546524,0.538087256891674,0.6362286974309141,0.0854589665297673,-1.5537624,2.874332611696087,2.7953168230039167,2.928966495660496
urn:mavedb:00000394-a-1#1352,c.[3C>T;6T>G;18C>T;21C>T;36T>C;42C>G;51C>T;69T>C;72C>T;120A>G;123T>C;135C>T;138T>C;141A>G;165G>A;171T>G;174A>G;177G>A;185A>G;186A>T],NA,p.Glu62Gly,-0.3318801660728783,-0.3387320229822252,-0.3140280964263901,0.0348786437372736,-1.5404439,1.5778520411482846,1.568079472534669,1.603267630770623
urn:mavedb:00000394-a-1#1353,c.[21C>T;36T>C;42C>G;69T>C;72C>T;120A>G;138T>C;141A>G;156T>C;171T>G;177G>A;184G>A;185A>T;186A>G],NA,p.Glu62Met,0.2456611214802166,0.2065479975191461,0.3053660847550029,0.0985491192699777,-1.5691924,2.418021850642911,2.364655878754773,2.499394149042696
urn:mavedb:00000394-a-1#1354,c.[12C>T;39C>T;42C>G;51C>T;120A>G;123T>C;132C>T;135C>T;168G>A;171T>G;174A>G;184G>C;185A>T;186A>G],NA,p.Glu62Leu,0.3302078808451146,0.288714931610855,0.3605777655807616,0.0678636250313647,-1.5539594,2.512617926783998,2.456074557743127,2.5539810659437623
urn:mavedb:00000394-a-1#1355,c.[21C>T;36T>C;42C>G;120A>G;123T>C;126C>T;138T>C;141A>G;165G>A;171T>G;174A>G;177G>A;185A>T;186A>T],NA,p.Glu62Val,-0.0370357276938646,-0.0481290535376463,-0.0269056516694342,0.0338996606227587,-1.5448594,1.997084758992693,1.981745835447985,2.011081801293047
urn:mavedb:00000394-a-1#1356,c.[6T>G;9G>A;12C>T;21C>T;36T>C;42C>G;48C>T;120A>G;123T>C;138T>C;141A>G;174A>G;184G>A;185A>T;186A>C;198G>T;207T>C],NA,p.Glu62Ile,0.0725511071716596,0.0305469186914089,0.104670774922481,0.0586528422935879,-1.5546684,2.1614743998400328,2.103752370936216,2.2055354603307804
urn:mavedb:00000394-a-1#1357,c.[12C>T;21C>T;36T>C;42C>G;72C>T;75C>T;102T>C;108G>C;120A>G;123T>C;126C>T;165G>A;168G>A;177G>A;184G>T;185A>G;186A>G],NA,p.Glu62Trp,0.1713950566653094,0.1319835054920569,0.2011418920171288,0.07622491914498,-1.5697498,2.317402654808729,2.2635120577165706,2.3580327394639027
urn:mavedb:00000394-a-1#1358,c.[18C>T;30G>C;36T>C;42C>G;51C>T;63G>C;69T>C;72C>T;84C>T;120A>G;123T>C;138T>C;141A>G;168G>A;177G>A;183A>G;184G>T;186A>C],NA,p.Glu62Tyr,0.2467637370613637,0.0802767854889834,0.2926690287449541,0.097222440246109,-1.5563431,2.402095022798288,2.174367659941908,2.464693953166264
urn:mavedb:00000394-a-1#1359,c.[12C>T;21C>T;36T>C;42C>G;72C>T;75C>T;78C>T;120A>G;171T>G;174A>G;177G>A;184G>T;185A>T;186A>C],NA,p.Glu62Phe,0.0236081126056647,0.0016200000476552,0.0506027765460131,0.0480670752192187,-1.5627494,2.10528712120233,2.0750240061982206,2.142392481839154
urn:mavedb:00000394-a-1#1360,c.[3C>T;6T>G;12C>T;21C>T;36T>C;42C>G;57T>G;120A>G;132C>T;141A>G;165G>A;171T>G;174A>G;177G>A;184G>C;185A>C;186A>G],NA,p.Glu62Pro,-1.4633992095560244,-1.566466861614018,-1.3738117428164338,0.0365060082808911,-1.5231099,-1.110451167529657,-25.0,-0.5166863915150229
urn:mavedb:00000394-a-1#1361,c.[21C>T;36T>C;42C>G;48C>T;72C>T;75C>T;120A>G;123T>C;126C>T;141A>G;165G>A;168G>A;184G>T;185A>G;186A>C],NA,p.Glu62Cys,0.1326674668305234,0.1206773684497993,0.1597157691867901,0.0586254479218596,-1.5550442,2.24440409042062,2.227982917531397,2.281421180839481
urn:mavedb:00000394-a-1#1362,c.[21C>T;36T>C;42C>G;51C>T;60T>C;72C>T;75C>T;111G>C;114C>T;123T>C;135C>T;138T>C;141A>G;165G>A;168G>A;177G>A;183_184insGGT],NA,p.Lys61_Glu62insGly,-1.572446642424078,-1.6288534686884146,-1.5067210906172228,0.0407311011892491,-1.4966583,-15.0,-25.0,-5.0
urn:mavedb:00000394-a-1#1363,c.[15A>G;21C>T;36T>C;42C>G;51C>T;54G>A;105C>T;120A>G;135C>T;144C>T;147G>C;165G>A;171T>G;174A>G;177G>A;183_184insGCG],NA,p.Lys61_Glu62insAla,-1.5214301725910249,-1.5648600140246671,-1.487446618352537,0.0323856935382357,-1.5003839,-15.0,-25.0,-2.0291735764725938
urn:mavedb:00000394-a-1#1364,c.[6T>G;9G>A;21C>T;36T>C;42C>G;51C>T;63G>C;69T>C;72C>T;78C>T;120A>G;123T>C;141A>G;174A>G;184_186del;192C>T;195G>A],NA,p.Glu62del,-1.4913315619384837,-1.5630513051790065,-1.4350697408945674,0.0730248532898793,-1.5632615,-0.9941044136656496,-4.427206582400082,-0.6199420325604146
urn:mavedb:00000394-a-1#1365,c.[3C>T;6T>G;18C>T;21C>T;36T>C;42C>G;51C>T;120A>G;123T>C;138T>C;141A>G;165G>A;171T>G;174A>G;187C>G;189G>A],NA,p.Gln63Glu,-0.1582450001803906,-0.1755170715353757,-0.1439969177124573,0.0435977890456981,-1.4989681,1.7647203586004856,1.7404774840698505,1.7846856297016154
urn:mavedb:00000394-a-1#1366,c.[3C>T;6T>G;21C>T;36T>C;42C>G;48C>T;72C>T;75C>T;102T>C;111G>C;120A>G;123T>C;141A>G;165G>A;171T>G;174A>G;177G>A;187C>A;189G>C;198G>T],NA,p.Gln63Asn,-0.6686183405546298,-0.7173825108890861,-0.6429129147549406,0.0723247914027965,-1.5194912,1.048601737248291,0.9720133924862968,1.0883998209564278
urn:mavedb:00000394-a-1#1367,c.[3C>T;6T>G;21C>T;36T>C;42C>G;120A>G;123T>C;126C>T;141A>G;165G>A;171T>G;174A>G;177G>A;189G>C],NA,p.Gln63His,-0.5249411362697154,-0.5328235301985058,-0.5085913698265417,0.0263189489377993,-1.5140829,1.258803124561598,1.247051427028188,1.2831022943709818
urn:mavedb:00000394-a-1#1368,c.[3C>T;6T>G;21C>T;36T>C;42C>G;69T>C;72C>T;102T>C;120A>G;141A>G;165G>A;171T>G;177G>A;183A>G;187C>G;189G>C;198G>T;207T>C],NA,p.Gln63Asp,-0.6832006531469083,-0.7398738822378629,-0.6174118489818947,0.066571423004157,-1.4907408,0.980644183623678,0.8897991010118119,1.0834177904564586
urn:mavedb:00000394-a-1#1369,c.[21C>T;36T>C;39C>T;48C>T;66G>A;120A>G;123T>C;129G>A;165G>A;168G>A;171T>G;174A>G;177G>A;188A>G;189G>T],NA,p.Gln63Arg,0.9031745311612988,0.8328656638971005,1.01755766579282,0.1189230825366533,-1.5784798,3.327196024815763,3.230715001266876,3.484953645356352
urn:mavedb:00000394-a-1#1370,c.[3C>T;6T>G;12C>T;21C>T;36T>C;42C>G;51C>T;120A>G;123T>C;129G>A;138T>C;141A>G;165G>A;171T>G;174A>G;177G>A;186A>G;187C>A;189G>A],NA,p.Gln63Lys,0.7738250716590985,0.7040221266407304,0.856184656361292,0.079733426254948,-1.5267982,3.080570176550954,2.985193116637124,3.1933884491982503
urn:mavedb:00000394-a-1#1371,c.[3C>T;6T>G;15A>G;21C>T;36T>C;42C>G;63G>C;72C>T;75C>T;120A>G;123T>C;126C>T;141A>G;168G>A;171T>G;187C>A;188A>C;189G>C;195G>A],NA,p.Gln63Thr,-0.2667981644118612,-0.2931495947237557,-0.2441084335162436,0.082697177834005,-1.5274353,1.6518400152505075,1.614478839979404,1.683907077663658
urn:mavedb:00000394-a-1#1372,c.[6T>G;9G>A;12C>T;21C>T;36T>C;42C>G;120A>G;126C>T;138T>C;141A>G;174A>G;180G>C;186A>G;187C>T;188A>C;189G>T],NA,p.Gln63Ser,-0.122125510865626,-0.1310143684674354,-0.1131372148047372,0.0499866362692066,-1.5271668,1.854532973566708,1.8421422981922395,1.8670523198262576
urn:mavedb:00000394-a-1#1373,c.[3C>T;6T>G;21C>T;36T>C;42C>G;69T>C;72C>T;102T>C;111G>C;114C>T;120A>G;135C>T;138T>C;141A>G;150C>T;165G>A;171T>G;174A>G;177G>A;187C>G;188A>C;198G>T],NA,p.Gln63Ala,0.590769099064581,0.543794015345596,0.6265656448663436,0.1077306182769297,-1.5385995,2.8466410916231943,2.7826686442008897,2.8954126254518715
urn:mavedb:00000394-a-1#1374,c.[21C>T;36T>C;42C>G;51C>T;72C>T;75C>T;120A>G;123T>C;132C>T;138T>C;141A>G;156T>C;165G>A;171T>G;174A>G;177G>A;187C>G;188A>G;189G>T],NA,p.Gln63Gly,-1.223871431337594,-1.274999585891506,-1.10871695778275,0.0463412047649505,-1.5265331,0.0044595863542463,-0.1406221447624927,0.2789017522551452
urn:mavedb:00000394-a-1#1375,c.[3C>T;6T>G;12C>T;21C>T;36T>C;42C>G;51C>T;120A>G;123T>C;141A>G;165G>A;168G>A;177G>A;187C>A;188A>T],NA,p.Gln63Met,0.3405559423096343,0.3033971036548916,0.3957986771492466,0.0501103191679676,-1.5488992,2.51986796658641,2.4692332746441257,2.595098209443398
urn:mavedb:00000394-a-1#1376,c.[3C>T;6T>G;18C>T;21C>T;42C>G;51C>T;54G>A;84C>T;99G>C;123T>C;141A>G;165G>A;168G>A;174A>G;188A>T],NA,p.Gln63Leu,0.5698288645437809,0.5359036711783302,0.6134343347315576,0.0599263788710598,-1.5435538,2.824788624645582,2.778597958504404,2.8841820669179192
urn:mavedb:00000394-a-1#1377,c.[21C>T;27G>A;30G>C;36T>C;42C>G;48C>T;54G>A;66G>A;84C>T;99G>C;114C>T;120A>G;123T>C;129G>A;138T>C;180G>C;187C>G;188A>T;189G>T],NA,p.Gln63Val,-0.1093723109221716,-0.1473031899767554,-0.0939106871272799,0.0885512236415666,-1.534874,1.8829915121305667,1.830146943651725,1.9044830033133413
urn:mavedb:00000394-a-1#1378,c.[3C>T;12C>T;21C>T;36T>C;42C>G;51C>T;63G>C;120A>G;129G>A;141A>G;165G>A;168G>A;171T>G;174A>G;180G>C;183A>G;187C>A;188A>T;189G>C],NA,p.Gln63Ile,0.0678071372739704,0.0491099576662255,0.0962462826896467,0.0766468670942165,-1.543479,2.13964781024399,2.113946567476963,2.1786955388408096
urn:mavedb:00000394-a-1#1379,c.[21C>T;36T>C;42C>G;69T>C;72C>T;75C>T;102T>C;120A>G;123T>C;126C>T;132C>T;144C>T;165G>A;171T>G;174A>G;177G>A;180G>C;187C>T;188A>G;192C>T;195G>A],NA,p.Gln63Trp,-0.3678156153514763,-0.3918534607463654,-0.3514298808635215,0.0373395426324264,-1.5552039,1.547590084010522,1.5131476756509976,1.570993421412867
urn:mavedb:00000394-a-1#1380,c.[3C>T;12C>T;15A>G;21C>T;36T>C;39C>T;69T>C;72C>T;120A>G;126C>T;141A>G;144C>T;147G>C;171T>G;174A>G;177G>A;187C>T;189G>C],NA,p.Gln63Tyr,-0.5363711803190027,-0.5623463391501032,-0.5095181341300323,0.0638981945386526,-1.5463057,1.289647060046833,1.2510408088713951,1.3292983092416106
urn:mavedb:00000394-a-1#1381,c.[3C>T;6T>G;21C>T;36T>C;42C>G;48C>T;69T>C;72C>T;123T>C;138T>C;141A>G;171T>G;174A>G;177G>A;180G>C;187C>T;188A>T;189G>C;198G>T;207T>C],NA,p.Gln63Phe,-0.5019955696189111,-0.5378623251261934,-0.4527904384904789,0.0517513150885795,-1.5546789,1.352642158520544,1.2998231459684588,1.4244315220317048
urn:mavedb:00000394-a-1#1382,c.[3C>T;6T>G;12C>T;21C>T;36T>C;42C>G;48C>T;108G>C;120A>G;123T>C;129G>A;138T>C;141A>G;165G>A;168G>A;174A>G;188A>C],NA,p.Gln63Pro,-1.5309936014735257,-1.5835450243190392,-1.4093397541617951,0.0391600205526226,-1.5287347,-15.0,-25.0,-0.6673231012453549
urn:mavedb:00000394-a-1#1383,c.[3C>T;6T>G;21C>T;36T>C;42C>G;51C>T;54G>A;72C>T;75C>T;120A>G;123T>C;141A>G;165G>A;171T>G;174A>G;177G>A;187C>T;188A>G;189G>C],NA,p.Gln63Cys,-0.1547980010174596,-0.1617869204231268,-0.1409119579961977,0.0325573595769903,-1.5388203,1.8251822054603348,1.8154224530956569,1.844554602553679
urn:mavedb:00000394-a-1#1384,c.[3C>T;18C>T;36T>C;42C>G;54G>A;60T>C;66G>A;120A>G;126C>T;132C>T;141A>G;165G>A;171T>G;174A>G;177G>A;186_187insGGC;195G>A],NA,p.Glu62_Gln63insGly,-1.5512791670130603,-1.5887062641394367,-1.5048075231286342,0.035315541411329,-1.5030847,-15.0,-25.0,-5.0
urn:mavedb:00000394-a-1#1385,c.[21C>T;36T>C;42C>G;54G>A;114C>T;120A>G;138T>C;141A>G;165G>A;168G>A;177G>A;186_187insGCG],NA,p.Glu62_Gln63insAla,-1.483470083741236,-1.5616958984578797,-1.37348225788987,0.0625315762756097,-1.5097661,-1.6087891141162225,-25.0,-0.578751225945929
urn:mavedb:00000394-a-1#1386,c.[12C>T;21C>T;36T>C;42C>G;69T>C;72C>T;120A>G;132C>T;141A>G;165G>A;168G>A;187_189del],NA,p.Gln63del,-1.5622921358250887,-1.6348368970100946,-1.472809773180205,0.0420275137274741,-1.51962,-15.0,-25.0,-1.2604202634222077
urn:mavedb:00000394-a-1#1387,c.[21C>T;30G>C;39C>T;42C>G;69T>C;72C>T;120A>G;129G>A;165G>A;171T>G;174A>G;177G>A;190A>C;191T>A;192C>G],NA,p.Ile64Gln,-1.6421019790910254,-1.736216181730892,-1.5419807037562103,0.0543701549889316,-1.4989262,-15.0,-25.0,-5.0
urn:mavedb:00000394-a-1#1388,c.[15A>G;21C>T;36T>C;42C>G;51C>T;120A>G;123T>C;138T>C;141A>G;165G>A;171T>G;174A>G;177G>A;190A>G;191T>A;192C>A],NA,p.Ile64Glu,-1.4965601242566042,-1.538330639125195,-1.4362398298351002,0.0326780741355493,-1.4498186,-15.0,-25.0,-2.000666841284907
urn:mavedb:00000394-a-1#1389,c.[15A>G;18C>T;21C>T;36T>C;51C>T;72C>T;75C>T;102T>C;120A>G;123T>C;141A>G;165G>A;171T>G;174A>G;177G>A;191T>A],NA,p.Ile64Asn,-1.481594664720531,-1.5744013430250248,-1.304794545052831,0.0627864175018958,-1.4946041,-2.025898564965989,-25.0,-0.3486218706590393
urn:mavedb:00000394-a-1#1390,c.[3C>T;12C>T;21C>T;36T>C;42C>G;120A>G;123T>C;126C>T;141A>G;165G>A;171T>G;174A>G;177G>A;190A>C;191T>A],NA,p.Ile64His,-1.6017726471165554,-1.6444187056569008,-1.5543830826824108,0.0312301056806525,-1.4839516,-15.0,-25.0,-5.0
urn:mavedb:00000394-a-1#1391,c.[3C>T;12C>T;21C>T;27G>A;42C>G;105C>T;120A>G;135C>T;141A>G;190A>G;191T>A],NA,p.Ile64Asp,-1.4214868970794328,-1.4543987739842086,-1.387108864936433,0.0235043668317985,-1.455308,-1.4577298869158992,-3.577281290041652,-1.02753775679118
urn:mavedb:00000394-a-1#1392,c.[3C>T;9G>A;15A>G;21C>T;36T>C;39C>T;69T>C;141A>G;144C>T;165G>A;171T>G;177G>A;190A>C;191T>G;192C>T;198G>T],NA,p.Ile64Arg,-1.6412178773874275,-1.6948053790436886,-1.5633974706144953,0.0524442369968347,-1.5579057,-15.0,-25.0,-5.0
urn:mavedb:00000394-a-1#1393,c.[3C>T;6T>G;15A>G;36T>C;42C>G;48C>T;120A>G;123T>C;129G>A;132C>T;141A>G;165G>A;171T>G;174A>G;177G>A;191T>A;192C>A],NA,p.Ile64Lys,-1.66530188799437,-1.7879481613682746,-1.6044423829651064,0.0425246200947988,-1.5070643,-15.0,-25.0,-5.0
urn:mavedb:00000394-a-1#1394,c.[15A>G;21C>T;36T>C;42C>G;51C>T;72C>T;75C>T;120A>G;123T>C;165G>A;168G>A;177G>A;180G>C;191T>C],NA,p.Ile64Thr,-1.5477536835459662,-1.6314633430757837,-1.4558709458981869,0.0477868174342564,-1.4990749,-15.0,-25.0,-1.3093658941671245
urn:mavedb:00000394-a-1#1395,c.[3C>T;6T>G;21C>T;36T>C;42C>G;120A>G;123T>C;126C>T;138T>C;141A>G;165G>A;168G>A;177G>A;190A>T;191T>C;192C>T],NA,p.Ile64Ser,-1.591725339076571,-1.649596235966878,-1.513012674041824,0.0397234015667837,-1.4944634,-15.0,-25.0,-5.0
urn:mavedb:00000394-a-1#1396,c.[3C>T;6T>G;12C>T;21C>T;24C>T;36T>C;42C>G;57T>G;63G>C;69T>C;72C>T;111G>C;120A>G;135C>T;141A>G;165G>A;168G>A;171T>G;180G>C;190A>G;191T>C;192C>G],NA,p.Ile64Ala,-1.5784661595513798,-1.6674953771031682,-1.516645284771527,0.0559322178033962,-1.5038071,-15.0,-25.0,-5.0
urn:mavedb:00000394-a-1#1397,c.[3C>T;6T>G;21C>T;36T>C;42C>G;120A>G;126C>T;129G>A;141A>G;144C>T;165G>A;171T>G;174A>G;177G>A;190A>G;191T>G;192C>T;195G>A],NA,p.Ile64Gly,-1.6617950641974573,-1.7178938577425196,-1.612641269756055,0.0350185465721763,-1.499865,-15.0,-25.0,-5.0
urn:mavedb:00000394-a-1#1398,c.[3C>T;6T>G;21C>T;36T>C;42C>G;48C>T;120A>G;123T>C;141A>G;165G>A;168G>A;174A>G;180G>C;192C>G],NA,p.Ile64Met,-1.1609374490076902,-1.2503558852750416,-1.061306125034899,0.0614972090571025,-1.5266323,0.1616385147000775,-0.0680124503763375,0.3783927774051286
urn:mavedb:00000394-a-1#1399,c.[3C>T;6T>G;21C>T;36T>C;42C>G;69T>C;72C>T;114C>T;120A>G;123T>C;126C>T;129G>A;132C>T;141A>G;180G>C;190A>C;192C>G;195G>A],NA,p.Ile64Leu,-0.91882613195316,-0.9608023963767734,-0.8937456789423107,0.0236138853374066,-1.5167041,0.6299574747050447,0.5536561421876783,0.6743518668367378
urn:mavedb:00000394-a-1#1400,c.[21C>T;36T>C;42C>G;48C>T;69T>C;72C>T;120A>G;123T>C;177G>A;190A>G;192C>T],NA,p.Ile64Val,-0.6999134588609898,-0.7181170488550367,-0.6866559459306968,0.0419488197935223,-1.5123682,0.9883961268741758,0.9595327650434764,1.0092787086698138
urn:mavedb:00000394-a-1#1401,c.[3C>T;6T>G;12C>T;21C>T;27G>A;42C>G;48C>T;66G>A;84C>T;102T>C;111G>C;123T>C;129G>A;132C>T;141A>G;150C>T;165G>A;171T>G;174A>G;177G>A;190A>T;191T>G;192C>G;195G>A],NA,p.Ile64Trp,-1.4190981664192353,-1.521120693020772,-1.344544678887315,0.0310939752753723,-1.5335073,-0.69554359859184,-2.0547760150076866,-0.3518300989643054
urn:mavedb:00000394-a-1#1402,c.[3C>T;6T>G;21C>T;36T>C;42C>G;51C>T;54G>A;69T>C;72C>T;108G>C;120A>G;123T>C;129G>A;132C>T;138T>C;150C>T;162G>C;165G>A;168G>A;183A>G;190A>T;191T>A],NA,p.Ile64Tyr,-1.246337959362276,-1.3445685131457317,-1.1435826064118275,0.0714052155488376,-1.5269809,-0.0556911097215808,-0.3769767187226008,0.2025632046536336
urn:mavedb:00000394-a-1#1403,c.[9G>A;18C>T;21C>T;36T>C;42C>G;48C>T;54G>A;60T>C;120A>G;123T>C;165G>A;171T>G;174A>G;177G>A;190A>T;198G>T;207T>C],NA,p.Ile64Phe,-1.426378580740188,-1.4828243817838926,-1.3194731299063986,0.0440255093714602,-1.5390129,-0.7058494489492243,-1.1481213575056863,-0.2428219239867493
urn:mavedb:00000394-a-1#1404,c.[3C>T;6T>G;21C>T;36T>C;42C>G;54G>A;57T>G;120A>G;135C>T;141A>G;171T>G;174A>G;177G>A;190A>C;191T>C;192C>G;195G>A],NA,p.Ile64Pro,-1.7064026739070328,-1.8179035149924827,-1.5771513449309489,0.0554243209808874,-1.51266,-15.0,-25.0,-5.0
urn:mavedb:00000394-a-1#1405,c.[21C>T;36T>C;42C>G;48C>T;69T>C;72C>T;120A>G;123T>C;141A>G;156T>C;165G>A;171T>G;174A>G;177G>A;190A>T;191T>G;192C>T;198G>T],NA,p.Ile64Cys,-1.077530379044799,-1.111857789483678,-1.0368329474255615,0.0280256880895893,-1.5153332,0.3215167079975384,0.2475805887459288,0.4049541751729864
urn:mavedb:00000394-a-1#1406,c.[21C>T;24C>T;30G>C;36T>C;42C>G;48C>T;78C>T;120A>G;123T>C;165G>A;171T>G;174A>G;177G>A;180G>C;189delinsAGGT;192C>T],NA,p.Gln63_Ile64insGly,-1.682003520163403,-1.7510182277364288,-1.6118391061073305,0.0560343422112129,-1.500236,-15.0,-25.0,-5.0
urn:mavedb:00000394-a-1#1407,c.[3C>T;6T>G;12C>T;21C>T;36T>C;42C>G;120A>G;126C>T;141A>G;147G>C;165G>A;171T>G;174A>G;177G>A;189_190insGCT],NA,p.Gln63_Ile64insAla,-1.5252472857429638,-1.556109458630464,-1.4811884034518008,0.0335698235613394,-1.5134602,-15.0,-25.0,-1.4859834221477997
urn:mavedb:00000394-a-1#1408,c.[3C>T;6T>G;15A>G;21C>T;36T>C;42C>G;48C>T;69T>C;72C>T;120A>G;123T>C;141A>G;165G>A;168G>A;174A>G;190_192del],NA,p.Ile64del,-1.5623242441801852,-1.585769252782706,-1.5223988856516657,0.0393286655533344,-1.4831095,-15.0,-25.0,-5.0
urn:mavedb:00000394-a-1#1409,c.[3C>T;6T>G;18C>T;21C>T;39C>T;42C>G;72C>T;75C>T;120A>G;123T>C;126C>T;129G>A;141A>G;165G>A;171T>G;174A>G;177G>A;193C>G;195G>A],NA,p.Gln65Glu,0.6989796426258137,0.6530102238009032,0.7576184745814372,0.0815768002035995,-1.4656281,2.896092404122316,2.833318601627201,2.9762578218544533
urn:mavedb:00000394-a-1#1410,c.[21C>T;42C>G;60T>C;66G>A;69T>C;72C>T;108G>C;120A>G;123T>C;126C>T;135C>T;141A>G;165G>A;168G>A;177G>A;183A>G;193C>A;195G>C],NA,p.Gln65Asn,0.1105518439432462,0.0857023487748936,0.1246490747511186,0.0298735624078071,-1.5074944,2.1491232575877643,2.114960748703412,2.168485697864757
urn:mavedb:00000394-a-1#1411,c.[21C>T;39C>T;42C>G;72C>T;75C>T;120A>G;123T>C;126C>T;138T>C;141A>G;171T>G;177G>A;186A>G;195G>T],NA,p.Gln65His,0.259594577756435,0.2264593971527163,0.2937520447929078,0.0424958385529486,-1.5005879,2.3439030785943893,2.298591295213678,2.39056983772787
urn:mavedb:00000394-a-1#1412,c.[21C>T;36T>C;42C>G;48C>T;123T>C;138T>C;141A>G;165G>A;171T>G;174A>G;177G>A;193C>G;195G>T;207T>C],NA,p.Gln65Asp,0.3942597833785249,0.2916392538184315,0.483746729728224,0.0633439865862501,-1.4447985,2.452162477976623,2.311872410612053,2.574307049927864
urn:mavedb:00000394-a-1#1413,c.[3C>T;6T>G;21C>T;36T>C;42C>G;51C>T;66G>A;78C>T;108G>C;120A>G;123T>C;129G>A;174A>G;189G>A;194A>G;195G>T],NA,p.Gln65Arg,0.1924539667016225,0.1789281022373756,0.2098682948301383,0.0499797135787812,-1.5710034,2.347873524167269,2.329399749031194,2.371647595787157
urn:mavedb:00000394-a-1#1414,c.[12C>T;21C>T;27G>A;30G>C;108G>C;120A>G;135C>T;150C>T;156T>C;165G>A;171T>G;174A>G;177G>A;193C>A;195G>A],NA,p.Gln65Lys,0.1548625316046237,0.0889871975745212,0.1898161498322161,0.0871441252420447,-1.5171432,2.2231121705756305,2.1326960831770045,2.2709877465365054
urn:mavedb:00000394-a-1#1415,c.[21C>T;36T>C;42C>G;51C>T;120A>G;123T>C;171T>G;174A>G;177G>A;193C>A;194A>C;195G>C],NA,p.Gln65Thr,0.0050196243886584,-0.0193419204118249,0.0155748825381162,0.0492189753722064,-1.5216775,2.023252102279963,1.9895891847502003,2.0378211160833546
urn:mavedb:00000394-a-1#1416,c.[3C>T;6T>G;15A>G;21C>T;36T>C;42C>G;75C>T;102T>C;111G>C;120A>G;123T>C;126C>T;138T>C;141A>G;153A>G;165G>A;171T>G;174A>G;177G>A;193C>T;194A>C;195G>T],NA,p.Gln65Ser,-0.1447797174877922,-0.1617331267598823,-0.1302929101835663,0.0760792532413368,-1.5142493,1.804924979610245,1.781202242720747,1.825165105495342
urn:mavedb:00000394-a-1#1417,c.[21C>T;27G>A;36T>C;42C>G;48C>T;57T>G;72C>T;75C>T;84C>T;120A>G;123T>C;132C>T;138T>C;141A>G;162G>C;165G>A;168G>A;177G>A;193C>G;194A>C],NA,p.Gln65Ala,0.3056076392288386,0.2217350025619936,0.338583236231892,0.0613195782926591,-1.5283718,2.44443387713252,2.32992640526101,2.489397609490685
urn:mavedb:00000394-a-1#1418,c.[21C>T;36T>C;42C>G;69T>C;72C>T;120A>G;123T>C;126C>T;138T>C;141A>G;165G>A;171T>G;174A>G;177G>A;180G>C;193C>G;194A>G;195G>T],NA,p.Gln65Gly,-0.4380388378748646,-0.4589858685777435,-0.4294515298603474,0.0393459896947412,-1.508925,1.379352838352789,1.348680042415294,1.3918876922905126
urn:mavedb:00000394-a-1#1419,c.[6T>G;9G>A;21C>T;36T>C;42C>G;51C>T;63G>C;69T>C;72C>T;120A>G;123T>C;138T>C;165G>A;171T>G;174A>G;177G>A;193C>A;194A>T],NA,p.Gln65Met,0.5319409940712698,0.4745758986579246,0.6407792143551304,0.0899095568816881,-1.5568042,2.7910469111080247,2.71298202129191,2.939256113712622
urn:mavedb:00000394-a-1#1420,c.[3C>T;6T>G;21C>T;36T>C;42C>G;48C>T;69T>C;72C>T;114C>T;120A>G;123T>C;129G>A;135C>T;141A>G;168G>A;171T>G;177G>A;180G>C;194A>T],NA,p.Gln65Leu,0.6042297286330346,0.5795175536899879,0.6455601836077337,0.0420769073718008,-1.542975,2.8708636317852925,2.837203837141697,2.9271842687788667
urn:mavedb:00000394-a-1#1421,c.[9G>A;12C>T;21C>T;36T>C;42C>G;51C>T;72C>T;75C>T;105C>T;120A>G;123T>C;165G>A;168G>A;171T>G;174A>G;189G>A;193C>G;194A>T;195G>T],NA,p.Gln65Val,0.186874802818403,0.1574771041140234,0.2088691505941426,0.0494971374641566,-1.5244374,2.2768975571561394,2.236645634476465,2.3069857920841903
urn:mavedb:00000394-a-1#1422,c.[3C>T;6T>G;15A>G;21C>T;36T>C;42C>G;51C>T;72C>T;75C>T;120A>G;123T>C;141A>G;165G>A;168G>A;174A>G;193C>A;194A>T;195G>C],NA,p.Gln65Ile,0.4461969862746388,0.3677727936227704,0.4790720425429325,0.0715910144879039,-1.5338979,2.643458371913373,2.536653714195584,2.6882168523009224
urn:mavedb:00000394-a-1#1423,c.[12C>T;21C>T;36T>C;42C>G;72C>T;75C>T;120A>G;123T>C;126C>T;138T>C;141A>G;144C>T;150C>T;171T>G;174A>G;177G>A;189G>A;193C>T;194A>G;198G>T],NA,p.Gln65Trp,0.4029034557436638,0.3831914963614425,0.428135183082431,0.0354565278889571,-1.5658402,2.627645983375544,2.6008206122545303,2.661978193777617
urn:mavedb:00000394-a-1#1424,c.[15A>G;21C>T;39C>T;42C>G;51C>T;69T>C;72C>T;120A>G;123T>C;141A>G;165G>A;168G>A;171T>G;177G>A;193C>T;195G>C],NA,p.Gln65Tyr,0.1452927217909284,0.1229051324251137,0.1613351077384381,0.0802914025430411,-1.5505848,2.255609685925861,2.2249506661541063,2.277563385934253
urn:mavedb:00000394-a-1#1425,c.[21C>T;42C>G;102T>C;120A>G;123T>C;126C>T;129G>A;138T>C;147G>C;150C>T;165G>A;171T>G;174A>G;177G>A;193C>T;194A>T;195G>T],NA,p.Gln65Phe,0.2534886915394796,0.2370076754405587,0.2870686493057711,0.0402718266694794,-1.562036,2.418991189566045,2.396509192392317,2.464772899210669
urn:mavedb:00000394-a-1#1426,c.[3C>T;6T>G;21C>T;36T>C;42C>G;69T>C;72C>T;120A>G;123T>C;126C>T;138T>C;141A>G;165G>A;171T>G;174A>G;177G>A;194A>C],NA,p.Gln65Pro,-1.1501998763133734,-1.2524209765679255,-1.079934210563778,0.0608648135158453,-1.469964,0.0491338550089742,-0.249551251098712,0.217607106331852
urn:mavedb:00000394-a-1#1427,c.[6T>G;9G>A;12C>T;21C>T;36T>C;42C>G;51C>T;75C>T;120A>G;123T>C;141A>G;156T>C;165G>A;171T>G;174A>G;192C>T;193C>T;194A>G;195G>C],NA,p.Gln65Cys,0.1791657232814209,0.1683246920190249,0.1875923775002874,0.0387671196844289,-1.5349069,2.2806070841503026,2.2657714252993504,2.292134911087325
urn:mavedb:00000394-a-1#1428,c.[21C>T;24C>T;36T>C;42C>G;51C>T;57T>G;72C>T;75C>T;114C>T;120A>G;123T>C;135C>T;138T>C;141A>G;150C>T;162G>C;165G>A;168G>A;171T>G;177G>A;192delinsTGGT],NA,p.Ile64_Gln65insGly,-1.696099213070044,-1.7521703668059223,-1.64885066010725,0.0465506113925764,-1.4884005,-15.0,-25.0,-5.0
urn:mavedb:00000394-a-1#1429,c.[21C>T;36T>C;42C>G;48C>T;120A>G;123T>C;141A>G;162G>C;165G>A;168G>A;192_193insGCG],NA,p.Ile64_Gln65insAla,-1.6119405281638248,-1.6552751272706077,-1.5736432254384607,0.0427893332641522,-1.4937048,-15.0,-25.0,-5.0
urn:mavedb:00000394-a-1#1430,c.[3C>T;21C>T;36T>C;42C>G;48C>T;99G>C;123T>C;141A>G;177G>A;180G>C;193_195del],NA,p.Gln65del,-1.482354679862023,-1.5399159888298304,-1.411592767029243,0.03866395750844,-1.4933414,-2.125268366090401,-25.0,-0.913128036627887
urn:mavedb:00000394-a-1#1431,c.[3C>T;6T>G;18C>T;36T>C;42C>G;48C>T;63G>C;72C>T;75C>T;123T>C;129G>A;165G>A;171T>G;174A>G;177G>A;196G>C;197C>A],NA,p.Ala66Gln,0.3302479950912544,0.3134901287158865,0.3487005327893424,0.0491976606266412,-1.5016546,2.4418367401970555,2.4189659742687115,2.467012079860753
urn:mavedb:00000394-a-1#1432,c.[3C>T;6T>G;12C>T;21C>T;36T>C;42C>G;48C>T;54G>A;69T>C;72C>T;120A>G;123T>C;141A>G;165G>A;168G>A;177G>A;197C>A;198G>A],NA,p.Ala66Glu,0.3811553610352297,0.3249795720871311,0.4318557691723805,0.0486449218686052,-1.4152184,2.39414000403009,2.317275915523884,2.463438102500878
urn:mavedb:00000394-a-1#1433,c.[9G>A;21C>T;27G>A;39C>T;51C>T;57T>G;99G>C;120A>G;123T>C;132C>T;165G>A;171T>G;174A>G;177G>A;196G>A;197C>A;198G>C],NA,p.Ala66Asn,0.2661427691035986,0.2183585557742397,0.2937068475997308,0.053571822898,-1.4736385,2.316214882428336,2.2507921460176195,2.3539108902817985
urn:mavedb:00000394-a-1#1434,c.[3C>T;6T>G;12C>T;21C>T;39C>T;42C>G;72C>T;75C>T;120A>G;123T>C;126C>T;141A>G;165G>A;168G>A;174A>G;196G>C;197C>A;198G>C],NA,p.Ala66His,-0.0773756683492658,-0.1079018945006409,-0.0431660360547532,0.0733880017344686,-1.4620328,1.82631774229991,1.7836259085932944,1.87401762264878
urn:mavedb:00000394-a-1#1435,c.[3C>T;6T>G;18C>T;21C>T;36T>C;42C>G;48C>T;72C>T;75C>T;120A>G;123T>C;132C>T;141A>G;171T>G;174A>G;177G>A;197C>A;198G>C],NA,p.Ala66Asp,0.0315314422460018,-0.00392423705129,0.0516440535587685,0.0615587799338976,-1.3854327,1.8716883773373216,1.8222147663061832,1.8996865507488512
urn:mavedb:00000394-a-1#1436,c.[18C>T;39C>T;42C>G;51C>T;63G>C;120A>G;123T>C;129G>A;135C>T;168G>A;171T>G;174A>G;177G>A;196G>C;197C>G;198G>T],NA,p.Ala66Arg,0.318515017012952,0.28246842297685,0.3818911517688282,0.0799206360419452,-1.5931778,2.5497443805567728,2.5006749757964566,2.635963723395648
urn:mavedb:00000394-a-1#1437,c.[21C>T;36T>C;42C>G;48C>T;78C>T;123T>C;141A>G;165G>A;168G>A;177G>A;180G>C;196G>A;197C>A;207T>C],NA,p.Ala66Lys,0.320640297067392,0.2731391427298713,0.34355097692186,0.0541863977785182,-1.5126643,2.4436506291871747,2.378813195933165,2.474900978675829
urn:mavedb:00000394-a-1#1438,c.[21C>T;36T>C;39C>T;42C>G;120A>G;123T>C;126C>T;135C>T;141A>G;147G>C;165G>A;168G>A;196G>A;198G>C],NA,p.Ala66Thr,0.0252375298546066,-0.0231049906591428,0.039824058125373,0.0900415011065106,-1.5097275,2.0347177143057302,1.967894843124964,2.054840079898892
urn:mavedb:00000394-a-1#1439,c.[6T>G;9G>A;12C>T;21C>T;36T>C;42C>G;51C>T;72C>T;75C>T;120A>G;123T>C;129G>A;138T>C;141A>G;168G>A;174A>G;196G>T;198G>T],NA,p.Ala66Ser,-0.0062258105440309,-0.0735543009090293,0.012582923190355,0.0496005874110752,-1.5102348,1.9919504070284093,1.8986182924561648,2.0179443429994133
urn:mavedb:00000394-a-1#1440,c.[3C>T;6T>G;21C>T;36T>C;42C>G;51C>T;120A>G;123T>C;129G>A;138T>C;147G>C;165G>A;168G>A;171T>G;174A>G;177G>A;192C>T;197C>G;198G>T],NA,p.Ala66Gly,-0.5492986903810662,-0.6081488959904616,-0.512092695789988,0.0758087335171004,-1.4966669,1.196255600152675,1.1067851298705211,1.252018615504798
urn:mavedb:00000394-a-1#1441,c.[3C>T;6T>G;15A>G;21C>T;36T>C;42C>G;57T>G;60T>C;63G>C;69T>C;72C>T;120A>G;126C>T;132C>T;135C>T;138T>C;141A>G;150C>T;165G>A;171T>G;174A>G;177G>A;196G>A;197C>T],NA,p.Ala66Met,0.788478118087385,0.6949774461775972,0.875730437380659,0.1307524412973712,-1.5445366,3.124419737049588,2.996677227825397,3.244000510851396
urn:mavedb:00000394-a-1#1442,c.[21C>T;36T>C;42C>G;114C>T;120A>G;138T>C;141A>G;150C>T;165G>A;168G>A;177G>A;180G>C;196G>C;197C>T],NA,p.Ala66Leu,0.3041556896183984,0.172135879437823,0.3312032719467169,0.1125603418916595,-1.525301,2.4382909770522527,2.257899090822004,2.475178192099187
urn:mavedb:00000394-a-1#1443,c.[3C>T;6T>G;18C>T;36T>C;42C>G;51C>T;57T>G;60T>C;66G>A;120A>G;123T>C;141A>G;144C>T;165G>A;171T>G;174A>G;177G>A;197C>T;198G>T],NA,p.Ala66Val,-0.0052733883374397,-0.0393441521079783,0.039421298464259,0.0398235084822089,-1.5127449,1.996727543935153,1.949568440067168,2.058431122612854
urn:mavedb:00000394-a-1#1444,c.[3C>T;21C>T;36T>C;42C>G;48C>T;63G>C;120A>G;123T>C;126C>T;138T>C;141A>G;144C>T;162G>C;165G>A;168G>A;195G>A;196G>A;197C>T;198G>C],NA,p.Ala66Ile,0.1848427023028618,0.1688624932397075,0.1979330468539139,0.0531151160741936,-1.5093546,2.2535650180164404,2.231672728096251,2.2714888001938327
urn:mavedb:00000394-a-1#1445,c.[3C>T;6T>G;21C>T;36T>C;42C>G;102T>C;111G>C;120A>G;123T>C;126C>T;132C>T;138T>C;141A>G;150C>T;165G>A;171T>G;174A>G;177G>A;180G>C;196G>T;197C>G],NA,p.Ala66Trp,-0.4347129420597541,-0.442941305924268,-0.4256369508863701,0.0397637845220085,-1.5593195,1.4573321307113951,1.445429554536222,1.470439936065529
urn:mavedb:00000394-a-1#1446,c.[3C>T;6T>G;21C>T;36T>C;42C>G;51C>T;54G>A;69T>C;72C>T;114C>T;120A>G;123T>C;132C>T;141A>G;165G>A;168G>A;171T>G;177G>A;192C>T;196G>T;197C>A;198G>T],NA,p.Ala66Tyr,-0.2622315351935428,-0.271067182503355,-0.2529628576334681,0.0425761019156236,-1.5294452,1.661139343738532,1.6486375906392956,1.6742386697296323
urn:mavedb:00000394-a-1#1447,c.[27G>A;39C>T;99G>C;120A>G;126C>T;171T>G;174A>G;177G>A;180G>C;196G>T;197C>T;198G>C],NA,p.Ala66Phe,-0.1717295608245177,-0.1844685619409513,-0.1439817158518123,0.061229474841821,-1.5478072,1.8140614136983813,1.7962540707505208,1.8527745456047984
urn:mavedb:00000394-a-1#1448,c.[3C>T;6T>G;21C>T;36T>C;42C>G;66G>A;120A>G;129G>A;141A>G;144C>T;150C>T;165G>A;168G>A;171T>G;174A>G;177G>A;196G>C],NA,p.Ala66Pro,-1.478690143820041,-1.5748197891468283,-1.315387383792492,0.0388052508795365,-1.51371,-1.4367258702737855,-25.0,-0.3170706726980029
urn:mavedb:00000394-a-1#1449,c.[6T>G;9G>A;21C>T;24C>T;36T>C;42C>G;60T>C;69T>C;120A>G;123T>C;126C>T;141A>G;177G>A;180G>C;196G>T;197C>G;198G>C],NA,p.Ala66Cys,-0.1725553289033863,-0.2153172375025593,-0.1406060139418517,0.0889201259534106,-1.5211334,1.7756661509623766,1.7156192295700547,1.820355576300287
urn:mavedb:00000394-a-1#1450,c.[3C>T;6T>G;21C>T;36T>C;42C>G;120A>G;123T>C;126C>T;138T>C;141A>G;165G>A;168G>A;177G>A;195_196insGGT],NA,p.Gln65_Ala66insGly,-1.4926970732558926,-1.5677765404366897,-1.4398088356505752,0.039008476485867,-1.4733205,-15.0,-25.0,-1.463273059151938
urn:mavedb:00000394-a-1#1451,c.[3C>T;6T>G;21C>T;36T>C;42C>G;48C>T;72C>T;75C>T;120A>G;123T>C;141A>G;174A>G;195_196insGCG],NA,p.Gln65_Ala66insAla,-1.5494328432744244,-1.6054830940173814,-1.5105731166800769,0.0331936621637603,-1.5019608,-15.0,-25.0,-5.0
urn:mavedb:00000394-a-1#1452,c.[3C>T;21C>T;36T>C;42C>G;60T>C;72C>T;75C>T;120A>G;123T>C;126C>T;141A>G;165G>A;168G>A;171T>G;174A>G;177G>A;192C>T;196_198del],NA,p.Ala66del,-1.4723117943344977,-1.5071219781233949,-1.4359996396143333,0.0246320206381611,-1.4708681,-15.0,-25.0,-1.4393348851234575
urn:mavedb:00000394-a-1#1453,c.[6T>G;9G>A;21C>T;39C>T;42C>G;63G>C;72C>T;75C>T;120A>G;174A>G;199T>C;200G>A],NA,p.Trp67Gln,-1.341042877287908,-1.417026453350296,-1.2387424516129413,0.0547746508724723,-1.3600941,-1.8005715070112398,-25.0,-0.6564935689845524
urn:mavedb:00000394-a-1#1454,c.[15A>G;21C>T;36T>C;42C>G;48C>T;54G>A;57T>G;120A>G;123T>C;141A>G;171T>G;174A>G;177G>A;199T>G;200G>A],NA,p.Trp67Glu,-1.3366771830555289,-1.3855011635866057,-1.2973785099341204,0.0302093603226886,-1.3027792,-15.0,-25.0,-2.54087120307098
urn:mavedb:00000394-a-1#1455,c.[6T>G;9G>A;12C>T;21C>T;36T>C;42C>G;69T>C;72C>T;120A>G;141A>G;156T>C;165G>A;171T>G;174A>G;199T>A;200G>A;201G>C;207T>C],NA,p.Trp67Asn,-1.3164125248240257,-1.411459252550835,-1.2454065937912475,0.0466739655013606,-1.3401952,-1.6687220969033985,-25.0,-0.818252622963543
urn:mavedb:00000394-a-1#1456,c.[12C>T;21C>T;27G>A;39C>T;42C>G;48C>T;120A>G;123T>C;138T>C;141A>G;165G>A;171T>G;174A>G;177G>A;195G>A;198G>T;199T>G;200G>A;201G>C],NA,p.Trp67Asp,-1.3951735561442673,-1.4997033394203063,-1.2944300542369145,0.0417688986140577,-1.285032,-15.0,-25.0,-5.0
urn:mavedb:00000394-a-1#1457,c.[3C>T;6T>G;18C>T;21C>T;36T>C;42C>G;120A>G;126C>T;132C>T;147G>C;165G>A;171T>G;174A>G;177G>A;198G>T;199T>C;201G>C;207T>C],NA,p.Trp67Arg,-1.481008864328814,-1.5099567878028597,-1.443567469051101,0.0240055065708526,-1.5369067,-1.1513277092947498,-1.5941052804359557,-0.8282306002187481
urn:mavedb:00000394-a-1#1458,c.[3C>T;6T>G;21C>T;36T>C;42C>G;51C>T;54G>A;120A>G;123T>C;150C>T;162G>C;165G>A;171T>G;174A>G;177G>A;199T>A;200G>A;201G>A],NA,p.Trp67Lys,-1.3144028132421717,-1.3936390427116956,-1.2505995761414506,0.0432016240591241,-1.495018,-0.3839969134179239,-0.7747310849571896,-0.162460197320956
urn:mavedb:00000394-a-1#1459,c.[3C>T;21C>T;36T>C;42C>G;48C>T;54G>A;72C>T;75C>T;120A>G;123T>C;141A>G;165G>A;168G>A;177G>A;180G>C;199T>A;200G>C;201G>C],NA,p.Trp67Thr,-1.379584603065643,-1.4824707393478598,-1.3056647124800644,0.0363056043083711,-1.355917,-15.0,-25.0,-1.2168965076740148
urn:mavedb:00000394-a-1#1460,c.[21C>T;36T>C;42C>G;48C>T;69T>C;72C>T;120A>G;123T>C;129G>A;138T>C;141A>G;165G>A;171T>G;174A>G;177G>A;199T>G;200G>C],NA,p.Trp67Ala,-1.3139624870257955,-1.423363870225424,-1.223956695498016,0.048124303917489,-1.42873,-0.6934606639061066,-2.5446411021197606,-0.2938455517247877
urn:mavedb:00000394-a-1#1461,c.[3C>T;6T>G;21C>T;36T>C;42C>G;51C>T;54G>A;57T>G;60T>C;66G>A;84C>T;87T>C;108G>C;120A>G;123T>C;132C>T;138T>C;141A>G;156T>C;165G>A;171T>G;174A>G;177G>A;180G>C;199T>G;201G>C],NA,p.Trp67Gly,-1.3856246370372225,-1.4775102027561715,-1.232180262581729,0.0773624977195139,-1.3698673,-15.0,-25.0,-0.5717939986885742
urn:mavedb:00000394-a-1#1462,c.[24C>T;30G>C;42C>G;51C>T;120A>G;123T>C;144C>T;165G>A;171T>G;174A>G;177G>A;199T>A;200G>T],NA,p.Trp67Met,-1.1435066077976055,-1.1655475197490135,-1.11740853927816,0.0222727061816365,-1.4726429,0.0729214334860502,0.0162143544592057,0.1368790660278634
urn:mavedb:00000394-a-1#1463,c.[3C>T;6T>G;21C>T;36T>C;42C>G;105C>T;108G>C;111G>C;114C>T;120A>G;123T>C;126C>T;129G>A;138T>C;141A>G;150C>T;180G>C;183A>G;198G>T;199T>C;200G>T],NA,p.Trp67Leu,-1.1255877484533805,-1.1793755268816095,-1.067778017345398,0.0517378650115687,-1.4598346,0.0857063509376938,-0.0561897921308392,0.2221714087958745
urn:mavedb:00000394-a-1#1464,c.[3C>T;6T>G;12C>T;21C>T;36T>C;42C>G;48C>T;72C>T;75C>T;120A>G;123T>C;129G>A;141A>G;165G>A;171T>G;199T>G;200G>T;201G>T],NA,p.Trp67Val,-1.2996858240835525,-1.354051980006726,-1.270545381842353,0.029424928743087,-1.4045734,-0.7525440232766873,-1.2136249130817292,-0.5899955247595804
urn:mavedb:00000394-a-1#1465,c.[3C>T;6T>G;12C>T;21C>T;39C>T;42C>G;51C>T;54G>A;99G>C;120A>G;123T>C;129G>A;141A>G;168G>A;171T>G;174A>G;177G>A;180G>C;199T>A;200G>T;201G>C],NA,p.Trp67Ile,-1.2032819937123291,-1.2436346903118334,-1.173420626963405,0.0280181430930311,-1.4239593,-0.2389739927619667,-0.3851224717461422,-0.1436229395409655
urn:mavedb:00000394-a-1#1466,c.[3C>T;6T>G;21C>T;36T>C;42C>G;114C>T;120A>G;132C>T;138T>C;141A>G;165G>A;171T>G;174A>G;177G>A;183A>G;200G>A;201G>C],NA,p.Trp67Tyr,-0.1160775111288734,-0.13180311372184,-0.1015389673297482,0.0413222520004091,-1.4923005,1.8144332924255613,1.7924421558565222,1.834735020496279
urn:mavedb:00000394-a-1#1467,c.[21C>T;42C>G;57T>G;105C>T;108G>C;120A>G;123T>C;126C>T;129G>A;153A>G;156T>C;177G>A;200G>T;201G>C],NA,p.Trp67Phe,-0.3238027297751751,-0.3726171976190852,-0.2776450062969426,0.0481582244708783,-1.505393,1.539389067905088,1.469222284172217,1.6052367846765376
urn:mavedb:00000394-a-1#1468,c.[9G>A;12C>T;21C>T;36T>C;42C>G;78C>T;108G>C;120A>G;141A>G;165G>A;168G>A;174A>G;199T>C;200G>C],NA,p.Trp67Pro,-1.4116059538692087,-1.4860400461990289,-1.3241452237871825,0.0390717028229066,-1.2925372,-15.0,-25.0,-5.0
urn:mavedb:00000394-a-1#1469,c.[3C>T;6T>G;36T>C;42C>G;51C>T;105C>T;123T>C;129G>A;141A>G;165G>A;171T>G;174A>G;177G>A;201G>C],NA,p.Trp67Cys,-0.9480113802791704,-0.969543756963884,-0.9252707085249569,0.0267340087999117,-1.4575033,0.4659274130034391,0.4238006802715294,0.5094151633987399
urn:mavedb:00000394-a-1#1470,c.[21C>T;36T>C;42C>G;48C>T;120A>G;123T>C;141A>G;165G>A;171T>G;174A>G;198delinsTGGT],NA,p.Ala66_Trp67insGly,-1.4861809765581244,-1.5130880116933068,-1.4564398579035298,0.0271716735001814,-1.4524689,-15.0,-25.0,-5.0
urn:mavedb:00000394-a-1#1471,c.[6T>G;9G>A;21C>T;36T>C;42C>G;60T>C;72C>T;75C>T;120A>G;123T>C;126C>T;141A>G;168G>A;174A>G;198_199insGCG],NA,p.Ala66_Trp67insAla,-1.4750914904883836,-1.516365970845705,-1.4326964873671175,0.0380407390198689,-1.5019608,-1.5958922021514168,-25.0,-1.0178264330645967
urn:mavedb:00000394-a-1#1472,c.[3C>T;6T>G;21C>T;36T>C;42C>G;51C>T;78C>T;120A>G;123T>C;141A>G;165G>A;168G>A;171T>G;174A>G;177G>A;199_201del],NA,p.Trp67del,-1.179524924916684,-1.2101170168667603,-1.14978410118231,0.0334299926104148,-1.3895016,-0.2755298404590405,-0.3888164070244712,-0.1771262998877067
urn:mavedb:00000394-a-1#1473,c.[3C>T;15A>G;21C>T;36T>C;39C>T;42C>G;51C>T;57T>G;87T>C;102T>C;123T>C;129G>A;138T>C;141A>G;165G>A;171T>G;174A>G;202A>C;203T>A],NA,p.Met68Gln,-0.0259646770679251,-0.0523873646296518,0.0037169552293605,0.0923371369359174,-1.4582214,1.89266461446902,1.8558768106873085,1.9338956703730408
urn:mavedb:00000394-a-1#1474,c.[3C>T;6T>G;21C>T;36T>C;42C>G;48C>T;54G>A;57T>G;120A>G;123T>C;141A>G;165G>A;168G>A;171T>G;174A>G;202A>G;203T>A;204G>A;207T>C],NA,p.Met68Glu,-0.3989878428896307,-0.4104249507352016,-0.3825783516701163,0.0538690836561369,-1.3556118,1.2103851879012524,1.1931659475838003,1.2349938616206404
urn:mavedb:00000394-a-1#1475,c.[3C>T;6T>G;12C>T;21C>T;42C>G;84C>T;105C>T;120A>G;123T>C;126C>T;141A>G;177G>A;203T>A;204G>T],NA,p.Met68Asn,-0.558222648835955,-0.6002815358935353,-0.5248494740845439,0.0667033242376147,-1.4284487,1.0786954303447656,1.0132141746149783,1.129953069033139
urn:mavedb:00000394-a-1#1476,c.[3C>T;6T>G;18C>T;21C>T;36T>C;42C>G;51C>T;54G>A;57T>G;69T>C;72C>T;84C>T;90T>C;120A>G;123T>C;132C>T;135C>T;141A>G;156T>C;171T>G;174A>G;177G>A;202A>C;203T>A;204G>T],NA,p.Met68His,1.703225643299771,1.6203321367779049,1.7735429332624033,0.0910823682743926,-1.4129047,4.262043717870793,4.132406094596279,4.375718973028362
urn:mavedb:00000394-a-1#1477,c.[3C>T;6T>G;15A>G;21C>T;36T>C;42C>G;51C>T;54G>A;87T>C;120A>G;123T>C;141A>G;171T>G;174A>G;177G>A;202A>G;203T>A;204G>T],NA,p.Met68Asp,-0.8799829807646133,-0.9001436411642647,-0.8637555664615576,0.0427086181248289,-1.3057914,0.2961781112395218,0.2524566798734587,0.330491088906404
urn:mavedb:00000394-a-1#1478,c.[3C>T;6T>G;21C>T;36T>C;42C>G;78C>T;120A>G;174A>G;202A>C;203T>G;204G>T],NA,p.Met68Arg,-0.3637187440202504,-0.443900600217592,-0.323655399065718,0.0662486320221724,-1.577198,1.5847865473108826,1.4698563625020844,1.6416884290456375
urn:mavedb:00000394-a-1#1479,c.[3C>T;6T>G;21C>T;36T>C;42C>G;72C>T;75C>T;114C>T;120A>G;135C>T;165G>A;168G>A;177G>A;203T>A;204G>A],NA,p.Met68Lys,-0.241991698379815,-0.2550526122254837,-0.2285868458450283,0.0389868250866484,-1.4734192,1.6105414853159812,1.5919623204550912,1.6295747708253003
urn:mavedb:00000394-a-1#1480,c.[3C>T;6T>G;21C>T;36T>C;42C>G;66G>A;72C>T;75C>T;120A>G;123T>C;126C>T;141A>G;144C>T;171T>G;174A>G;177G>A;203T>C;204G>C],NA,p.Met68Thr,-0.3120778060660626,-0.3297410057206732,-0.2497624322700295,0.0699973196428165,-1.4797983,1.5195619987791202,1.4941788760034067,1.6085482171016892
urn:mavedb:00000394-a-1#1481,c.[21C>T;39C>T;42C>G;78C>T;99G>C;120A>G;123T>C;126C>T;165G>A;171T>G;174A>G;177G>A;202A>T;203T>C;204G>C],NA,p.Met68Ser,-0.3073091611137764,-0.3411858695139991,-0.2833741603165309,0.0385521000102643,-1.4951215,1.5483134531962552,1.4997287061863185,1.582484115082756
urn:mavedb:00000394-a-1#1482,c.[3C>T;9G>A;21C>T;36T>C;42C>G;54G>A;57T>G;75C>T;102T>C;114C>T;120A>G;123T>C;126C>T;132C>T;138T>C;141A>G;147G>C;150C>T;165G>A;168G>A;177G>A;202A>G;203T>C],NA,p.Met68Ala,0.0297443418531824,-0.062541703132877,0.1106652682385622,0.0752626756972424,-1.5027542,2.0313447807295306,1.903553522815304,2.14279141627697
urn:mavedb:00000394-a-1#1483,c.[21C>T;36T>C;42C>G;69T>C;72C>T;120A>G;123T>C;126C>T;129G>A;165G>A;171T>G;174A>G;202A>G;203T>G;204G>T],NA,p.Met68Gly,-0.8983939641429172,-0.9136015138626143,-0.8365828533144556,0.0349480345378945,-1.4518609,0.5491784397690725,0.5207827207729149,0.6608819252544761
urn:mavedb:00000394-a-1#1484,c.[3C>T;6T>G;12C>T;21C>T;36T>C;42C>G;51C>T;72C>T;75C>T;120A>G;123T>C;141A>G;165G>A;171T>G;174A>G;177G>A;202A>C],NA,p.Met68Leu,0.7335447487172873,0.6342169236618661,0.7889823415229185,0.0515376793286981,-1.482872,2.966505121634817,2.8308791737271743,3.04234398314476
urn:mavedb:00000394-a-1#1485,c.[3C>T;6T>G;12C>T;21C>T;36T>C;39C>T;48C>T;51C>T;54G>A;102T>C;120A>G;123T>C;126C>T;132C>T;141A>G;174A>G;202A>G;204G>T],NA,p.Met68Val,0.2308433832308237,0.2071421073818609,0.2413065002121577,0.0435026553309095,-1.4655647,2.2568935585178656,2.224405567833858,2.2712269596177963
urn:mavedb:00000394-a-1#1486,c.[3C>T;6T>G;12C>T;21C>T;36T>C;42C>G;60T>C;63G>C;66G>A;69T>C;72C>T;120A>G;129G>A;138T>C;141A>G;153A>G;165G>A;171T>G;177G>A;183A>G;204G>T;207T>C],NA,p.Met68Ile,0.5267544533827394,0.4535799055691824,0.5617597091600368,0.0600938454284292,-1.4769292,2.676340087443439,2.576582589969553,2.724062816550319
urn:mavedb:00000394-a-1#1487,c.[3C>T;6T>G;12C>T;21C>T;36T>C;42C>G;51C>T;69T>C;72C>T;120A>G;123T>C;141A>G;165G>A;168G>A;171T>G;174A>G;180G>C;183A>G;202A>T;203T>G],NA,p.Met68Trp,0.0688104425520583,0.0457353202258662,0.1290692191977346,0.0843438656391129,-1.510921,2.0964138561238403,2.0646292929280023,2.1792381141125654
urn:mavedb:00000394-a-1#1488,c.[9G>A;21C>T;36T>C;42C>G;60T>C;69T>C;75C>T;108G>C;120A>G;168G>A;174A>G;180G>C;202A>T;203T>A;204G>C],NA,p.Met68Tyr,0.0078514549634686,-0.0126218327675718,0.0294360075571045,0.1083144228066999,-1.4678068,1.95288084925179,1.924482931093462,1.982774763492332
urn:mavedb:00000394-a-1#1489,c.[3C>T;6T>G;21C>T;36T>C;42C>G;48C>T;69T>C;72C>T;120A>G;123T>C;138T>C;141A>G;174A>G;202A>T;204G>C],NA,p.Met68Phe,0.0345614904152811,0.0101916331059399,0.0635856156985933,0.0489862456434125,-1.4948297,2.027090983816281,1.993415947520066,2.067131163325372
urn:mavedb:00000394-a-1#1490,c.[3C>T;6T>G;21C>T;36T>C;42C>G;51C>T;54G>A;69T>C;72C>T;120A>G;123T>C;129G>A;141A>G;162G>C;165G>A;171T>G;177G>A;202A>C;203T>C],NA,p.Met68Pro,-1.2824901212036384,-1.3945198414431257,-1.2160493580717704,0.0362598545590399,-1.3688321,-0.8782305938020631,-25.0,-0.500809477303147
urn:mavedb:00000394-a-1#1491,c.[21C>T;36T>C;42C>G;72C>T;75C>T;120A>G;123T>C;126C>T;129G>A;141A>G;165G>A;171T>G;177G>A;180G>C;202A>T;203T>G;204G>T],NA,p.Met68Cys,0.1206520875215656,0.1068441470187873,0.1359020626510985,0.0366337856813738,-1.4821577,2.12831930447158,2.1093229402938816,2.149284562312688
urn:mavedb:00000394-a-1#1492,c.[21C>T;36T>C;42C>G;51C>T;57T>G;120A>G;123T>C;135C>T;138T>C;141A>G;165G>A;171T>G;174A>G;177G>A;180G>C;192C>T;201_202insGGC],NA,p.Trp67_Met68insGly,-1.080956981347862,-1.1258174857535386,-1.0302696062104664,0.0303089334667462,-1.4581909,0.1884729893840976,0.0810368070419868,0.3006165734151973
urn:mavedb:00000394-a-1#1493,c.[21C>T;36T>C;39C>T;51C>T;69T>C;72C>T;102T>C;111G>C;120A>G;123T>C;129G>A;138T>C;165G>A;168G>A;177G>A;180G>C;201_202insGCG],NA,p.Trp67_Met68insAla,-0.5110500102374428,-0.5343272012770545,-0.472795415282306,0.0340895351428812,-1.5080533,1.270507467199666,1.2358045546772412,1.32709845091282
urn:mavedb:00000394-a-1#1494,c.[21C>T;36T>C;42C>G;108G>C;120A>G;123T>C;126C>T;129G>A;141A>G;165G>A;171T>G;174A>G;177G>A;180G>C;202_204del],NA,p.Met68del,0.318666416963178,0.2948727704941506,0.3549919668705549,0.0375951045036119,-1.4258504,2.323093730507225,2.290513030300903,2.37279492403118
urn:mavedb:00000394-a-1#1495,c.[3C>T;6T>G;15A>G;21C>T;36T>C;42C>G;51C>T;120A>G;123T>C;165G>A;171T>G;174A>G;177G>A;206G>A;207T>G],NA,p.Arg69Gln,0.4483310041899101,0.4152596388020862,0.525598546608574,0.0761427077709514,-1.3274279,2.366894859997285,2.3215645197675525,2.472707202801232
urn:mavedb:00000394-a-1#1496,c.[3C>T;6T>G;12C>T;21C>T;36T>C;42C>G;54G>A;63G>C;69T>C;72C>T;75C>T;120A>G;123T>C;126C>T;165G>A;171T>G;174A>G;177G>A;205C>G;206G>A;207T>A],NA,p.Arg69Glu,0.4574870743936073,0.3997235486977113,0.5071144460083231,0.05661692508217,-1.2379293,2.257695775224501,2.1781915763482056,2.3259033976457
urn:mavedb:00000394-a-1#1497,c.[3C>T;6T>G;21C>T;36T>C;42C>G;51C>T;63G>C;111G>C;123T>C;135C>T;138T>C;141A>G;165G>A;168G>A;177G>A;205C>A;206G>A;207T>C],NA,p.Arg69Asn,0.4779083470397008,0.423987257984512,0.5365328975464952,0.0917400311478719,-1.3138905,2.3890408184371013,2.315119762201097,2.4693397879935155
urn:mavedb:00000394-a-1#1498,c.[3C>T;6T>G;12C>T;21C>T;36T>C;42C>G;51C>T;99G>C;120A>G;123T>C;132C>T;135C>T;141A>G;206G>A;207T>C],NA,p.Arg69His,0.3481619588717697,0.2946081530959431,0.3857932067029877,0.0780496073460906,-1.3147755,2.212212690191018,2.1385208410522267,2.2639103901664392
urn:mavedb:00000394-a-1#1499,c.[3C>T;6T>G;12C>T;21C>T;36T>C;42C>G;60T>C;120A>G;132C>T;141A>G;144C>T;165G>A;171T>G;174A>G;177G>A;183A>G;205C>G;206G>A;207T>C],NA,p.Arg69Asp,0.2327557237888183,0.174102785630289,0.273565659026513,0.0723314165298078,-1.2469587,1.9597569214329773,1.8781466512889624,2.0163491521658643
urn:mavedb:00000394-a-1#1500,c.[3C>T;6T>G;21C>T;36T>C;42C>G;57T>G;102T>C;120A>G;123T>C;126C>T;141A>G;147G>C;153A>G;156T>C;162G>C;165G>A;171T>G;174A>G;177G>A;180G>C;183A>G;198G>T;205C>A;206G>A;207T>A],NA,p.Arg69Lys,0.4745998932671351,0.4105627935851736,0.5236714814074973,0.0907866108032862,-1.4156251,2.52237425787214,2.4348929162286588,2.5893780720273853
urn:mavedb:00000394-a-1#1501,c.[18C>T;21C>T;27G>A;42C>G;48C>T;69T>C;72C>T;120A>G;123T>C;171T>G;174A>G;177G>A;183A>G;205C>A;206G>C;207T>C],NA,p.Arg69Thr,0.2691239735133461,0.2377911437927482,0.3023342983466559,0.0320989624377117,-1.3390079,2.136599654314748,2.093418281841548,2.1823028090045056
urn:mavedb:00000394-a-1#1502,c.[3C>T;6T>G;18C>T;21C>T;36T>C;39C>T;42C>G;48C>T;54G>A;63G>C;120A>G;123T>C;141A>G;171T>G;174A>G;177G>A;180G>C;205C>T;206G>C],NA,p.Arg69Ser,0.2923099455079667,0.2668787760219713,0.4075346660339827,0.0763379549526826,-1.3484511,2.181424045892007,2.146435827371009,2.3395615232728986
urn:mavedb:00000394-a-1#1503,c.[3C>T;6T>G;15A>G;21C>T;36T>C;42C>G;54G>A;60T>C;66G>A;69T>C;72C>T;75C>T;120A>G;123T>C;126C>T;141A>G;171T>G;177G>A;205C>G;206G>C;207T>G],NA,p.Arg69Ala,0.4964537211530551,0.4325760573451622,0.5845981171199809,0.1178703448426119,-1.3669052,2.486296729986549,2.3989162400418262,2.606800189474242
urn:mavedb:00000394-a-1#1504,c.[6T>G;9G>A;21C>T;36T>C;42C>G;57T>G;63G>C;66G>A;69T>C;72C>T;120A>G;126C>T;129G>A;141A>G;165G>A;171T>G;177G>A;205C>G],NA,p.Arg69Gly,0.0457204864970397,0.0284427245978185,0.0618091679846774,0.0564867517511524,-1.3421178,1.831252718925577,1.8070927734917253,1.8537160787670013
urn:mavedb:00000394-a-1#1505,c.[12C>T;21C>T;36T>C;42C>G;51C>T;120A>G;123T>C;177G>A;183A>G;205C>A;206G>T;207T>G],NA,p.Arg69Met,0.4072805009113785,0.3753011573064513,0.418573673553521,0.0501250243037613,-1.420454,2.4369538072207666,2.3932409152968788,2.452384927357519
urn:mavedb:00000394-a-1#1506,c.[3C>T;6T>G;21C>T;36T>C;42C>G;48C>T;69T>C;72C>T;120A>G;123T>C;141A>G;144C>T;165G>A;171T>G;174A>G;177G>A;206G>T;207T>G],NA,p.Arg69Leu,0.4118756056219509,0.3875819548226534,0.4390842924044204,0.0438512631857159,-1.4109468,2.430344367160989,2.397130894966589,2.46752777523262
urn:mavedb:00000394-a-1#1507,c.[6T>G;9G>A;21C>T;36T>C;42C>G;57T>G;72C>T;75C>T;78C>T;120A>G;123T>C;126C>T;129G>A;165G>A;168G>A;177G>A;180G>C;205C>G;206G>T],NA,p.Arg69Val,0.1937381633071995,0.1646261577548636,0.2680947133692618,0.0667460756940519,-1.3659306,2.0695978281708274,2.029391193136665,2.1720201064447893
urn:mavedb:00000394-a-1#1508,c.[3C>T;6T>G;21C>T;36T>C;42C>G;120A>G;141A>G;165G>A;168G>A;171T>G;174A>G;177G>A;183A>G;205C>A;206G>T;207T>C],NA,p.Arg69Ile,0.2546355625057909,0.2326317657565437,0.3009745711329482,0.0497625047313658,-1.3922181,2.1894492715753624,2.1592036167343283,2.2530610328881955
urn:mavedb:00000394-a-1#1509,c.[6T>G;9G>A;21C>T;36T>C;42C>G;51C>T;63G>C;69T>C;72C>T;120A>G;123T>C;141A>G;165G>A;171T>G;183A>G;205C>T;207T>G],NA,p.Arg69Trp,0.0613580209798496,0.0023656165981749,0.0847742657136739,0.0969376043425802,-1.4242573,1.9668789420790256,1.884966768994779,1.999296657501364
urn:mavedb:00000394-a-1#1510,c.[15A>G;21C>T;27G>A;42C>G;48C>T;120A>G;123T>C;141A>G;180G>C;205C>T;206G>A;207T>C],NA,p.Arg69Tyr,0.0958990096795628,0.0504777512958436,0.1555588798991117,0.0482382061282068,-1.3959532,1.975663230835619,1.912642222951013,2.058150535539512
urn:mavedb:00000394-a-1#1511,c.[3C>T;6T>G;12C>T;21C>T;36T>C;42C>G;54G>A;72C>T;75C>T;120A>G;123T>C;126C>T;171T>G;174A>G;177G>A;205C>T;206G>T;207T>C],NA,p.Arg69Phe,0.0794278768413305,0.06166087382284,0.0872837124941755,0.0412827544054916,-1.4195447,1.9854009598170577,1.960791148115331,1.9962730291636623
urn:mavedb:00000394-a-1#1512,c.[3C>T;6T>G;15A>G;21C>T;36T>C;42C>G;51C>T;66G>A;69T>C;72C>T;120A>G;123T>C;135C>T;141A>G;165G>A;171T>G;174A>G;177G>A;206G>C;207T>G],NA,p.Arg69Pro,-0.7993648904270054,-0.8367491888697355,-0.7595772697900389,0.0483661813814684,-1.2489767,0.3462970694748785,0.2668984618142519,0.426770110466203
urn:mavedb:00000394-a-1#1513,c.[21C>T;36T>C;42C>G;48C>T;54G>A;72C>T;75C>T;120A>G;123T>C;141A>G;165G>A;171T>G;174A>G;177G>A;205C>T;207T>C],NA,p.Arg69Cys,0.181659084799126,0.1710442595367708,0.1977745267459345,0.0397397874599919,-1.386065,2.080578764117895,2.06593584551368,2.1027940411280497
urn:mavedb:00000394-a-1#1514,c.[3C>T;6T>G;21C>T;24C>T;36T>C;42C>G;72C>T;75C>T;123T>C;126C>T;132C>T;135C>T;138T>C;141A>G;165G>A;168G>A;171T>G;174A>G;204_205insGGT],NA,p.Met68_Arg69insGly,-0.1558487348601455,-0.1659528832533234,-0.1432299790993564,0.0315430174565111,-1.4796696,1.741052858719326,1.72684887406287,1.758769747348612
urn:mavedb:00000394-a-1#1515,c.[21C>T;30G>C;42C>G;48C>T;72C>T;75C>T;120A>G;123T>C;138T>C;141A>G;165G>A;168G>A;204_205insGCG],NA,p.Met68_Arg69insAla,0.1188743960967728,0.1052291598073772,0.1427745631403676,0.0508367177095802,-1.5198569,2.1774598221934647,2.1587262155212423,2.210245359790428
urn:mavedb:00000394-a-1#1516,c.[6T>G;9G>A;12C>T;21C>T;36T>C;42C>G;51C>T;54G>A;69T>C;72C>T;84C>T;120A>G;123T>C;141A>G;174A>G;205_207del],NA,p.Arg69del,0.6135166777666554,0.5853025564670292,0.6275256840186896,0.0586681866759607,-1.34372,2.615034514781421,2.576440188105856,2.6341991625334344
urn:mavedb:00000394-a-1#1517,c.[21C>T;42C>G;99G>C;115T>C;116C>A;117T>G;120A>G;121A>C;122C>A;123T>A;165G>A;168G>A;171T>G;174A>G;198G>T;207T>C],NA,p.[Ser39Gln;Thr41Gln],-0.7683451714797426,-0.7917070709248727,-0.7310785629180746,0.0315391511248529,-1.5200133,0.8910785356322022,0.8529202513390404,0.951053960758725
urn:mavedb:00000394-a-1#1518,c.[21C>T;36T>C;42C>G;69T>C;72C>T;115T>C;116C>A;117T>G;120A>G;121A>G;122C>A;123T>A;165G>A;171T>G;174A>G;177G>A],NA,p.[Ser39Gln;Thr41Glu],-0.7731386836343193,-0.7895378533446639,-0.7285843110976965,0.0404791783813639,-1.507585,0.8630023342120506,0.8360243665454216,0.9351777783930064
urn:mavedb:00000394-a-1#1519,c.[3C>T;21C>T;36T>C;42C>G;72C>T;75C>T;108G>C;115T>C;116C>A;117T>G;120A>G;122C>A;123T>C;141A>G;144C>T;177G>A],NA,p.[Ser39Gln;Thr41Asn],-0.4944345604271191,-0.5223776995204941,-0.4493251325106462,0.0307200526161205,-1.5194278,1.3119493558435835,1.2705624107194071,1.378192078154722
urn:mavedb:00000394-a-1#1520,c.[3C>T;6T>G;12C>T;21C>T;36T>C;42C>G;69T>C;72C>T;115T>C;116C>A;117T>G;120A>G;121A>C;122C>A;123T>C;141A>G;174A>G],NA,p.[Ser39Gln;Thr41His],-0.7324848918467973,-0.7455886463310184,-0.7215347475034612,0.0314442531722145,-1.5148973,0.940635927802329,0.9196033017725768,0.9581159577198816
urn:mavedb:00000394-a-1#1521,c.[3C>T;12C>T;21C>T;36T>C;42C>G;115T>C;116C>A;117T>G;120A>G;121A>G;122C>A;123T>C;141A>G],NA,p.[Ser39Gln;Thr41Asp],-1.115305538766217,-1.1403139086030372,-1.0717557550125636,0.0203435814263051,-1.509315,0.2265351044524306,0.1693802086074188,0.3210064680395018
urn:mavedb:00000394-a-1#1522,c.[3C>T;6T>G;36T>C;42C>G;75C>T;87T>C;115T>C;116C>A;117T>G;120A>G;121A>C;122C>G;141A>G;165G>A;171T>G;174A>G;177G>A],NA,p.[Ser39Gln;Thr41Arg],-0.8819302826165074,-0.902019014479579,-0.8564910879044381,0.0396128019429383,-1.5386772,0.7329050784774939,0.6982495113436596,0.7761494052813932
urn:mavedb:00000394-a-1#1523,c.[21C>T;36T>C;39C>T;42C>G;72C>T;75C>T;115T>C;116C>A;117T>G;120A>G;122C>A;123T>A;180G>C],NA,p.[Ser39Gln;Thr41Lys],-1.0005920767127,-1.0405312955576682,-0.9778922576881732,0.0206703511548605,-1.5214767,0.4878076981316758,0.4098364167428717,0.5307372552173272
urn:mavedb:00000394-a-1#1524,c.[3C>T;6T>G;12C>T;21C>T;36T>C;42C>G;72C>T;75C>T;99G>C;111G>C;115T>C;116C>A;117T>G;121A>T;141A>G;165G>A;168G>A;174A>G;198G>T],NA,p.[Ser39Gln;Thr41Ser],-0.6750288564565057,-0.6993831585336284,-0.6607968399472272,0.0308208084742437,-1.5190768,1.0379717684020278,0.9998068450111548,1.06010841955249
urn:mavedb:00000394-a-1#1525,c.[21C>T;36T>C;42C>G;75C>T;115T>C;116C>A;117T>G;121A>G;123T>G;141A>G;165G>A;171T>G;174A>G;177G>A],NA,p.[Ser39Gln;Thr41Ala],-1.0093291792025327,-1.045599301898846,-0.9494893341616352,0.0251311778538793,-1.5230365,0.4740343103618814,0.4028233174866794,0.586052805345899
urn:mavedb:00000394-a-1#1526,c.[3C>T;6T>G;21C>T;36T>C;42C>G;78C>T;99G>C;115T>C;116C>A;117T>G;121A>G;122C>G;123T>C;141A>G;165G>A;171T>G;174A>G;177G>A],NA,p.[Ser39Gln;Thr41Gly],-1.2036891909614806,-1.247802969795318,-1.1680305296496842,0.0228496981628164,-1.5212917,0.0435663008509451,-0.075950428715326,0.1321382388933915
urn:mavedb:00000394-a-1#1527,c.[3C>T;6T>G;21C>T;36T>C;42C>G;115T>C;116C>A;117T>G;120A>G;122C>T;123T>G;141A>G;165G>A;168G>A;174A>G],NA,p.[Ser39Gln;Thr41Met],-0.6462620089293754,-0.6544079236302326,-0.6289560050754778,0.034129996215629,-1.5319786,1.1024483506088318,1.0899170598051806,1.1289561807846062
urn:mavedb:00000394-a-1#1528,c.[21C>T;27G>A;36T>C;42C>G;115T>C;116C>A;117T>G;120A>G;121A>T;122C>G;123T>C;141A>G;177G>A],NA,p.[Ser39Gln;Thr41Cys],-0.1891348011284667,-0.2479650733887667,-0.1693102302971202,0.0666726804595221,-1.5283971,1.7625883574656516,1.6798186050448711,1.7903601055342264
urn:mavedb:00000394-a-1#1529,c.[6T>G;9G>A;21C>T;36T>C;42C>G;57T>G;69T>C;72C>T;115T>C;116C>A;117T>G;120A>G;121A>C;122C>T;123T>G;153A>G;165G>A;171T>G;177G>A;180G>C;183A>G;198G>T;207T>C],NA,p.[Ser39Gln;Thr41Leu],-0.6737640133151501,-0.6934551703123063,-0.6576383520203817,0.0384680635248532,-1.5270042,1.0522758475689211,1.021557458660433,1.0772635366973262
urn:mavedb:00000394-a-1#1530,c.[21C>T;36T>C;42C>G;72C>T;75C>T;108G>C;111G>C;115T>C;116C>A;117T>G;120A>G;121A>G;122C>T;144C>T;171T>G;177G>A;198G>T],NA,p.[Ser39Gln;Thr41Val],-0.5625138156203153,-0.585811872175663,-0.5353606448339778,0.0282664361543474,-1.5269523,1.2218751031917106,1.1868296616510463,1.262434578264234
urn:mavedb:00000394-a-1#1531,c.[21C>T;36T>C;42C>G;115T>C;116C>A;117T>G;120A>G;122C>T;123T>C;138T>C;141A>G;165G>A;171T>G;174A>G],NA,p.[Ser39Gln;Thr41Ile],-0.508473371380016,-0.5259258370330212,-0.478168737577138,0.0290845297623128,-1.5341606,1.3129540076778614,1.2871435957539583,1.3575209180268517
urn:mavedb:00000394-a-1#1532,c.[21C>T;36T>C;42C>G;115T>C;116C>A;117T>G;120A>G;121A>T;122C>G;123T>G;165G>A;171T>G;174A>G;177G>A;198G>T;207T>C],NA,p.[Ser39Gln;Thr41Trp],0.081542226869099,0.0473898945574225,0.1055172561879655,0.0598296783722819,-1.531024,2.141469346265833,2.094502836596092,2.174392726094083
urn:mavedb:00000394-a-1#1533,c.[6T>G;9G>A;12C>T;21C>T;36T>C;42C>G;72C>T;75C>T;115T>C;116C>A;117T>G;120A>G;121A>T;122C>A;123T>C;165G>A;168G>A;174A>G],NA,p.[Ser39Gln;Thr41Tyr],-0.0689138063116092,-0.0947386501516562,-0.0533246511874894,0.0385921268190183,-1.5303192,1.9328727085333923,1.897019544312803,1.9544809986827896
urn:mavedb:00000394-a-1#1534,c.[15A>G;21C>T;36T>C;42C>G;72C>T;75C>T;115T>C;116C>A;117T>G;120A>G;121A>T;122C>T;123T>C;165G>A;168G>A;171T>G;174A>G;177G>A],NA,p.[Ser39Gln;Thr41Phe],-0.1071446010498222,-0.1167868008015763,-0.088501402700797,0.038199070619246,-1.5375009,1.889733607952744,1.876322672392024,1.9156334586146964
urn:mavedb:00000394-a-1#1535,c.[21C>T;36T>C;42C>G;63G>C;75C>T;87T>C;102T>C;115T>C;116C>A;117T>G;120A>G;121A>C;123T>A;129G>A;132C>T;141A>G;165G>A;171T>G;174A>G;177G>A;198G>T],NA,p.[Ser39Gln;Thr41Pro],-1.3037579409306077,-1.3821350074320429,-1.2558013155154406,0.0349252093820115,-1.5296855,-0.2215552444203166,-0.5247506643549394,-0.0748226510059179
urn:mavedb:00000394-a-1#1536,c.[21C>T;36T>C;42C>G;72C>T;75C>T;114C>T;115T>G;116C>A;117T>A;120A>G;121A>C;122C>A;123T>A;156T>C;165G>A;171T>G;174A>G;198G>T],NA,p.[Ser39Glu;Thr41Gln],-0.8028156737655581,-0.8262530015222935,-0.7804477568756046,0.0329065265539822,-1.5144043,0.8253294020396716,0.7862070158136931,0.8621951786643437
urn:mavedb:00000394-a-1#1537,c.[3C>T;6T>G;21C>T;36T>C;42C>G;72C>T;75C>T;115T>G;116C>A;117T>G;120A>G;121A>G;122C>A;123T>A;141A>G;165G>A;171T>G;174A>G;177G>A],NA,p.[Ser39Glu;Thr41Glu],-1.03771574090317,-1.0766089579368765,-0.9866342152885078,0.0390237183042583,-1.502656,0.3776176125991758,0.2965999567809629,0.4784951419259257
urn:mavedb:00000394-a-1#1538,c.[3C>T;6T>G;21C>T;36T>C;42C>G;54G>A;72C>T;75C>T;102T>C;115T>G;116C>A;117T>A;120A>G;122C>A;141A>G;165G>A;171T>G;174A>G;177G>A],NA,p.[Ser39Glu;Thr41Asn],-0.3901496282401501,-0.4059574729604111,-0.3758977560911593,0.0365305327510324,-1.5139179,1.456194588441274,1.4333054956789908,1.4767735392401846
urn:mavedb:00000394-a-1#1539,c.[3C>T;6T>G;21C>T;36T>C;42C>G;60T>C;72C>T;75C>T;87T>C;102T>C;115T>G;116C>A;117T>A;120A>G;121A>C;122C>A;123T>C;141A>G;153A>G;165G>A;171T>G;174A>G;198G>T],NA,p.[Ser39Glu;Thr41His],-0.6383925568334728,-0.6530566906809839,-0.6204705910290939,0.0347290917227976,-1.5101886,1.0810326510307189,1.0583353588499538,1.1086126166110213
urn:mavedb:00000394-a-1#1540,c.[3C>T;15A>G;30G>C;39C>T;42C>G;54G>A;63G>C;75C>T;90T>C;99G>C;115T>G;116C>A;117T>G;120A>G;121A>G;122C>A;141A>G;165G>A;168G>A;171T>G;174A>G;180G>C],NA,p.[Ser39Glu;Thr41Asp],-1.2668922427633178,-1.320657540839055,-1.2102513302002726,0.0356847192308984,-1.5041685,-0.1848725070008579,-0.3727045421575835,-0.0190434826146871
urn:mavedb:00000394-a-1#1541,c.[21C>T;36T>C;42C>G;99G>C;115T>G;116C>A;117T>A;121A>C;122C>G;123T>C;135C>T;138T>C;141A>G;165G>A;171T>G;174A>G;177G>A],NA,p.[Ser39Glu;Thr41Arg],-0.2576229649812153,-0.2638247525328571,-0.2436546398213099,0.0430918122870934,-1.5234609,1.659207620634934,1.6504323152046578,1.6789469745174996
urn:mavedb:00000394-a-1#1542,c.[3C>T;6T>G;18C>T;21C>T;36T>C;42C>G;63G>C;66G>A;102T>C;115T>G;116C>A;117T>A;122C>A;123T>A;144C>T;150C>T;165G>A;171T>G;174A>G;177G>A;195G>A],NA,p.[Ser39Glu;Thr41Lys],-0.4734463190550256,-0.5053316587046368,-0.4569741732421506,0.0497034786121981,-1.5147309,1.3359574384809805,1.2888942609397205,1.3601350788389592
urn:mavedb:00000394-a-1#1543,c.[3C>T;6T>G;12C>T;21C>T;36T>C;42C>G;60T>C;63G>C;72C>T;75C>T;115T>G;116C>A;117T>G;121A>T;126C>T;141A>G;162G>C;165G>A;168G>A;177G>A],NA,p.[Ser39Glu;Thr41Ser],-0.278494323335473,-0.3117894814565872,-0.1678152152361917,0.0878251808638677,-1.5134459,1.615455229471292,1.5680543346087523,1.7715581402063652
urn:mavedb:00000394-a-1#1544,c.[6T>G;9G>A;12C>T;21C>T;36T>C;42C>G;54G>A;57T>G;72C>T;75C>T;78C>T;115T>G;116C>A;117T>A;120A>G;121A>G;132C>T;138T>C;141A>G;144C>T;150C>T;168G>A;174A>G;180G>C],NA,p.[Ser39Glu;Thr41Ala],-0.7032579620816133,-0.7279347608661005,-0.6808475928379479,0.0305283804062311,-1.5161457,0.9890767928137268,0.949901954036676,1.024304965568528
urn:mavedb:00000394-a-1#1545,c.[3C>T;6T>G;12C>T;36T>C;42C>G;54G>A;66G>A;72C>T;75C>T;102T>C;111G>C;115T>G;116C>A;117T>A;120A>G;121A>G;122C>G;129G>A;141A>G;165G>A;171T>G;174A>G;177G>A],NA,p.[Ser39Glu;Thr41Gly],-1.2114083994997125,-1.2445409851604592,-1.1719096882314533,0.0247798475577213,-1.5158157,0.0090987079476665,-0.082296061734084,0.1094966313981221
urn:mavedb:00000394-a-1#1546,c.[3C>T;21C>T;36T>C;42C>G;72C>T;75C>T;78C>T;115T>G;116C>A;117T>A;122C>T;123T>G;141A>G;171T>G;174A>G;177G>A;180G>C;198G>T],NA,p.[Ser39Glu;Thr41Met],-0.4867163974265102,-0.4952475536914375,-0.470846885774049,0.0324277151385156,-1.5250545,1.331608761885698,1.3190430640816824,1.3549182682441785
urn:mavedb:00000394-a-1#1547,c.[3C>T;6T>G;21C>T;36T>C;42C>G;60T>C;69T>C;72C>T;78C>T;115T>G;116C>A;117T>A;120A>G;121A>T;122C>G;123T>C;141A>G;165G>A;168G>A;174A>G;207T>C],NA,p.[Ser39Glu;Thr41Cys],0.0855590823400055,0.0710099669465526,0.1110275676973789,0.0539708694275876,-1.5219841,2.134612923820673,2.114608374345546,2.169597057709742
urn:mavedb:00000394-a-1#1548,c.[21C>T;36T>C;42C>G;115T>G;116C>A;117T>G;120A>G;121A>C;122C>T;123T>C;135C>T;153A>G;165G>A;171T>G;174A>G;177G>A;180G>C;198G>T;207T>C],NA,p.[Ser39Glu;Thr41Leu],-0.2145768131978959,-0.224815894651161,-0.2080994117810735,0.0554406469601613,-1.5201993,1.7153490261771958,1.7009279763348233,1.724463181145668
urn:mavedb:00000394-a-1#1549,c.[3C>T;6T>G;21C>T;36T>C;42C>G;72C>T;75C>T;115T>G;116C>A;117T>G;120A>G;121A>G;122C>T;141A>G;165G>A;168G>A;177G>A],NA,p.[Ser39Glu;Thr41Val],-0.2426348501691663,-0.2572977000988138,-0.2281478517396482,0.0315992070235044,-1.5208492,1.6767054068950016,1.6559793054231238,1.6971459796584183
urn:mavedb:00000394-a-1#1550,c.[3C>T;6T>G;12C>T;18C>T;21C>T;36T>C;42C>G;72C>T;75C>T;115T>G;116C>A;117T>G;120A>G;122C>T;123T>C;141A>G;165G>A;168G>A;177G>A;198G>T],NA,p.[Ser39Glu;Thr41Ile],-0.3833930177863293,-0.4040440827675033,-0.3653855904254502,0.0365086066092802,-1.5275178,1.4855481111500726,1.4557456625888705,1.5114474398232234
urn:mavedb:00000394-a-1#1551,c.[3C>T;6T>G;21C>T;36T>C;42C>G;57T>G;78C>T;87T>C;115T>G;116C>A;117T>A;120A>G;121A>T;122C>G;123T>G;141A>G;144C>T;165G>A;171T>G;174A>G;198G>T],NA,p.[Ser39Glu;Thr41Trp],-0.0588651359447976,-0.0980488816615078,-0.0276538675336418,0.0467012484044804,-1.5232716,1.9370603366511003,1.882642168058435,1.9802904583588408
urn:mavedb:00000394-a-1#1552,c.[6T>G;9G>A;12C>T;21C>T;36T>C;42C>G;60T>C;115T>G;116C>A;117T>A;120A>G;121A>T;122C>A;123T>C;138T>C;141A>G;165G>A;171T>G;174A>G;177G>A;180G>C;207T>C],NA,p.[Ser39Glu;Thr41Tyr],0.0229783668288522,0.0096532403333144,0.0428826274348202,0.0450424174148914,-1.5235777,2.05064630486449,2.032263351931147,2.07807862400498
urn:mavedb:00000394-a-1#1553,c.[3C>T;21C>T;36T>C;42C>G;54G>A;69T>C;115T>G;116C>A;117T>A;120A>G;121A>T;122C>T;123T>C;141A>G;165G>A;171T>G;177G>A],NA,p.[Ser39Glu;Thr41Phe],-0.0244341121934792,-0.0419335932146319,0.00017089635516,0.0382286156653929,-1.5298324,1.9937912660507453,1.9695827076271155,2.0277816239666326
urn:mavedb:00000394-a-1#1554,c.[9G>A;12C>T;21C>T;36T>C;39C>T;57T>G;115T>G;116C>A;117T>A;120A>G;121A>C;123T>G;129G>A;132C>T;141A>G;144C>T;165G>A;168G>A;174A>G],NA,p.[Ser39Glu;Thr41Pro],-1.446874598176771,-1.535868176781222,-1.3814120516466415,0.0556460838039569,-1.5235043,-0.9541608830729796,-25.0,-0.5504599634250404
urn:mavedb:00000394-a-1#1555,c.[3C>T;12C>T;21C>T;36T>C;42C>G;115T>A;116C>A;117T>C;120A>G;121A>C;122C>A;123T>G;132C>T;141A>G;171T>G;174A>G;198G>T],NA,p.[Ser39Asn;Thr41Gln],-0.5503572491677958,-0.5667284072324454,-0.5266506927057859,0.028519943036462,-1.518745,1.227802473169156,1.2032283278268272,1.263192873338664
urn:mavedb:00000394-a-1#1556,c.[3C>T;21C>T;36T>C;42C>G;115T>A;116C>A;117T>C;120A>G;121A>G;122C>A;123T>A;141A>G;177G>A],NA,p.[Ser39Asn;Thr41Glu],-0.5394263099490562,-0.5568832504495913,-0.5150021132731112,0.0440449092849749,-1.5065231,1.2258834551372404,1.1996653084647173,1.262355168716598
urn:mavedb:00000394-a-1#1557,c.[3C>T;6T>G;21C>T;36T>C;42C>G;115T>A;116C>A;117T>C;120A>G;122C>A;123T>C;141A>G;165G>A;168G>A;171T>G;174A>G;180G>C;186A>G],NA,p.[Ser39Asn;Thr41Asn],-0.6111161740143143,-0.6336171889556784,-0.5972315739506683,0.0545988836805781,-1.5181894,1.1351527186523989,1.1007033547870912,1.156284390517284
urn:mavedb:00000394-a-1#1558,c.[3C>T;6T>G;21C>T;36T>C;42C>G;72C>T;75C>T;115T>A;116C>A;117T>C;120A>G;121A>C;122C>A;123T>C;141A>G;165G>A;171T>G;174A>G;177G>A],NA,p.[Ser39Asn;Thr41His],-0.3333961716903078,-0.343470315151504,-0.3218015040771582,0.0360469763645706,-1.5137944,1.5376657108093983,1.5232293927591751,1.554252325916044
urn:mavedb:00000394-a-1#1559,c.[3C>T;6T>G;21C>T;36T>C;42C>G;69T>C;72C>T;115T>A;116C>A;117T>C;120A>G;121A>G;122C>A;141A>G;165G>A;171T>G;174A>G;177G>A],NA,p.[Ser39Asn;Thr41Asp],-0.9743641100817648,-1.0185097545351025,-0.9386881819132143,0.0362766961488964,-1.5082359,0.5124884992898111,0.4272721433699033,0.578759220215096
urn:mavedb:00000394-a-1#1560,c.[21C>T;24C>T;36T>C;42C>G;72C>T;75C>T;115T>A;116C>A;117T>C;120A>G;121A>C;122C>G;141A>G;165G>A;171T>G],NA,p.[Ser39Asn;Thr41Arg],-0.6012839335351705,-0.6155200847893759,-0.5841104961959817,0.043231843657485,-1.5334206,1.173215052513768,1.1516234113700972,1.199138256765809
urn:mavedb:00000394-a-1#1561,c.[3C>T;6T>G;21C>T;36T>C;42C>G;115T>A;116C>A;117T>C;120A>G;122C>A;123T>A;141A>G;147G>C;153A>G;165G>A;168G>A;177G>A],NA,p.[Ser39Asn;Thr41Lys],-0.7310655568268349,-0.7790563837417225,-0.6794241933943679,0.0436062560576136,-1.5195327,0.9503081849299329,0.8728554857477101,1.0318227435252094
urn:mavedb:00000394-a-1#1562,c.[3C>T;36T>C;42C>G;78C>T;115T>A;116C>A;117T>C;121A>T;141A>G;165G>A;171T>G;174A>G;177G>A],NA,p.[Ser39Asn;Thr41Ser],-0.4461894445293126,-0.4703151868048834,-0.431152956896797,0.0540396674830751,-1.5176959,1.380245624476824,1.3449113941734108,1.402176399851146
urn:mavedb:00000394-a-1#1563,c.[6T>G;9G>A;12C>T;21C>T;36T>C;42C>G;75C>T;87T>C;115T>A;116C>A;117T>C;120A>G;121A>G;126C>T;141A>G;165G>A;171T>G;174A>G;177G>A],NA,p.[Ser39Asn;Thr41Ala],-0.7517208606771115,-0.7703605143918325,-0.7177174449401573,0.0290442917801498,-1.52141,0.9202109094536384,0.890072870017761,0.9745236106843452
urn:mavedb:00000394-a-1#1564,c.[21C>T;36T>C;42C>G;72C>T;75C>T;115T>A;116C>A;117T>C;121A>G;122C>G;123T>C;126C>T;144C>T;165G>A;168G>A;177G>A],NA,p.[Ser39Asn;Thr41Gly],-0.9513832860741418,-0.975426690644715,-0.916422102463802,0.0338425820363628,-1.5200257,0.5770975696781374,0.5326352483621184,0.6401645258126206
urn:mavedb:00000394-a-1#1565,c.[15A>G;21C>T;36T>C;42C>G;72C>T;75C>T;115T>A;116C>A;117T>C;120A>G;122C>T;123T>G;165G>A;168G>A;171T>G;174A>G;177G>A],NA,p.[Ser39Asn;Thr41Met],-0.5058346678405441,-0.5249992897725589,-0.4422271960809468,0.0509936386732411,-1.5301933,1.3109981776378408,1.2826403039244163,1.404229218112397
urn:mavedb:00000394-a-1#1566,c.[3C>T;9G>A;15A>G;21C>T;24C>T;36T>C;42C>G;69T>C;78C>T;115T>A;116C>A;120A>G;121A>T;122C>G;123T>C;135C>T;141A>G;168G>A;171T>G;177G>A;180G>C;198G>T;207T>C],NA,p.[Ser39Asn;Thr41Cys],-0.0538287483537054,-0.0790072055184056,-0.0324913414254975,0.0267725719929705,-1.5268288,1.948959575976492,1.9140354321083344,1.978505028604589
urn:mavedb:00000394-a-1#1567,c.[9G>A;12C>T;21C>T;24C>T;36T>C;42C>G;63G>C;115T>A;116C>A;117T>C;120A>G;121A>C;122C>T;123T>C;126C>T;141A>G;174A>G;180G>C],NA,p.[Ser39Asn;Thr41Leu],-0.6027770013827092,-0.6442547656015982,-0.5775336790498272,0.0377984179762218,-1.525403,1.158809371144612,1.0954312208835284,1.1969773186474555
urn:mavedb:00000394-a-1#1568,c.[3C>T;6T>G;21C>T;36T>C;42C>G;72C>T;75C>T;115T>A;116C>A;117T>C;120A>G;121A>G;122C>T;123T>G;141A>G;165G>A;171T>G;174A>G;177G>A],NA,p.[Ser39Asn;Thr41Val],-0.2855825526435649,-0.315316669465306,-0.276046139135413,0.0432509663459452,-1.5255566,1.6225591663901218,1.5802711717759694,1.6360848567065966
urn:mavedb:00000394-a-1#1569,c.[9G>A;21C>T;36T>C;42C>G;57T>G;72C>T;75C>T;108G>C;111G>C;115T>A;116C>A;117T>C;120A>G;122C>T;123T>C;138T>C;141A>G;162G>C;165G>A;171T>G;177G>A;198G>T],NA,p.[Ser39Asn;Thr41Ile],-0.265508743611381,-0.2856411613448747,-0.2543720724804947,0.0351111678889249,-1.532587,1.6609406202470114,1.632433579122842,1.6766781996143207
urn:mavedb:00000394-a-1#1570,c.[3C>T;6T>G;12C>T;21C>T;36T>C;42C>G;115T>A;116C>A;117T>C;120A>G;121A>T;122C>G;123T>G;141A>G;165G>A;171T>G;174A>G],NA,p.[Ser39Asn;Thr41Trp],0.5760038944037281,0.5586044731125415,0.6199098914110907,0.0443166033630034,-1.5289259,2.8135100450748376,2.789810880860392,2.873332146826106
urn:mavedb:00000394-a-1#1571,c.[3C>T;6T>G;12C>T;18C>T;21C>T;36T>C;42C>G;72C>T;75C>T;115T>A;116C>A;117T>C;120A>G;121A>T;122C>A;123T>C;174A>G;180G>C;183A>G;198G>T],NA,p.[Ser39Asn;Thr41Tyr],0.3958580738664699,0.3801221032572239,0.4171674691357883,0.0605188808703592,-1.5286198,2.567777381831404,2.546340573315052,2.596801773965268
urn:mavedb:00000394-a-1#1572,c.[6T>G;9G>A;12C>T;21C>T;36T>C;42C>G;115T>A;116C>A;117T>C;120A>G;121A>T;122C>T;123T>C;126C>T;138T>C;141A>G;177G>A],NA,p.[Ser39Asn;Thr41Phe],0.3443137512045697,0.3136759401453136,0.3880638719940462,0.0572317759104614,-1.535603,2.5069962884776658,2.465234864671173,2.566599428347325
urn:mavedb:00000394-a-1#1573,c.[3C>T;18C>T;21C>T;36T>C;42C>G;69T>C;72C>T;115T>A;116C>A;117T>C;120A>G;121A>C;123T>A;126C>T;141A>G;168G>A],NA,p.[Ser39Asn;Thr41Pro],-1.3320145653373947,-1.3921643089495348,-1.2581694870383688,0.0515773578730395,-1.5284958,-0.3238067439065321,-0.5785182650857469,-0.0850292630375288
urn:mavedb:00000394-a-1#1574,c.[3C>T;6T>G;15A>G;21C>T;36T>C;42C>G;72C>T;75C>T;115T>C;116C>A;117T>C;120A>G;121A>C;122C>A;123T>G;129G>A;138T>C;141A>G;144C>T;174A>G],NA,p.[Ser39His;Thr41Gln],-0.6695757138015128,-0.7093992342838635,-0.652447514343552,0.0410049721346857,-1.5181675,1.0450530452202391,0.982564153756151,1.0716351230423893
urn:mavedb:00000394-a-1#1575,c.[21C>T;36T>C;42C>G;115T>C;116C>A;117T>C;120A>G;121A>G;122C>A;123T>A;138T>C;141A>G;165G>A;171T>G;174A>G;177G>A;183A>G],NA,p.[Ser39His;Thr41Glu],-0.4428397429002876,-0.5113369218847139,-0.4177730552380659,0.0362896080020349,-1.5059237,1.3679488531409525,1.2669173791221966,1.4045360041914554
urn:mavedb:00000394-a-1#1576,c.[3C>T;18C>T;21C>T;27G>A;36T>C;72C>T;75C>T;102T>C;105C>T;115T>C;116C>A;117T>C;120A>G;122C>A;123T>C;141A>G;144C>T;165G>A;168G>A;171T>G;174A>G;177G>A;180G>C],NA,p.[Ser39His;Thr41Asn],-0.4791554182076274,-0.4923689269829573,-0.4603847139046143,0.032127040850518,-1.5176153,1.331798298793699,1.312325450328049,1.359359940186506
urn:mavedb:00000394-a-1#1577,c.[21C>T;36T>C;42C>G;72C>T;75C>T;115T>C;116C>A;117T>C;120A>G;121A>C;122C>A;123T>C;138T>C;141A>G;165G>A;171T>G;174A>G;177G>A],NA,p.[Ser39His;Thr41His],-0.3246642593264008,-0.3348177933479686,-0.3169942117458289,0.0327403331661764,-1.5131588,1.549252241075838,1.5347208427625278,1.5602140663809447
urn:mavedb:00000394-a-1#1578,c.[12C>T;21C>T;36T>C;42C>G;72C>T;75C>T;115T>C;116C>A;117T>C;120A>G;121A>G;122C>A;123T>C;126C>T;132C>T;165G>A;168G>A;177G>A;180G>C],NA,p.[Ser39His;Thr41Asp],-0.7438219092422196,-0.7604666034194559,-0.7275869836318015,0.039579511187927,-1.5076623,0.9107935889540396,0.8838173778487054,0.9368996665078994
urn:mavedb:00000394-a-1#1579,c.[3C>T;6T>G;12C>T;21C>T;24C>T;27G>A;36T>C;42C>G;115T>C;116C>A;117T>C;120A>G;121A>C;122C>G;141A>G;165G>A;168G>A;174A>G],NA,p.[Ser39His;Thr41Arg],-0.768515419210175,-0.7920122987119911,-0.7448411614686027,0.0229530543527375,-1.5333977,0.9124558689097952,0.8743299628755413,0.9504401344155952
urn:mavedb:00000394-a-1#1580,c.[3C>T;6T>G;18C>T;21C>T;36T>C;42C>G;57T>G;66G>A;72C>T;75C>T;115T>C;116C>A;117T>C;122C>A;123T>A;126C>T;141A>G;165G>A;171T>G;174A>G;177G>A;183A>G],NA,p.[Ser39His;Thr41Lys],-1.0004782098587084,-1.0214122888627697,-0.9698732530326049,0.0248390159109365,-1.5190144,0.4833131648966973,0.4427592541297022,0.5411084146400948
urn:mavedb:00000394-a-1#1581,c.[21C>T;36T>C;42C>G;72C>T;75C>T;105C>T;115T>C;116C>A;117T>C;120A>G;121A>T;141A>G;177G>A],NA,p.[Ser39His;Thr41Ser],-0.3579864716701193,-0.3733169248367586,-0.3402268689122046,0.0430450343208853,-1.5170975,1.507126834546026,1.4850707015112965,1.532606900169071
urn:mavedb:00000394-a-1#1582,c.[3C>T;6T>G;21C>T;36T>C;42C>G;72C>T;75C>T;115T>C;116C>A;120A>G;121A>G;123T>G;135C>T;138T>C;141A>G;165G>A;171T>G;174A>G;177G>A],NA,p.[Ser39His;Thr41Ala],-0.7303643515543627,-0.7524571290873698,-0.7063277201621289,0.0432405925322014,-1.5209165,0.9536330015351376,0.9182311724838592,0.99175809142286
urn:mavedb:00000394-a-1#1583,c.[21C>T;36T>C;42C>G;72C>T;75C>T;115T>C;116C>A;120A>G;121A>G;122C>G;123T>C;126C>T;141A>G;165G>A;171T>G;174A>G;177G>A],NA,p.[Ser39His;Thr41Gly],-0.9353942437182408,-0.9672732028346374,-0.9135231714074716,0.0282955036170609,-1.5194511,0.6051237256724179,0.5467534079410425,0.6442963240015251
urn:mavedb:00000394-a-1#1584,c.[6T>G;9G>A;12C>T;21C>T;36T>C;42C>G;115T>C;116C>A;117T>C;120A>G;122C>T;123T>G;138T>C;141A>G;165G>A;168G>A;174A>G;207T>C],NA,p.[Ser39His;Thr41Met],-0.5324788756151044,-0.5501711750985838,-0.5218367304120798,0.0395498308831285,-1.5296574,1.2707404420323818,1.2443856157879,1.2865355490968704
urn:mavedb:00000394-a-1#1585,c.[3C>T;15A>G;21C>T;24C>T;36T>C;42C>G;75C>T;108G>C;111G>C;114C>T;115T>C;116C>A;117T>C;121A>T;122C>G;123T>C;135C>T;141A>G;165G>A;168G>A;171T>G;174A>G;177G>A],NA,p.[Ser39His;Thr41Cys],0.0915925714936827,0.0767679636557096,0.1209869431336872,0.0348250206660345,-1.5263085,2.148823128589408,2.128450908041257,2.1891753099627222
urn:mavedb:00000394-a-1#1586,c.[3C>T;9G>A;12C>T;21C>T;36T>C;42C>G;69T>C;72C>T;115T>C;116C>A;117T>C;121A>C;122C>T;123T>G;141A>G;165G>A;168G>A;174A>G],NA,p.[Ser39His;Thr41Leu],-0.583753892720143,-0.6054582390383696,-0.5650173505589261,0.0308050030775933,-1.5249062,1.186849841215432,1.1539838489926977,1.2150520784221843
urn:mavedb:00000394-a-1#1587,c.[3C>T;6T>G;18C>T;21C>T;36T>C;42C>G;48C>T;57T>G;72C>T;75C>T;78C>T;115T>C;116C>A;117T>C;120A>G;121A>G;122C>T;141A>G;144C>T;147G>C;156T>C;165G>A;171T>G;174A>G],NA,p.[Ser39His;Thr41Val],-0.4553409372723868,-0.4660883034360006,-0.4437284329131606,0.038812670548392,-1.5250292,1.377578163661295,1.3618547330200577,1.3945271351171615
urn:mavedb:00000394-a-1#1588,c.[6T>G;9G>A;12C>T;21C>T;36T>C;42C>G;72C>T;75C>T;78C>T;115T>C;116C>A;117T>C;120A>G;122C>T;123T>C;141A>G;165G>A;171T>G;177G>A;180G>C;183A>G],NA,p.[Ser39His;Thr41Ile],-0.4428244981982119,-0.4836210487974455,-0.4252416944519619,0.0367041700195043,-1.5320854,1.4061110312663152,1.346482181464103,1.4316564680867656
urn:mavedb:00000394-a-1#1589,c.[21C>T;36T>C;42C>G;115T>C;116C>A;117T>C;120A>G;121A>T;122C>G;123T>G;138T>C;141A>G;165G>A;168G>A;171T>G;174A>G;183A>G;198G>T],NA,p.[Ser39His;Thr41Trp],0.7693680879195441,0.7364660598012379,0.7874804290843624,0.0611876731026775,-1.5284829,3.076735746639067,3.031762787385898,3.1015128529414744
urn:mavedb:00000394-a-1#1590,c.[15A>G;21C>T;36T>C;42C>G;72C>T;75C>T;115T>C;116C>A;117T>C;120A>G;121A>T;122C>A;123T>C;165G>A;168G>A;177G>A;198G>T],NA,p.[Ser39His;Thr41Tyr],0.6073400628197708,0.5843784973679588,0.6415923951006287,0.0676101897897155,-1.5281277,2.8551285701261526,2.823843884263137,2.9018144661297383
urn:mavedb:00000394-a-1#1591,c.[6T>G;9G>A;12C>T;21C>T;36T>C;42C>G;115T>C;116C>A;117T>C;120A>G;121A>T;122C>T;123T>C;126C>T;177G>A],NA,p.[Ser39His;Thr41Phe],0.4516286742421045,0.424951086044652,0.4749458645351101,0.0543087466094022,-1.5351777,2.65258072026172,2.6162581215784755,2.6843253718543187
urn:mavedb:00000394-a-1#1592,c.[6T>G;9G>A;12C>T;21C>T;36T>C;42C>G;69T>C;72C>T;115T>C;116C>A;120A>G;121A>C;123T>G;138T>C;141A>G;165G>A;168G>A;174A>G],NA,p.[Ser39His;Thr41Pro],-1.265142436705066,-1.3646950230570414,-1.2164243016856189,0.0302912820315069,-1.5280414,-0.1066535798494446,-0.4545845034664511,0.028053087183723
urn:mavedb:00000394-a-1#1593,c.[21C>T;36T>C;39C>T;42C>G;72C>T;75C>T;115T>G;116C>A;117T>C;120A>G;121A>C;122C>A;123T>G;132C>T;138T>C;141A>G;177G>A],NA,p.[Ser39Asp;Thr41Gln],-0.7621166887717257,-0.7813175363297671,-0.7235147170989512,0.0311745167277919,-1.5150871,0.8931959902561746,0.8618883416067438,0.9552639339236416
urn:mavedb:00000394-a-1#1594,c.[3C>T;6T>G;21C>T;36T>C;42C>G;72C>T;75C>T;115T>G;116C>A;120A>G;121A>G;122C>A;123T>A;141A>G;165G>A;171T>G;177G>A],NA,p.[Ser39Asp;Thr41Glu],-1.0819142221883182,-1.144715564063302,-1.0451559005049496,0.0299146276357924,-1.5033813,0.2867814945272502,0.1450478353140494,0.3639135317054691
urn:mavedb:00000394-a-1#1595,c.[21C>T;36T>C;42C>G;72C>T;75C>T;78C>T;115T>G;116C>A;117T>C;120A>G;122C>A;123T>C;126C>T;129G>A;132C>T;135C>T;141A>G;165G>A;168G>A;171T>G;174A>G],NA,p.[Ser39Asp;Thr41Asn],-0.5834552160074228,-0.6036176114171221,-0.5357551077978097,0.0633868061836606,-1.5146103,1.1717496404532752,1.141131173868085,1.2434615500057329
urn:mavedb:00000394-a-1#1596,c.[3C>T;12C>T;21C>T;36T>C;42C>G;115T>G;116C>A;117T>C;120A>G;121A>C;122C>A;123T>C;129G>A;141A>G;171T>G;174A>G;177G>A],NA,p.[Ser39Asp;Thr41His],0.2894305121819704,0.2717032338893348,0.3304308134097073,0.0475762464716017,-1.5108051,2.398535165313965,2.374327611818837,2.454487330299685
urn:mavedb:00000394-a-1#1597,c.[3C>T;12C>T;21C>T;36T>C;42C>G;69T>C;72C>T;115T>G;116C>A;117T>C;121A>G;122C>A;123T>C;141A>G;165G>A;171T>G;174A>G;177G>A],NA,p.[Ser39Asp;Thr41Asp],-1.2476031166675363,-1.292472976897255,-1.1860141764379095,0.0336838759587687,-1.5049357,-0.123147516200162,-0.2669368771325567,0.0469622368265865
urn:mavedb:00000394-a-1#1598,c.[6T>G;9G>A;12C>T;21C>T;24C>T;36T>C;42C>G;115T>G;116C>A;117T>C;120A>G;121A>C;122C>G;135C>T;141A>G;165G>A;168G>A;171T>G;174A>G;177G>A],NA,p.[Ser39Asp;Thr41Arg],0.1487884034803614,0.1343563639274066,0.1603222025480221,0.0439088001223472,-1.5225811,2.222207447302256,2.202421726186788,2.2380115967768943
urn:mavedb:00000394-a-1#1599,c.[12C>T;21C>T;36T>C;42C>G;72C>T;75C>T;115T>G;116C>A;117T>C;122C>A;123T>A;132C>T;144C>T;165G>A;168G>A;171T>G;177G>A;207T>C],NA,p.[Ser39Asp;Thr41Lys],-0.420532343828733,-0.4340365481368559,-0.399910666244586,0.0498109845573129,-1.5150552,1.413792060383832,1.3941312057472663,1.4437143024312775
urn:mavedb:00000394-a-1#1600,c.[6T>G;9G>A;12C>T;21C>T;36T>C;42C>G;115T>G;116C>A;117T>C;120A>G;121A>T;126C>T;138T>C;141A>G;177G>A;198G>T;207T>C],NA,p.[Ser39Asp;Thr41Ser],-0.3406416702373791,-0.3562549923518557,-0.3146253962295747,0.0681985109984991,-1.5140367,1.5276321023635309,1.5052222871655083,1.5648484944439645
urn:mavedb:00000394-a-1#1601,c.[15A>G;21C>T;36T>C;42C>G;51C>T;72C>T;75C>T;115T>G;116C>A;117T>C;121A>G;123T>G;138T>C;141A>G;165G>A;171T>G;174A>G;177G>A],NA,p.[Ser39Asp;Thr41Ala],-0.6125542665004422,-0.6342969256752838,-0.5898102783705561,0.0447573772203987,-1.5168247,1.1308769907680685,1.0975616437094815,1.165474869550262
urn:mavedb:00000394-a-1#1602,c.[6T>G;9G>A;12C>T;36T>C;42C>G;54G>A;72C>T;75C>T;115T>G;116C>A;120A>G;121A>G;122C>G;126C>T;141A>G;144C>T;174A>G;180G>C],NA,p.[Ser39Asp;Thr41Gly],-1.103772964558067,-1.1665107050109818,-1.054065556919918,0.0251993753659354,-1.5164738,0.2678066800171645,0.1242020519667115,0.3724581032715571
urn:mavedb:00000394-a-1#1603,c.[3C>T;6T>G;21C>T;36T>C;42C>G;78C>T;115T>G;116C>A;117T>C;120A>G;122C>T;123T>G;141A>G;165G>A;171T>G;174A>G;177G>A],NA,p.[Ser39Asp;Thr41Met],-0.6958857952737939,-0.721400830792568,-0.636189938874598,0.0367089827561801,-1.5255642,1.015492760940366,0.975266571196975,1.108069939504794
urn:mavedb:00000394-a-1#1604,c.[3C>T;15A>G;21C>T;36T>C;42C>G;115T>G;116C>A;117T>C;120A>G;121A>T;122C>G;123T>C;126C>T;141A>G;171T>G;174A>G;177G>A],NA,p.[Ser39Asp;Thr41Cys],-0.0040906437333474,-0.0241227575881573,0.0243700077721609,0.0657331311159105,-1.522583,2.0119168762229216,1.9842255620589544,2.05119813915172
urn:mavedb:00000394-a-1#1605,c.[3C>T;6T>G;18C>T;21C>T;27G>A;36T>C;42C>G;108G>C;115T>G;116C>A;117T>C;120A>G;121A>C;122C>T;123T>C;129G>A;138T>C;141A>G;165G>A;171T>G;174A>G;177G>A],NA,p.[Ser39Asp;Thr41Leu],-0.5056530803891847,-0.525420476291257,-0.4563922184313997,0.0397161164220346,-1.5208611,1.2974867533088823,1.2681679709416518,1.369952856834436
urn:mavedb:00000394-a-1#1606,c.[21C>T;27G>A;36T>C;42C>G;54G>A;60T>C;115T>G;116C>A;120A>G;121A>G;122C>T;123T>G;132C>T;138T>C;141A>G],NA,p.[Ser39Asp;Thr41Val],-0.2764526877189516,-0.2886637823026215,-0.254659549265567,0.0412297789930831,-1.5215383,1.6298201232058085,1.6124870199241776,1.660684167040441
urn:mavedb:00000394-a-1#1607,c.[21C>T;36T>C;42C>G;69T>C;72C>T;115T>G;116C>A;117T>C;120A>G;122C>T;123T>C;138T>C;141A>G;177G>A],NA,p.[Ser39Asp;Thr41Ile],-0.5472857148591851,-0.5818269078852154,-0.5305435589904077,0.025012150277763,-1.5281711,1.246476085706415,1.1946763774023843,1.271409582773354
urn:mavedb:00000394-a-1#1608,c.[3C>T;6T>G;21C>T;36T>C;42C>G;115T>G;116C>A;117T>C;120A>G;121A>T;122C>G;123T>G;168G>A;177G>A;180G>C],NA,p.[Ser39Asp;Thr41Trp],-0.1530698007469166,-0.1676192574649354,-0.1391182539641289,0.0574312572808024,-1.5236912,1.806506861655763,1.786153670546841,1.825996573582988
urn:mavedb:00000394-a-1#1609,c.[3C>T;6T>G;21C>T;36T>C;42C>G;72C>T;75C>T;108G>C;115T>G;116C>A;117T>C;121A>T;122C>A;123T>C;132C>T;141A>G;174A>G;198G>T],NA,p.[Ser39Asp;Thr41Tyr],0.2432423278549886,0.201291238138288,0.2916041072963043,0.0649791809946466,-1.524126,2.353544090202337,2.2961978219939287,2.4195731794396504
urn:mavedb:00000394-a-1#1610,c.[3C>T;6T>G;21C>T;36T>C;42C>G;69T>C;72C>T;78C>T;115T>G;116C>A;117T>C;120A>G;121A>T;122C>T;129G>A;141A>G;165G>A;168G>A;171T>G;174A>G],NA,p.[Ser39Asp;Thr41Phe],0.2775881099834614,0.23478270810909,0.2930650479911281,0.0493538640169907,-1.5304232,2.4089885729475737,2.3505435655025395,2.4301057196980707
urn:mavedb:00000394-a-1#1611,c.[6T>G;9G>A;21C>T;36T>C;42C>G;57T>G;63G>C;69T>C;72C>T;115T>G;116C>A;117T>C;121A>C;123T>A;135C>T;138T>C;168G>A;171T>G;174A>G;198G>T],NA,p.[Ser39Asp;Thr41Pro],-1.4163472407298658,-1.4957242626479148,-1.34153243629937,0.0439322638063131,-1.5244236,-0.7329790791177291,-1.5564442239281526,-0.3751137610422233
urn:mavedb:00000394-a-1#1612,c.[3C>T;6T>G;21C>T;36T>C;42C>G;115T>C;116C>G;120A>G;121A>C;122C>A;123T>G;129G>A;141A>G;165G>A;171T>G;174A>G;177G>A],NA,p.[Ser39Arg;Thr41Gln],-0.9830483928791112,-0.998007589897195,-0.926420914852847,0.0206968305462718,-1.5352197,0.546734119905965,0.5187735165037272,0.6493812146588691
urn:mavedb:00000394-a-1#1613,c.[12C>T;21C>T;36T>C;42C>G;115T>C;116C>G;120A>G;121A>G;122C>A;123T>G;138T>C;141A>G;165G>A;168G>A;177G>A],NA,p.[Ser39Arg;Thr41Glu],-0.6432163735237444,-0.6610761153898068,-0.6242858135834475,0.0345497922444463,-1.5184207,1.086282934212354,1.0586577440423677,1.1153753588898223
urn:mavedb:00000394-a-1#1614,c.[21C>T;36T>C;42C>G;115T>C;116C>G;120A>G;122C>A;123T>C;129G>A;138T>C;141A>G;165G>A;171T>G;174A>G;186A>G;207T>C],NA,p.[Ser39Arg;Thr41Asn],-1.1093833152742207,-1.1736491545212189,-1.0516285424519838,0.0309686239806566,-1.5340319,0.2935979866349134,0.1491122660477599,0.4127376941150185
urn:mavedb:00000394-a-1#1615,c.[12C>T;21C>T;42C>G;60T>C;115T>C;116C>G;121A>C;122C>A;129G>A;132C>T;138T>C;195G>A;207T>C],NA,p.[Ser39Arg;Thr41His],-1.0457066004014888,-1.073069252878731,-0.958414437683624,0.0466497822008453,-1.5280571,0.4126346760043836,0.3572568552544217,0.5789233917382968
urn:mavedb:00000394-a-1#1616,c.[3C>T;12C>T;21C>T;36T>C;42C>G;114C>T;115T>C;116C>G;117T>C;120A>G;121A>G;122C>A;123T>C;126C>T;141A>G;168G>A;171T>G;174A>G],NA,p.[Ser39Arg;Thr41Asp],-1.0921328009319848,-1.12268705105653,-1.0566740842983562,0.0230346722842,-1.5211406,0.3029075450670998,0.2364506576929336,0.3766474356491186
urn:mavedb:00000394-a-1#1617,c.[3C>T;6T>G;21C>T;36T>C;42C>G;84C>T;87T>C;115T>C;116C>G;120A>G;121A>C;122C>G;126C>T;147G>C;153A>G;156T>C;165G>A;168G>A;171T>G;174A>G;177G>A;180G>C],NA,p.[Ser39Arg;Thr41Arg],-1.230583798820938,-1.2710235130665175,-1.1765886772945555,0.0305597593785112,-1.560812,0.0756389433964222,-0.0303267354911984,0.2044313324699214
urn:mavedb:00000394-a-1#1618,c.[3C>T;6T>G;12C>T;21C>T;36T>C;42C>G;72C>T;75C>T;115T>C;116C>G;120A>G;122C>A;123T>A;141A>G;144C>T;165G>A;168G>A;171T>G;174A>G;183A>G],NA,p.[Ser39Arg;Thr41Lys],-1.3048375630464382,-1.3403281962358884,-1.2560509066096834,0.0326902441330168,-1.5378084,-0.1986347614594213,-0.3201496265677216,-0.0525705440050583
urn:mavedb:00000394-a-1#1619,c.[21C>T;36T>C;42C>G;60T>C;72C>T;75C>T;102T>C;115T>C;116C>G;121A>T;144C>T;168G>A;171T>G;180G>C],NA,p.[Ser39Arg;Thr41Ser],-1.0977336860734632,-1.1133391511881696,-1.066017233430083,0.0315143384350947,-1.5360222,0.3225307595850155,0.2893832927009878,0.3878681928435752
urn:mavedb:00000394-a-1#1620,c.[6T>G;9G>A;15A>G;21C>T;36T>C;42C>G;66G>A;87T>C;115T>C;116C>G;120A>G;121A>G;129G>A;141A>G;174A>G],NA,p.[Ser39Arg;Thr41Ala],-1.1964479408543092,-1.243462640779175,-1.1531861223580189,0.039729957543576,-1.5422592,0.1141330508880247,-0.0058762105640371,0.2154258855010852
urn:mavedb:00000394-a-1#1621,c.[36T>C;42C>G;72C>T;75C>T;115T>C;116C>G;120A>G;121A>G;122C>G;141A>G;165G>A;171T>G;174A>G;177G>A],NA,p.[Ser39Arg;Thr41Gly],-1.3737946462144528,-1.4241600315695253,-1.3321102244329803,0.0303328886264366,-1.5376439,-0.4524464770594167,-0.700898965915629,-0.2911724469656029
urn:mavedb:00000394-a-1#1622,c.[3C>T;6T>G;21C>T;36T>C;42C>G;84C>T;115T>C;116C>G;120A>G;122C>T;123T>G;141A>G;165G>A;168G>A;171T>G;174A>G;180G>C;195G>A],NA,p.[Ser39Arg;Thr41Met],-0.9589049601560566,-0.9957373382560972,-0.9225881842989504,0.0278904228023058,-1.5557876,0.6281592053729803,0.5613006295611652,0.692226046657957
urn:mavedb:00000394-a-1#1623,c.[3C>T;6T>G;21C>T;36T>C;42C>G;72C>T;75C>T;115T>C;116C>G;120A>G;121A>T;122C>G;123T>C;141A>G;174A>G],NA,p.[Ser39Arg;Thr41Cys],-0.5465317773787051,-0.5814118153229736,-0.5324198005991924,0.0407299144418982,-1.5467205,1.275191595740557,1.2231571798819802,1.2961111178544105
urn:mavedb:00000394-a-1#1624,c.[3C>T;18C>T;21C>T;36T>C;42C>G;115T>C;116C>G;120A>G;121A>C;122C>T;123T>G;135C>T;141A>G;171T>G;174A>G;177G>A],NA,p.[Ser39Arg;Thr41Leu],-1.011490323284791,-1.034603736513669,-0.9889251153665892,0.0219763032898517,-1.5517592,0.5245114814472208,0.4806518615009324,0.5664280908338157
urn:mavedb:00000394-a-1#1625,c.[21C>T;36T>C;42C>G;72C>T;75C>T;108G>C;115T>C;116C>G;120A>G;121A>G;122C>T;144C>T;165G>A;171T>G;174A>G;177G>A],NA,p.[Ser39Arg;Thr41Val],-0.9141950264025978,-0.9418671718479692,-0.888599777155134,0.0343290302947513,-1.546032,0.6898578339887804,0.6411498387713078,0.7340751460231254
urn:mavedb:00000394-a-1#1626,c.[21C>T;36T>C;42C>G;72C>T;75C>T;108G>C;115T>C;116C>G;120A>G;122C>T;123T>C;138T>C;141A>G;177G>A;198G>T],NA,p.[Ser39Arg;Thr41Ile],-0.9110424927988662,-0.9653282710315584,-0.845775424604929,0.059417718520734,-1.5565643,0.7135884647061783,0.6180387722522858,0.8239763004131884
urn:mavedb:00000394-a-1#1627,c.[3C>T;6T>G;21C>T;36T>C;42C>G;69T>C;72C>T;115T>C;116C>G;120A>G;121A>T;122C>G;123T>G;141A>G;165G>A;168G>A;174A>G],NA,p.[Ser39Arg;Thr41Trp],-0.0835604855195371,-0.0985531897370624,-0.0719008544637797,0.0509659452348343,-1.5488024,1.9381269270360024,1.9173295865015896,1.954284397986188
urn:mavedb:00000394-a-1#1628,c.[12C>T;21C>T;36T>C;42C>G;115T>C;116C>G;120A>G;121A>T;122C>A;123T>C;144C>T;165G>A;171T>G;174A>G;186A>G;198G>T],NA,p.[Ser39Arg;Thr41Tyr],-0.1607526680139103,-0.1784996806572493,-0.1499705463241117,0.0270252988259482,-1.5475984,1.82909727190799,1.8043091952347723,1.844136964323072
urn:mavedb:00000394-a-1#1629,c.[21C>T;36T>C;42C>G;72C>T;75C>T;108G>C;115T>C;116C>G;120A>G;121A>T;122C>T;123T>C;141A>G;165G>A;171T>G;174A>G],NA,p.[Ser39Arg;Thr41Phe],-0.4661310317108123,-0.4810750703987517,-0.4470397016517461,0.0303947263986913,-1.5581594,1.4100988430907238,1.3883297209324197,1.4378151024321817
urn:mavedb:00000394-a-1#1630,c.[21C>T;36T>C;42C>G;69T>C;72C>T;115T>C;116C>G;120A>G;121A>C;123T>G;129G>A;132C>T;141A>G;171T>G;174A>G;177G>A],NA,p.[Ser39Arg;Thr41Pro],-1.2965340586779963,-1.368879959305516,-1.2006765024154775,0.058447724236136,-1.5436721,-0.1540661740253921,-0.407167480405963,0.1072640276816159
urn:mavedb:00000394-a-1#1631,c.[3C>T;6T>G;12C>T;21C>T;36T>C;42C>G;54G>A;57T>G;69T>C;72C>T;115T>A;116C>A;117T>A;120A>G;121A>C;122C>A;123T>G;138T>C;141A>G;153A>G;156T>C;162G>C;165G>A;168G>A;177G>A],NA,p.[Ser39Lys;Thr41Gln],-0.8945568690034815,-0.9351474584765872,-0.8589413264881122,0.0498376651045035,-1.5229335,0.6838322799147792,0.6118491637485053,0.7453010217878089
urn:mavedb:00000394-a-1#1632,c.[21C>T;36T>C;42C>G;115T>A;116C>A;117T>A;120A>G;121A>G;122C>A;123T>A;141A>G;165G>A;171T>G;174A>G;177G>A],NA,p.[Ser39Lys;Thr41Glu],-0.5400521431203169,-0.5830439118593481,-0.5237884132789264,0.0485557069714448,-1.5096436,1.229615862943381,1.1648540497367783,1.2539117903830477
urn:mavedb:00000394-a-1#1633,c.[3C>T;6T>G;21C>T;36T>C;42C>G;72C>T;75C>T;115T>A;116C>A;117T>A;120A>G;122C>A;123T>C;141A>G;165G>A;171T>G;177G>A],NA,p.[Ser39Lys;Thr41Asn],-1.0399429963784803,-1.0809382437622652,-1.0023059733191086,0.0326192916008243,-1.5222421,0.4125345327386906,0.3288608200225829,0.4859929497944152
urn:mavedb:00000394-a-1#1634,c.[3C>T;6T>G;21C>T;36T>C;42C>G;57T>G;60T>C;66G>A;69T>C;72C>T;115T>A;116C>A;117T>A;120A>G;121A>C;122C>A;123T>C;126C>T;129G>A;132C>T;135C>T;138T>C;141A>G;144C>T;165G>A;168G>A;171T>G;174A>G],NA,p.[Ser39Lys;Thr41His],-0.8478423939877824,-0.8759864433535292,-0.8218045525439062,0.024936308338042,-1.5171428,0.754343592323231,0.7060620219894289,0.7982581244744485
urn:mavedb:00000394-a-1#1635,c.[6T>G;9G>A;12C>T;21C>T;36T>C;42C>G;60T>C;78C>T;102T>C;115T>A;116C>A;117T>A;120A>G;121A>G;122C>A;141A>G;165G>A;171T>G;174A>G;177G>A;198G>T],NA,p.[Ser39Lys;Thr41Asp],-1.2402810372576267,-1.2893476491262497,-1.17663256847944,0.0274404278173938,-1.5116749,-0.0819525511620915,-0.2334792715891744,0.0876685611757734
urn:mavedb:00000394-a-1#1636,c.[21C>T;27G>A;36T>C;42C>G;69T>C;72C>T;115T>A;116C>A;117T>A;120A>G;121A>C;122C>G;126C>T;129G>A;132C>T;135C>T;171T>G;174A>G;177G>A;180G>C],NA,p.[Ser39Lys;Thr41Arg],-1.20576304169381,-1.2394183109804866,-1.1706595817209515,0.0323990371255931,-1.5416574,0.089775197273493,0.0033306974944854,0.1740216453857745
urn:mavedb:00000394-a-1#1637,c.[21C>T;36T>C;39C>T;42C>G;78C>T;105C>T;115T>A;116C>A;117T>A;120A>G;122C>A;123T>A;138T>C;141A>G;165G>A;171T>G;174A>G;177G>A],NA,p.[Ser39Lys;Thr41Lys],-1.2757559101396607,-1.3299063225711891,-1.2011053418354976,0.0397468238725523,-1.5240765,-0.1504286536333862,-0.3323273568445301,0.0573107840293266
urn:mavedb:00000394-a-1#1638,c.[15A>G;21C>T;36T>C;42C>G;75C>T;115T>A;116C>A;117T>A;120A>G;121A>T;141A>G;147G>C;156T>C;165G>A;171T>G;174A>G;183A>G;186A>G],NA,p.[Ser39Lys;Thr41Ser],-0.9815560505244764,-1.0216419650669664,-0.9606603768893476,0.0370397293855157,-1.5221615,0.5251556417392943,0.4484630040496432,0.5639885486617404
urn:mavedb:00000394-a-1#1639,c.[3C>T;21C>T;36T>C;42C>G;72C>T;75C>T;115T>A;116C>A;117T>A;120A>G;121A>G;123T>G;129G>A;141A>G;165G>A;168G>A;177G>A],NA,p.[Ser39Lys;Thr41Ala],-1.1899290732734045,-1.2324869630261472,-1.1417698874065547,0.0380799249275053,-1.5269227,0.092502359493445,-0.0176416449420942,0.2065540554970257
urn:mavedb:00000394-a-1#1640,c.[3C>T;6T>G;18C>T;21C>T;36T>C;39C>T;63G>C;105C>T;115T>A;116C>A;117T>A;121A>G;122C>G;129G>A;141A>G;165G>A;171T>G;174A>G;177G>A],NA,p.[Ser39Lys;Thr41Gly],-1.383593069474116,-1.4207474167864065,-1.3367113115311704,0.0400529994063659,-1.5243564,-0.5568457831686099,-0.7605680292890978,-0.3568299351707358
urn:mavedb:00000394-a-1#1641,c.[12C>T;27G>A;36T>C;42C>G;78C>T;115T>A;116C>A;117T>A;120A>G;122C>T;123T>G;138T>C;141A>G],NA,p.[Ser39Lys;Thr41Met],-0.7519357124590049,-0.7907334363030769,-0.7219967705090342,0.0428478191397204,-1.5364718,0.9440161820368956,0.8814245167358998,0.9915658903081216
urn:mavedb:00000394-a-1#1642,c.[3C>T;6T>G;21C>T;36T>C;42C>G;72C>T;75C>T;115T>A;116C>A;117T>A;120A>G;121A>T;122C>G;123T>C;141A>G;174A>G],NA,p.[Ser39Lys;Thr41Cys],-0.4689215953178376,-0.49519378812248,-0.4451843587998185,0.0531075141288856,-1.5318851,1.3677341528115292,1.329175801365596,1.4023843107817866
urn:mavedb:00000394-a-1#1643,c.[3C>T;21C>T;24C>T;27G>A;36T>C;42C>G;115T>A;116C>A;117T>A;120A>G;121A>C;122C>T;123T>G;135C>T;141A>G;144C>T;150C>T;165G>A;168G>A;183A>G;189G>A;192C>T],NA,p.[Ser39Lys;Thr41Leu],-0.9357750268693268,-0.9594089224428768,-0.9197821439808308,0.0254873951019565,-1.531908,0.626829582339989,0.5841378256150799,0.655271372555386
urn:mavedb:00000394-a-1#1644,c.[21C>T;36T>C;42C>G;72C>T;75C>T;115T>A;116C>A;117T>A;120A>G;121A>G;122C>T;123T>G;171T>G;177G>A],NA,p.[Ser39Lys;Thr41Val],-0.8928334349783433,-0.9152737325131276,-0.8521496431273375,0.0291720671653171,-1.530705,0.7003603904745528,0.6611077443595672,0.7700238377840757
urn:mavedb:00000394-a-1#1645,c.[3C>T;9G>A;12C>T;21C>T;36T>C;42C>G;78C>T;115T>A;116C>A;117T>A;120A>G;122C>T;123T>C;141A>G;165G>A;168G>A;174A>G],NA,p.[Ser39Lys;Thr41Ile],-0.7810419621229635,-0.8061640810941819,-0.7533828474612598,0.0383464246599722,-1.5386014,0.9006173001302162,0.8596886899444066,0.9451054678076998
urn:mavedb:00000394-a-1#1646,c.[21C>T;36T>C;42C>G;115T>A;116C>A;117T>A;120A>G;121A>T;122C>G;123T>G;165G>A;171T>G;174A>G;177G>A;198G>T],NA,p.[Ser39Lys;Thr41Trp],0.250225152164481,0.2301860915240549,0.2632455922824437,0.0381002153672479,-1.5342655,2.376852906508045,2.349485224063115,2.394627585598444
urn:mavedb:00000394-a-1#1647,c.[3C>T;6T>G;12C>T;21C>T;36T>C;42C>G;63G>C;72C>T;75C>T;115T>A;116C>A;117T>A;120A>G;121A>T;122C>A;123T>C;141A>G;162G>C;165G>A;168G>A;177G>A;198G>T],NA,p.[Ser39Lys;Thr41Tyr],0.0633810682775846,0.0524928306930243,0.0730182506713475,0.0434742643412164,-1.5335541,2.1199712018528545,2.104994940363844,2.133219708617516
urn:mavedb:00000394-a-1#1648,c.[18C>T;21C>T;36T>C;42C>G;72C>T;75C>T;99G>C;102T>C;105C>T;108G>C;115T>A;116C>A;117T>A;120A>G;121A>T;122C>T;123T>C;138T>C;141A>G;144C>T;177G>A],NA,p.[Ser39Lys;Thr41Phe],-0.1656562054811169,-0.1753542478282272,-0.1601882749635124,0.0381203967071693,-1.5416284,1.813931838576362,1.8003768219577634,1.8215688088504067
urn:mavedb:00000394-a-1#1649,c.[6T>G;9G>A;21C>T;36T>C;42C>G;57T>G;69T>C;72C>T;78C>T;115T>A;116C>A;117T>A;120A>G;121A>C;123T>G;135C>T;141A>G;174A>G],NA,p.[Ser39Lys;Thr41Pro],-1.185772251800732,-1.3340913199058049,-1.002389432790621,0.0830248912560369,-1.5329652,0.1174927541252855,-0.315068399032862,0.506244839855143
urn:mavedb:00000394-a-1#1650,c.[21C>T;36T>C;42C>G;115T>A;120A>G;121A>C;122C>A;123T>G;165G>A;168G>A;177G>A;180G>C],NA,p.[Ser39Thr;Thr41Gln],-0.5561990781924897,-0.5974348796368998,-0.5333519356534928,0.0370605206509478,-1.5216084,1.223336671380721,1.1611616844420816,1.257475066395353
urn:mavedb:00000394-a-1#1651,c.[21C>T;36T>C;42C>G;115T>A;120A>G;121A>G;122C>A;123T>A;171T>G;174A>G;180G>C;198G>T],NA,p.[Ser39Thr;Thr41Glu],-0.4679596321899832,-0.5103437822924267,-0.4521562664126073,0.0628598787341778,-1.5089493,1.3355320183161348,1.272887255256163,1.358731583503677
urn:mavedb:00000394-a-1#1652,c.[12C>T;21C>T;36T>C;42C>G;69T>C;72C>T;78C>T;115T>A;122C>A;123T>C;165G>A;168G>A],NA,p.[Ser39Thr;Thr41Asn],-0.6120449982456461,-0.6259287081377727,-0.5937634088268516,0.0323023491172706,-1.5209923,1.1380075366725062,1.116795191134926,1.1657954359437466
urn:mavedb:00000394-a-1#1653,c.[21C>T;39C>T;42C>G;72C>T;75C>T;115T>A;120A>G;121A>C;122C>A;123T>C;144C>T;171T>G;177G>A],NA,p.[Ser39Thr;Thr41His],-0.4517911944282889,-0.4730723214422361,-0.4377442931928183,0.0408627032278862,-1.5161943,1.369863562830712,1.3386566949016483,1.3903836115416386
urn:mavedb:00000394-a-1#1654,c.[21C>T;36T>C;42C>G;115T>A;121A>G;122C>A;123T>C;141A>G;165G>A;171T>G;174A>G;177G>A;180G>C],NA,p.[Ser39Thr;Thr41Asp],-1.0675194134166677,-1.1041796662402816,-1.0055713241802564,0.0335422332470407,-1.5107498,0.3328932011887291,0.2543979812527013,0.4575417283583445
urn:mavedb:00000394-a-1#1655,c.[36T>C;42C>G;69T>C;72C>T;102T>C;115T>A;121A>C;122C>G;129G>A;138T>C;141A>G;150C>T;165G>A;171T>G;174A>G;177G>A;180G>C;198G>T],NA,p.[Ser39Thr;Thr41Arg],-0.7129373994445565,-0.7359459924146599,-0.6893610663808395,0.0405889241582847,-1.538002,1.0082395679509673,0.971915140042283,1.0451120259367368
urn:mavedb:00000394-a-1#1656,c.[12C>T;21C>T;36T>C;42C>G;115T>A;122C>A;123T>A;138T>C;141A>G;144C>T;165G>A;171T>G;174A>G;177G>A;198G>T],NA,p.[Ser39Thr;Thr41Lys],-0.6899073444241554,-0.7075247050267436,-0.6291364304744804,0.0297568259442737,-1.5223641,1.0198506062491768,0.992152351011696,1.11398149919529
urn:mavedb:00000394-a-1#1657,c.[3C>T;6T>G;21C>T;36T>C;42C>G;72C>T;75C>T;108G>C;115T>A;121A>T;141A>G;165G>A;168G>A;171T>G;174A>G;177G>A;198G>T],NA,p.[Ser39Thr;Thr41Ser],-0.4403789626855783,-0.4573588705998576,-0.4149481834843901,0.0405720572608545,-1.5207024,1.3931088577211723,1.3683065414069573,1.4300944132965143
urn:mavedb:00000394-a-1#1658,c.[21C>T;36T>C;42C>G;115T>A;121A>G;123T>G;135C>T;141A>G;165G>A;171T>G;174A>G;207T>C],NA,p.[Ser39Thr;Thr41Ala],-0.7572159920827819,-0.8299128829203728,-0.6954882386543186,0.0447287806044187,-1.5248413,0.9168846419672692,0.7975673271613103,1.01498308240009
urn:mavedb:00000394-a-1#1659,c.[3C>T;6T>G;9G>A;21C>T;36T>C;57T>G;60T>C;69T>C;72C>T;114C>T;115T>A;121A>G;122C>G;126C>T;141A>G;165G>A;171T>G;174A>G;177G>A;198G>T;207T>C],NA,p.[Ser39Thr;Thr41Gly],-1.0814590185093509,-1.1306549235302268,-1.0312893094017377,0.0312616173097896,-1.5227804,0.3288973214262016,0.2223049989331672,0.4307494291265281
urn:mavedb:00000394-a-1#1660,c.[21C>T;36T>C;42C>G;60T>C;72C>T;75C>T;115T>A;120A>G;122C>T;123T>G;138T>C;141A>G;165G>A;168G>A;171T>G;174A>G;177G>A],NA,p.[Ser39Thr;Thr41Met],-0.6963622488987219,-0.7167127105694854,-0.6611225453237551,0.0473384721684256,-1.5337582,1.0275712762542883,0.9956223407040022,1.0823062491920958
urn:mavedb:00000394-a-1#1661,c.[3C>T;6T>G;21C>T;36T>C;42C>G;84C>T;115T>A;120A>G;121A>T;122C>G;123T>C;141A>G;177G>A],NA,p.[Ser39Thr;Thr41Cys],-0.2745969086672135,-0.2983936969375203,-0.250905161273317,0.0557727128037514,-1.5299158,1.644304762437674,1.6105475308714332,1.677808127135262
urn:mavedb:00000394-a-1#1662,c.[21C>T;36T>C;42C>G;69T>C;72C>T;115T>A;120A>G;121A>C;122C>T;123T>G;132C>T;138T>C;141A>G;165G>A;171T>G;174A>G;177G>A],NA,p.[Ser39Thr;Thr41Leu],-0.4742374910979697,-0.4854547246258693,-0.4477772684056813,0.041010613590955,-1.5286899,1.355272002469244,1.338805554156809,1.3939557509873948
urn:mavedb:00000394-a-1#1663,c.[3C>T;6T>G;21C>T;36T>C;42C>G;72C>T;75C>T;115T>A;121A>G;122C>T;165G>A;171T>G;174A>G;177G>A],NA,p.[Ser39Thr;Thr41Val],-0.6284277261555417,-0.6458237431103274,-0.6141705766614894,0.0273933909829683,-1.5285754,1.1245665785143932,1.0978945633874375,1.146311860365862
urn:mavedb:00000394-a-1#1664,c.[9G>A;15A>G;21C>T;36T>C;42C>G;72C>T;75C>T;108G>C;115T>A;120A>G;122C>T;123T>C;141A>G;171T>G;174A>G;180G>C],NA,p.[Ser39Thr;Thr41Ile],-0.5793724169010481,-0.59633009580064,-0.5568984777186522,0.0514084586327882,-1.5359259,1.210030355750244,1.184488107415088,1.2436931335661796
urn:mavedb:00000394-a-1#1665,c.[21C>T;36T>C;42C>G;115T>A;120A>G;121A>T;122C>G;123T>G;138T>C;141A>G;165G>A;171T>G;174A>G;177G>A;180G>C;198G>T],NA,p.[Ser39Thr;Thr41Trp],-0.221039360189421,-0.2373340627330219,-0.2023670795171259,0.0392478191550318,-1.5322113,1.723126927078385,1.7001847860295716,1.7493643985150706
urn:mavedb:00000394-a-1#1666,c.[3C>T;6T>G;21C>T;36T>C;42C>G;72C>T;75C>T;115T>A;120A>G;121A>T;122C>A;123T>C;141A>G;180G>C],NA,p.[Ser39Thr;Thr41Tyr],-0.1935940662171377,-0.211255667658452,-0.182398744858889,0.0507341056447211,-1.5316334,1.7608644567238767,1.7360708112522416,1.7765564419550577
urn:mavedb:00000394-a-1#1667,c.[9G>A;15A>G;21C>T;36T>C;42C>G;78C>T;115T>A;121A>T;122C>T;123T>C;138T>C;141A>G;174A>G],NA,p.[Ser39Thr;Thr41Phe],-0.1599752941657461,-0.1682127743193723,-0.1436529487546661,0.0525160691012764,-1.5390358,1.8182532922033607,1.8067438334722603,1.841032480027062
urn:mavedb:00000394-a-1#1668,c.[3C>T;6T>G;21C>T;36T>C;42C>G;84C>T;87T>C;115T>A;121A>C;123T>G;141A>G;174A>G],NA,p.[Ser39Thr;Thr41Pro],-1.4298859359770424,-1.4741644268567766,-1.3900404049920585,0.0331341932649566,-1.5314178,-0.7737568065850775,-1.1365046187584191,-0.553890016474405
urn:mavedb:00000394-a-1#1669,c.[3C>T;6T>G;21C>T;36T>C;42C>G;115T>G;117T>G;121A>C;122C>A;123T>G;141A>G;165G>A;171T>G;174A>G;198G>T;207T>C],NA,p.[Ser39Ala;Thr41Gln],-0.7765709612746274,-0.823598470455719,-0.761159280823599,0.0276609936001846,-1.5231414,0.8827885558062168,0.8052823785362565,0.9077811445888684
urn:mavedb:00000394-a-1#1670,c.[3C>T;6T>G;12C>T;21C>T;36T>C;42C>G;72C>T;75C>T;115T>G;120A>G;121A>G;122C>A;123T>A;141A>G;165G>A;171T>G;174A>G;177G>A;180G>C;198G>T;207T>C],NA,p.[Ser39Ala;Thr41Glu],-0.6759832727332961,-0.6948631972016449,-0.661449846634794,0.0322633946564154,-1.5100722,1.022417629600988,0.992745842587876,1.0451080258877048
urn:mavedb:00000394-a-1#1671,c.[3C>T;6T>G;21C>T;36T>C;42C>G;115T>G;117T>G;120A>G;122C>A;123T>C;141A>G;165G>A;168G>A;174A>G;180G>C],NA,p.[Ser39Ala;Thr41Asn],-0.7867485970013646,-0.8018984914247863,-0.7689078719787845,0.0429019930641906,-1.5224628,0.8650679744319109,0.8401705807070065,0.8941389945917312
urn:mavedb:00000394-a-1#1672,c.[3C>T;6T>G;9G>A;21C>T;36T>C;42C>G;60T>C;72C>T;75C>T;115T>G;120A>G;121A>C;122C>A;123T>C;141A>G;165G>A;171T>G;174A>G;177G>A],NA,p.[Ser39Ala;Thr41His],-0.6585578767592029,-0.682554352440362,-0.6354096129540158,0.0307148410664849,-1.5173874,1.0609624239462156,1.0235760299293986,1.0967151806230273
urn:mavedb:00000394-a-1#1673,c.[3C>T;6T>G;18C>T;21C>T;36T>C;42C>G;69T>C;72C>T;115T>G;120A>G;121A>G;122C>A;141A>G;156T>C;165G>A;171T>G;174A>G;183A>G;198G>T],NA,p.[Ser39Ala;Thr41Asp],-1.1616555989418396,-1.2077661581956896,-1.1210923925990206,0.0313428582856895,-1.5119576,0.1250212489269795,0.0085273910234612,0.2194746333857722
urn:mavedb:00000394-a-1#1674,c.[3C>T;6T>G;21C>T;24C>T;36T>C;42C>G;115T>G;120A>G;121A>C;122C>G;132C>T;141A>G;165G>A;171T>G;174A>G;177G>A],NA,p.[Ser39Ala;Thr41Arg],-0.95302257800164,-0.9742181757792112,-0.9377546705126032,0.0283092707952859,-1.5382781,0.6072791725083878,0.5686872026262516,0.6346691231708771
urn:mavedb:00000394-a-1#1675,c.[6T>G;9G>A;21C>T;39C>T;42C>G;60T>C;72C>T;75C>T;78C>T;102T>C;111G>C;115T>G;117T>G;120A>G;122C>A;123T>A;141A>G;144C>T;177G>A],NA,p.[Ser39Ala;Thr41Lys],-1.063302456908331,-1.1444912987888909,-0.9889934121836352,0.0279328745191289,-1.523428,0.367795251806367,0.1923643817709146,0.513544125468953
urn:mavedb:00000394-a-1#1676,c.[3C>T;6T>G;21C>T;36T>C;42C>G;72C>T;75C>T;78C>T;115T>G;120A>G;121A>T;129G>A;141A>G;177G>A],NA,p.[Ser39Ala;Thr41Ser],-0.8535534497940067,-0.8835423464256492,-0.8339330088432139,0.0318388729906429,-1.5223417,0.7534696850788497,0.7019745689055215,0.7866345955675736
urn:mavedb:00000394-a-1#1677,c.[3C>T;6T>G;12C>T;21C>T;36T>C;42C>G;115T>G;117T>G;121A>G;123T>G;135C>T;141A>G;165G>A;168G>A;174A>G],NA,p.[Ser39Ala;Thr41Ala],-1.129906901676507,-1.1585835171413963,-1.0916475378462325,0.031788124940047,-1.5267138,0.2327814615769586,0.1673416159933156,0.3157466734721796
urn:mavedb:00000394-a-1#1678,c.[3C>T;12C>T;27G>A;42C>G;72C>T;75C>T;115T>G;117T>G;121A>G;122C>G;126C>T;141A>G;165G>A;171T>G;174A>G;177G>A],NA,p.[Ser39Ala;Thr41Gly],-1.2863716600755537,-1.3304340176866394,-1.2237380882817603,0.0248138346504496,-1.5242553,-0.1829516899124332,-0.3336208346162924,-0.0012608748944105
urn:mavedb:00000394-a-1#1679,c.[21C>T;36T>C;42C>G;115T>G;117T>G;120A>G;122C>T;123T>G;138T>C;141A>G;165G>A;168G>A;171T>G;174A>G;177G>A;198G>T],NA,p.[Ser39Ala;Thr41Met],-0.5862426302097096,-0.6017454263891999,-0.5376183724736691,0.0414125138727304,-1.5358729,1.1996176089338717,1.1762243661070408,1.2723317087015549
urn:mavedb:00000394-a-1#1680,c.[12C>T;21C>T;27G>A;30G>C;39C>T;42C>G;72C>T;75C>T;115T>G;117T>G;120A>G;121A>T;122C>G;123T>C;141A>G;165G>A;171T>G;174A>G;177G>A],NA,p.[Ser39Ala;Thr41Cys],-0.3554822822076473,-0.3798520408674348,-0.3389852209701751,0.0425866740110422,-1.5315323,1.5314037986668756,1.4964174489997089,1.5550092708430994
urn:mavedb:00000394-a-1#1681,c.[6T>G;9G>A;21C>T;36T>C;42C>G;60T>C;69T>C;72C>T;115T>G;120A>G;121A>C;122C>T;123T>G;135C>T;171T>G;174A>G;207T>C],NA,p.[Ser39Ala;Thr41Leu],-0.7220903294215595,-0.7648896382951094,-0.7020377910980845,0.040482240084504,-1.530705,0.982310980582538,0.9139628467303132,1.0139021655429583
urn:mavedb:00000394-a-1#1682,c.[21C>T;36T>C;42C>G;54G>A;60T>C;69T>C;72C>T;78C>T;115T>G;117T>G;121A>G;122C>T;138T>C;141A>G;165G>A;171T>G;177G>A;198G>T],NA,p.[Ser39Ala;Thr41Val],-0.514615511646143,-0.5445740375487456,-0.5038421983045545,0.0325615516699143,-1.5302773,1.2981457883143772,1.253659830517487,1.3140627360258184
urn:mavedb:00000394-a-1#1683,c.[12C>T;21C>T;36T>C;42C>G;72C>T;75C>T;99G>C;105C>T;108G>C;115T>G;117T>G;122C>T;123T>C;138T>C;141A>G;165G>A;171T>G;177G>A;198G>T],NA,p.[Ser39Ala;Thr41Ile],-0.4873475940078263,-0.5213760421107926,-0.4585744664333513,0.0515102013530841,-1.5379043,1.349545121216962,1.2994176850210215,1.3916341327278974
urn:mavedb:00000394-a-1#1684,c.[21C>T;36T>C;42C>G;115T>G;117T>G;121A>T;122C>G;123T>G;138T>C;141A>G;165G>A;171T>G;174A>G;177G>A],NA,p.[Ser39Ala;Thr41Trp],0.1230149132581292,0.0962939377780942,0.1577849358115433,0.0476761218304723,-1.5335965,2.201911778401544,2.1652496162109465,2.2495562023229985
urn:mavedb:00000394-a-1#1685,c.[3C>T;6T>G;21C>T;36T>C;42C>G;72C>T;75C>T;115T>G;120A>G;121A>T;122C>A;123T>C;141A>G;165G>A;168G>A;171T>G;174A>G;177G>A;186A>G],NA,p.[Ser39Ala;Thr41Tyr],-0.0153379748716744,-0.0415560426393057,-0.0051210952653175,0.0438239326407571,-1.5330591,2.010808084897928,1.974558719431294,2.024917055221303
urn:mavedb:00000394-a-1#1686,c.[3C>T;6T>G;21C>T;36T>C;42C>G;72C>T;75C>T;115T>G;117T>G;121A>T;122C>T;123T>C;141A>G;165G>A;168G>A;174A>G],NA,p.[Ser39Ala;Thr41Phe],-0.1680761143310513,-0.1836670878131354,-0.1552956116411714,0.0459614173884441,-1.5407887,1.80937969962944,1.7875746883083603,1.8272294439770056
urn:mavedb:00000394-a-1#1687,c.[3C>T;9G>A;21C>T;36T>C;42C>G;57T>G;115T>G;120A>G;121A>C;123T>G;132C>T;135C>T;141A>G;174A>G;207T>C],NA,p.[Ser39Ala;Thr41Pro],-1.3767141854808722,-1.452619720447889,-1.3098971895355944,0.0408441671377001,-1.5329366,-0.4854982260039245,-0.9243683964167614,-0.231112730407081
urn:mavedb:00000394-a-1#1688,c.[3C>T;21C>T;36T>C;42C>G;72C>T;75C>T;90T>C;114C>T;115T>G;116C>G;120A>G;121A>C;122C>A;123T>G;141A>G;171T>G;174A>G;177G>A;180G>C],NA,p.[Ser39Gly;Thr41Gln],-0.892330171623474,-0.9257094637462578,-0.8633934200853637,0.0289273127171106,-1.5213051,0.6848781499324732,0.6258731480370966,0.7349101827755089
urn:mavedb:00000394-a-1#1689,c.[3C>T;6T>G;21C>T;36T>C;42C>G;72C>T;75C>T;115T>G;116C>G;117T>C;121A>G;122C>A;123T>A;138T>C;141A>G;177G>A],NA,p.[Ser39Gly;Thr41Glu],-0.9128211492410596,-0.9405278499200788,-0.8544872112446059,0.0503093167229454,-1.5086703,0.6263333532672504,0.576187914200122,0.7285250061808659
urn:mavedb:00000394-a-1#1690,c.[21C>T;36T>C;42C>G;87T>C;90T>C;105C>T;114C>T;115T>G;116C>G;122C>A;123T>C;165G>A;171T>G;174A>G;177G>A;183A>G;198G>T;207T>C],NA,p.[Ser39Gly;Thr41Asn],-0.9926833523048452,-1.017561167696699,-0.956654325278616,0.0349337522751451,-1.5206966,0.5013905728303794,0.45356395620507,0.5686628218403567
urn:mavedb:00000394-a-1#1691,c.[9G>A;15A>G;21C>T;36T>C;42C>G;87T>C;115T>G;116C>G;120A>G;121A>C;122C>A;123T>C;138T>C;141A>G;174A>G;198G>T],NA,p.[Ser39Gly;Thr41His],-0.8070471260944965,-0.8408057765243846,-0.7868540330226851,0.0288024793391765,-1.5158229,0.8206606243194564,0.7640456062446075,0.8540118090259283
urn:mavedb:00000394-a-1#1692,c.[21C>T;24C>T;36T>C;42C>G;84C>T;115T>G;116C>G;120A>G;121A>G;122C>A;144C>T;165G>A;171T>G;174A>G;177G>A],NA,p.[Ser39Gly;Thr41Asp],-1.3096258900569295,-1.3514692707179,-1.29053152825713,0.0384908054920215,-1.5105267,-0.3077250715399005,-0.4730551912803122,-0.2412843586381329
urn:mavedb:00000394-a-1#1693,c.[36T>C;42C>G;78C>T;115T>G;116C>G;117T>C;121A>C;122C>G;135C>T;141A>G;156T>C;171T>G;174A>G;177G>A],NA,p.[Ser39Gly;Thr41Arg],-1.0048824299325312,-1.028912716749671,-0.9726487898454552,0.0247646982636738,-1.5354981,0.5063193540544928,0.4602631414661067,0.5664632718211252
urn:mavedb:00000394-a-1#1694,c.[21C>T;72C>T;75C>T;114C>T;115T>G;116C>G;120A>G;122C>A;123T>A],NA,p.[Ser39Gly;Thr41Lys],-1.0817931719132772,-1.1326522240733488,-1.0398611870037109,0.0408619111618795,-1.5215735,0.3256682513877225,0.2150894901022336,0.411365613119468
urn:mavedb:00000394-a-1#1695,c.[3C>T;6T>G;36T>C;42C>G;78C>T;115T>G;116C>G;117T>C;121A>T;141A>G;177G>A],NA,p.[Ser39Gly;Thr41Ser],-0.9833574737561585,-1.0206415172800472,-0.9330191700010204,0.0300962770215838,-1.5202751,0.5182256402163272,0.44673316327855,0.6108954238721109
urn:mavedb:00000394-a-1#1696,c.[6T>G;9G>A;12C>T;21C>T;36T>C;42C>G;72C>T;75C>T;87T>C;115T>G;116C>G;120A>G;121A>G;123T>G;129G>A;132C>T;135C>T;138T>C;171T>G;177G>A],NA,p.[Ser39Gly;Thr41Ala],-1.1440454725450149,-1.174428640434891,-1.0795884841814647,0.0288677863310851,-1.5244999,0.1958421953863532,0.1244608537245416,0.3363950381652804
urn:mavedb:00000394-a-1#1697,c.[21C>T;36T>C;42C>G;87T>C;115T>G;116C>G;120A>G;121A>G;122C>G;129G>A;138T>C;141A>G;180G>C],NA,p.[Ser39Gly;Thr41Gly],-1.2423810482829667,-1.298864026371377,-1.1657909010251049,0.0262079153448644,-1.5224614,-0.0572698272640513,-0.2292569111785686,0.1402929345306112
urn:mavedb:00000394-a-1#1698,c.[6T>G;9G>A;15A>G;21C>T;36T>C;42C>G;72C>T;75C>T;114C>T;115T>G;116C>G;120A>G;122C>T;123T>G;165G>A;168G>A;177G>A;180G>C;198G>T;207T>C],NA,p.[Ser39Gly;Thr41Met],-0.8400669120743716,-0.8703475326979278,-0.7974750716697319,0.0228138704820114,-1.5332727,0.7946771549363183,0.7434744394536149,0.8651971560234742
urn:mavedb:00000394-a-1#1699,c.[6T>G;9G>A;21C>T;36T>C;42C>G;60T>C;69T>C;72C>T;84C>T;114C>T;115T>G;116C>G;120A>G;121A>T;122C>G;123T>C;141A>G;165G>A;171T>G;174A>G;177G>A],NA,p.[Ser39Gly;Thr41Cys],-0.6882836997138435,-0.70002440020288,-0.6565870141918805,0.0562100268377378,-1.529511,1.0335611470765695,1.0151885843099622,1.082755121041785
urn:mavedb:00000394-a-1#1700,c.[12C>T;27G>A;30G>C;39C>T;42C>G;114C>T;115T>G;116C>G;120A>G;121A>C;122C>T;123T>G;129G>A;141A>G;144C>T;165G>A;171T>G;174A>G;177G>A],NA,p.[Ser39Gly;Thr41Leu],-0.8706668463965375,-0.9061094808070224,-0.8297357194677253,0.0290885157993396,-1.52843,0.7346517482102278,0.6732266564046524,0.8038619217673959
urn:mavedb:00000394-a-1#1701,c.[3C>T;21C>T;36T>C;42C>G;78C>T;90T>C;114C>T;115T>G;116C>G;120A>G;121A>G;122C>T;141A>G;177G>A;192C>T;195G>A],NA,p.[Ser39Gly;Thr41Val],-0.721530466523651,-0.7457795044603542,-0.6947091164870974,0.0439567432581288,-1.5283065,0.9794030843182407,0.9408089591347548,1.0216320652942212
urn:mavedb:00000394-a-1#1702,c.[3C>T;21C>T;36T>C;42C>G;72C>T;75C>T;90T>C;114C>T;115T>G;116C>G;120A>G;122C>T;123T>C;141A>G;165G>A;168G>A;171T>G;174A>G;177G>A],NA,p.[Ser39Gly;Thr41Ile],-0.7113739754131236,-0.7349415978156583,-0.6985354653931426,0.0279091008743508,-1.5356231,1.0069599827415647,0.9697358364550828,1.0270875845196428
urn:mavedb:00000394-a-1#1703,c.[6T>G;9G>A;12C>T;21C>T;36T>C;42C>G;87T>C;90T>C;115T>G;116C>G;120A>G;121A>T;122C>G;123T>G;165G>A;171T>G;174A>G;177G>A;198G>T;207T>C],NA,p.[Ser39Gly;Thr41Trp],-0.1053081994756987,-0.1176536423898021,-0.0984634869482406,0.0455785796149714,-1.5315313,1.8840059413133656,1.8668266259880049,1.8935230028117347
urn:mavedb:00000394-a-1#1704,c.[21C>T;36T>C;42C>G;87T>C;111G>C;115T>G;116C>G;120A>G;121A>T;122C>A;123T>C;138T>C;141A>G;165G>A;168G>A;177G>A],NA,p.[Ser39Gly;Thr41Tyr],0.0599724355764606,0.0491353110379165,0.0764518542705104,0.0471067973050594,-1.531158,2.111999750774197,2.0970889688172534,2.134657691055496
urn:mavedb:00000394-a-1#1705,c.[3C>T;6T>G;21C>T;36T>C;42C>G;72C>T;75C>T;87T>C;115T>G;116C>G;120A>G;121A>T;122C>T;123T>C;138T>C;141A>G;174A>G],NA,p.[Ser39Gly;Thr41Phe],0.0400902956968445,0.0246364690636276,0.0596602104789751,0.0482639389378812,-1.5386143,2.094867376496649,2.073588669860777,2.121788069909786
urn:mavedb:00000394-a-1#1706,c.[3C>T;6T>G;21C>T;36T>C;42C>G;115T>G;116C>G;117T>C;121A>C;123T>A;141A>G;165G>A;171T>G;174A>G;177G>A],NA,p.[Ser39Gly;Thr41Pro],-1.3581772757276185,-1.4244951186746986,-1.2952277316725591,0.039079077099552,-1.5313883,-0.4135620024780809,-0.7401876357743993,-0.1884247519838249
urn:mavedb:00000394-a-1#1707,c.[3C>T;6T>G;12C>T;21C>T;36T>C;42C>G;72C>T;75C>T;115T>A;116C>T;117T>G;120A>G;121A>C;122C>A;123T>G;129G>A;138T>C;141A>G;144C>T;174A>G],NA,p.[Ser39Met;Thr41Gln],-0.7531216271850387,-0.7724954053296696,-0.7230660499301145,0.0282303189523017,-1.5298061,0.9314464499005982,0.9002207689472606,0.9793449133757368
urn:mavedb:00000394-a-1#1708,c.[3C>T;21C>T;36T>C;42C>G;72C>T;75C>T;115T>A;116C>T;117T>G;120A>G;121A>G;122C>A;123T>A;132C>T;141A>G],NA,p.[Ser39Met;Thr41Glu],-0.6794448753579065,-0.6941163778901757,-0.6626474680370757,0.029576239692958,-1.5161028,1.026432432146348,1.0034181949698115,1.0526200996108297
urn:mavedb:00000394-a-1#1709,c.[21C>T;36T>C;42C>G;115T>A;116C>T;117T>G;120A>G;122C>A;123T>C;138T>C;141A>G;165G>A;168G>A;177G>A],NA,p.[Ser39Met;Thr41Asn],-0.7807443004575975,-0.8106365121078779,-0.7543156924981246,0.0406987504782684,-1.5290527,0.8856123015822845,0.8366196968103927,0.9283210316275916
urn:mavedb:00000394-a-1#1710,c.[9G>A;12C>T;21C>T;36T>C;42C>G;60T>C;69T>C;72C>T;115T>A;116C>T;117T>G;120A>G;121A>C;122C>A;123T>C;126C>T;141A>G;144C>T;165G>A;168G>A],NA,p.[Ser39Met;Thr41His],-0.8115443724714579,-0.8444874063599681,-0.7734779292581818,0.0368616307645342,-1.5228553,0.8248633292936423,0.7697116528002917,0.8873548226720032
urn:mavedb:00000394-a-1#1711,c.[3C>T;6T>G;12C>T;21C>T;36T>C;42C>G;78C>T;115T>A;116C>T;117T>G;120A>G;121A>G;122C>A;123T>C;126C>T;132C>T;135C>T;141A>G;165G>A;171T>G;174A>G;177G>A],NA,p.[Ser39Met;Thr41Asp],-1.1458615399058665,-1.198179085749243,-1.1064255876349196,0.0302513654099181,-1.5183697,0.1775360100581527,0.0502127939100046,0.2661572615979687
urn:mavedb:00000394-a-1#1712,c.[21C>T;24C>T;36T>C;42C>G;72C>T;75C>T;115T>A;116C>T;117T>G;120A>G;121A>C;122C>G;141A>G;165G>A;171T>G;174A>G;177G>A],NA,p.[Ser39Met;Thr41Arg],-0.8828437084335687,-0.91417645434016,-0.8519107643398025,0.0283507427185979,-1.5566626,0.7619913701634613,0.7083422839484027,0.8139448097994376
urn:mavedb:00000394-a-1#1713,c.[6T>G;9G>A;12C>T;21C>T;36T>C;42C>G;72C>T;75C>T;115T>A;116C>T;117T>G;120A>G;122C>A;123T>A;165G>A;171T>G;174A>G;177G>A],NA,p.[Ser39Met;Thr41Lys],-1.0082361561734334,-1.048388879431481,-0.9612859568202794,0.0333747526128412,-1.5315204,0.4923862317466263,0.4141882455876495,0.580003497724708
urn:mavedb:00000394-a-1#1714,c.[12C>T;21C>T;36T>C;42C>G;69T>C;72C>T;115T>A;116C>T;117T>G;120A>G;121A>T;126C>T;138T>C;141A>G;171T>G;174A>G;177G>A],NA,p.[Ser39Met;Thr41Ser],-0.7428058234522823,-0.7633163333130871,-0.7231889122499129,0.0401174930469692,-1.5287418,0.9462593087563445,0.9133354658631292,0.9774657309630792
urn:mavedb:00000394-a-1#1715,c.[3C>T;15A>G;21C>T;27G>A;42C>G;72C>T;75C>T;78C>T;115T>A;116C>T;117T>G;120A>G;121A>G;135C>T;141A>G;165G>A;168G>A],NA,p.[Ser39Met;Thr41Ala],-0.9620033223552258,-0.9902059626028112,-0.9308574454911236,0.0283449475163156,-1.5349865,0.5850191924452107,0.5329679611023538,0.6410916250283238
urn:mavedb:00000394-a-1#1716,c.[15A>G;21C>T;27G>A;36T>C;42C>G;69T>C;72C>T;115T>A;116C>T;117T>G;120A>G;121A>G;122C>G;126C>T;141A>G;165G>A;171T>G;174A>G;177G>A],NA,p.[Ser39Met;Thr41Gly],-1.145330554925886,-1.178563287964618,-1.1107296980154595,0.0296969149182249,-1.5308032,0.2072791507548061,0.1296828151202665,0.2837722770874071
urn:mavedb:00000394-a-1#1717,c.[3C>T;6T>G;21C>T;36T>C;42C>G;69T>C;72C>T;78C>T;115T>A;116C>T;117T>G;120A>G;122C>T;123T>G;141A>G;165G>A;168G>A;174A>G],NA,p.[Ser39Met;Thr41Met],-0.6609664293874349,-0.6837502042408907,-0.6350166615462052,0.0363037307156857,-1.5437665,1.0979547494584827,1.062778863623061,1.137683613688956
urn:mavedb:00000394-a-1#1718,c.[12C>T;21C>T;30G>C;36T>C;39C>T;84C>T;99G>C;111G>C;115T>A;116C>T;117T>G;120A>G;121A>T;122C>G;123T>C;141A>G;165G>A;171T>G;174A>G;177G>A],NA,p.[Ser39Met;Thr41Cys],-0.1782138021169215,-0.2274636154213235,-0.1586230367210082,0.0330367644420209,-1.5392451,1.793050142343281,1.7239665281595271,1.820433470018596
urn:mavedb:00000394-a-1#1719,c.[6T>G;9G>A;12C>T;21C>T;36T>C;42C>G;111G>C;115T>A;116C>T;117T>G;120A>G;121A>C;122C>T;123T>C;138T>C;141A>G;165G>A;168G>A;174A>G],NA,p.[Ser39Met;Thr41Leu],-0.5729104368693638,-0.6012156427597379,-0.526211166545754,0.0544699477639002,-1.5389957,1.2243296694337995,1.1817423688826,1.293876703471338
urn:mavedb:00000394-a-1#1720,c.[21C>T;36T>C;42C>G;115T>A;116C>T;117T>G;120A>G;121A>G;122C>T;138T>C;141A>G;165G>A;171T>G;174A>G;177G>A;198G>T],NA,p.[Ser39Met;Thr41Val],-0.5979260800412587,-0.6421045786615684,-0.5833523173214725,0.0417608777405567,-1.5376925,1.184743838385013,1.1175816553581177,1.206701751145653
urn:mavedb:00000394-a-1#1721,c.[21C>T;36T>C;42C>G;115T>A;116C>T;117T>G;120A>G;122C>T;123T>C;141A>G;165G>A;168G>A;177G>A;198G>T],NA,p.[Ser39Met;Thr41Ile],-0.6667816113350908,-0.684040455166851,-0.656932860774415,0.0433436655009245,-1.5458422,1.0921988973992154,1.065544009335348,1.107337228570958
urn:mavedb:00000394-a-1#1722,c.[21C>T;36T>C;42C>G;69T>C;72C>T;115T>A;116C>T;117T>G;120A>G;121A>T;122C>G;123T>G;132C>T;138T>C;141A>G;165G>A;171T>G;174A>G;177G>A],NA,p.[Ser39Met;Thr41Trp],0.1197130101524029,0.0992968656144692,0.1431894133845287,0.0502311881396551,-1.5430794,2.210332741947061,2.1823349270986934,2.242498027946915
urn:mavedb:00000394-a-1#1723,c.[21C>T;36T>C;42C>G;69T>C;115T>A;116C>T;117T>G;120A>G;121A>T;122C>A;123T>C;165G>A;171T>G;177G>A;180G>C],NA,p.[Ser39Met;Thr41Tyr],-0.1332999823110513,-0.1389873256449156,-0.1038338051317182,0.0348219770942749,-1.5413303,1.858652500934438,1.8507284334966745,1.8996448523438216
urn:mavedb:00000394-a-1#1724,c.[21C>T;36T>C;42C>G;115T>A;116C>T;117T>G;120A>G;121A>T;122C>T;123T>C;177G>A],NA,p.[Ser39Met;Thr41Phe],-0.1891889552884386,-0.1991823451315575,-0.1789206194598744,0.0398960065415547,-1.5502529,1.7930652997997572,1.779077105965388,1.807423780695516
urn:mavedb:00000394-a-1#1725,c.[21C>T;24C>T;36T>C;42C>G;72C>T;75C>T;115T>A;116C>T;117T>G;120A>G;121A>C;123T>A;132C>T;144C>T;165G>A;171T>G;174A>G;177G>A],NA,p.[Ser39Met;Thr41Pro],-1.226025318445086,-1.3005850563948655,-1.1738660746740648,0.0457639562234218,-1.5409851,0.0367372522811285,-0.1750177920411224,0.1649723393669994
urn:mavedb:00000394-a-1#1726,c.[3C>T;6T>G;21C>T;36T>C;42C>G;116C>G;117T>C;120A>G;121A>C;122C>A;123T>G;141A>G;165G>A;168G>A;177G>A],NA,p.[Ser39Cys;Thr41Gln],0.0241131815880293,0.0135293326486313,0.0486467695259561,0.0620896893926467,-1.5263577,2.05603177453289,2.0414355725533126,2.089831541153874
urn:mavedb:00000394-a-1#1727,c.[21C>T;36T>C;42C>G;116C>G;117T>C;120A>G;121A>G;122C>A;123T>G;141A>G;162G>C;165G>A;168G>A;177G>A;180G>C],NA,p.[Ser39Cys;Thr41Glu],-0.0946730871431116,-0.1241746778580666,-0.0643010796297574,0.0855812442731275,-1.5134158,1.873659168578525,1.8325443737657665,1.9158789679226185
urn:mavedb:00000394-a-1#1728,c.[21C>T;36T>C;42C>G;69T>C;72C>T;116C>G;117T>C;120A>G;122C>A;123T>C;141A>G;165G>A;171T>G;174A>G;177G>A],NA,p.[Ser39Cys;Thr41Asn],-0.2960669520817043,-0.3142819577102252,-0.2870422263604514,0.0466214673587375,-1.5256982,1.6078694812567025,1.5819472757677249,1.6206880273102773
urn:mavedb:00000394-a-1#1729,c.[21C>T;36T>C;42C>G;87T>C;96C>T;116C>G;117T>C;120A>G;121A>C;122C>A;123T>C;141A>G;168G>A;177G>A],NA,p.[Ser39Cys;Thr41His],-0.1171482841066282,-0.1350879239226197,-0.0806413681427201,0.0763221933348588,-1.5205817,1.8523135263574328,1.8272916357907167,1.9031113538095696
urn:mavedb:00000394-a-1#1730,c.[6T>G;9G>A;21C>T;36T>C;42C>G;51C>T;57T>G;60T>C;72C>T;75C>T;116C>G;117T>C;121A>G;122C>A;141A>G;165G>A;168G>A;171T>G;177G>A],NA,p.[Ser39Cys;Thr41Asp],-0.6249290895610002,-0.6775435721057311,-0.5961233256529377,0.0297566353295162,-1.5153656,1.10970954829582,1.028253422150962,1.153681444312653
urn:mavedb:00000394-a-1#1731,c.[42C>G;116C>G;117T>C;120A>G;121A>C;122C>G;126C>T;129G>A;141A>G;144C>T;156T>C;171T>G;174A>G;177G>A],NA,p.[Ser39Cys;Thr41Arg],-0.1068786232160921,-0.1357409117020461,-0.0849487141408691,0.0336353072437423,-1.5452328,1.900823541384856,1.860676094847703,1.9312646423009423
urn:mavedb:00000394-a-1#1732,c.[6T>G;9G>A;12C>T;21C>T;36T>C;42C>G;63G>C;84C>T;87T>C;116C>G;117T>C;120A>G;122C>A;123T>A;141A>G;165G>A;171T>G;174A>G;177G>A],NA,p.[Ser39Cys;Thr41Lys],-0.1616990013972372,-0.1797096168854967,-0.1434121253492072,0.0455009400188044,-1.5273728,1.7995781838433813,1.7743667465209676,1.8251305498388124
urn:mavedb:00000394-a-1#1733,c.[36T>C;42C>G;116C>G;117T>C;120A>G;121A>T;141A>G;165G>A;168G>A;171T>G;174A>G],NA,p.[Ser39Cys;Thr41Ser],-0.3029445180379873,-0.3273485031072193,-0.2708214092999664,0.0520482071768536,-1.5254011,1.5976677632509078,1.5628856605784165,1.6432679679872508
urn:mavedb:00000394-a-1#1734,c.[3C>T;12C>T;36T>C;42C>G;116C>G;120A>G;121A>G;123T>G;141A>G;162G>C;165G>A;168G>A;177G>A;180G>C],NA,p.[Ser39Cys;Thr41Ala],-0.3706471866259606,-0.3884791447684793,-0.3557830977437451,0.0292298090915006,-1.5301142,1.507614508384299,1.4819563972141137,1.5289432900310318
urn:mavedb:00000394-a-1#1735,c.[3C>T;6T>G;21C>T;24C>T;36T>C;42C>G;116C>G;117T>C;120A>G;121A>G;122C>G;141A>G;165G>A;171T>G;174A>G;177G>A],NA,p.[Ser39Cys;Thr41Gly],-0.5340118329753741,-0.5440990658207329,-0.5086344295504877,0.0454911016250788,-1.5275555,1.265338376438114,1.250312917838901,1.3029690994964755
urn:mavedb:00000394-a-1#1736,c.[21C>T;27G>A;36T>C;42C>G;102T>C;108G>C;116C>G;117T>C;120A>G;122C>T;123T>G;141A>G;165G>A;171T>G;174A>G;177G>A;198G>T],NA,p.[Ser39Cys;Thr41Met],0.0070815012096789,-0.0346396998564974,0.033791203041212,0.074154400641003,-1.5390935,2.0500527729875784,1.9924488057603515,2.086853789535389
urn:mavedb:00000394-a-1#1737,c.[3C>T;6T>G;21C>T;36T>C;42C>G;84C>T;87T>C;116C>G;117T>C;120A>G;121A>T;122C>G;123T>C;129G>A;141A>G;165G>A;171T>G;174A>G;177G>A],NA,p.[Ser39Cys;Thr41Cys],0.7822666187850944,0.7682422191062334,0.8029130030501913,0.0808705256925626,-1.5320263,3.0991343582190005,3.0799522066448173,3.127390530413786
urn:mavedb:00000394-a-1#1738,c.[6T>G;9G>A;15A>G;21C>T;36T>C;42C>G;63G>C;69T>C;78C>T;116C>G;117T>C;120A>G;121A>C;122C>T;123T>G;141A>G;177G>A],NA,p.[Ser39Cys;Thr41Leu],-0.0692278722682531,-0.0981608590725193,-0.0475562478749273,0.0560130081764354,-1.5343208,1.9379717995252768,1.897811158583496,1.96799544900574
urn:mavedb:00000394-a-1#1739,c.[12C>T;21C>T;27G>A;36T>C;39C>T;60T>C;84C>T;87T>C;90T>C;116C>G;117T>C;121A>G;122C>T;141A>G;165G>A;168G>A;171T>G;174A>G],NA,p.[Ser39Cys;Thr41Val],0.1042106801542387,0.0663946303989016,0.149534487740268,0.0589012908932687,-1.5336862,2.1762388338940224,2.124295690399964,2.238379059251013
urn:mavedb:00000394-a-1#1740,c.[21C>T;24C>T;36T>C;42C>G;116C>G;117T>C;120A>G;122C>T;123T>C;141A>G;171T>G;174A>G;177G>A],NA,p.[Ser39Cys;Thr41Ile],0.0532949267656971,0.0347845880296459,0.0768295736064602,0.0617577164963778,-1.5412726,2.1166780264190104,2.091211154442893,2.149022348678044
urn:mavedb:00000394-a-1#1741,c.[21C>T;27G>A;36T>C;116C>G;117T>C;120A>G;121A>T;122C>G;123T>G;141A>G;165G>A;171T>G;174A>G;177G>A;207T>C],NA,p.[Ser39Cys;Thr41Trp],0.5079608893730213,0.4844270263168152,0.5296463453451375,0.0662058470618167,-1.5376129,2.732554200498708,2.700516521671488,2.7620773703336945
urn:mavedb:00000394-a-1#1742,c.[6T>G;9G>A;12C>T;21C>T;36T>C;42C>G;116C>G;117T>C;120A>G;121A>T;122C>A;123T>C;141A>G;165G>A;168G>A;174A>G],NA,p.[Ser39Cys;Thr41Tyr],0.5338304299914559,0.5230440001801152,0.5469529829203243,0.0611678585851558,-1.5367985,2.766677077733783,2.7519913024953464,2.78454467197648
urn:mavedb:00000394-a-1#1743,c.[6T>G;9G>A;21C>T;36T>C;42C>G;57T>G;72C>T;75C>T;116C>G;117T>C;120A>G;121A>T;122C>T;123T>C;141A>G;165G>A;168G>A;171T>G;174A>G;177G>A],NA,p.[Ser39Cys;Thr41Phe],0.4924501622922463,0.4809926712736062,0.5159851746010878,0.088846626362992,-1.5446353,2.720904677248845,2.70530964300214,2.7529397640928512
urn:mavedb:00000394-a-1#1744,c.[6T>G;9G>A;12C>T;21C>T;36T>C;42C>G;69T>C;72C>T;116C>G;117T>C;121A>C;123T>G;141A>G;171T>G;174A>G;180G>C],NA,p.[Ser39Cys;Thr41Pro],-0.7867820362677059,-0.829852546639645,-0.7623052984180847,0.0370530815790253,-1.5365143,0.8879220957603914,0.8171344014876337,0.927467518000526
urn:mavedb:00000394-a-1#1745,c.[3C>T;6T>G;21C>T;36T>C;42C>G;115T>C;116C>T;117T>G;120A>G;121A>C;122C>A;123T>G;135C>T;141A>G;165G>A;171T>G;174A>G;177G>A],NA,p.[Ser39Leu;Thr41Gln],-0.7946158901609499,-0.8313123727798891,-0.7765252561454457,0.034131518775332,-1.5298138,0.8642177248914618,0.8035389242657851,0.8937015932184551
urn:mavedb:00000394-a-1#1746,c.[3C>T;6T>G;21C>T;36T>C;42C>G;66G>A;69T>C;115T>C;116C>T;117T>G;120A>G;121A>G;122C>A;123T>G;141A>G;165G>A;168G>A;171T>G;186A>G],NA,p.[Ser39Leu;Thr41Glu],-0.7298318520553191,-0.7705161172448091,-0.7074269708145334,0.0508156135882013,-1.5161743,0.9469184153370284,0.8813081516410963,0.9825326824399172
urn:mavedb:00000394-a-1#1747,c.[3C>T;6T>G;15A>G;36T>C;42C>G;75C>T;114C>T;115T>C;116C>T;117T>G;120A>G;122C>A;123T>C;132C>T;141A>G;207T>C],NA,p.[Ser39Leu;Thr41Asn],-1.0351929630060313,-1.0588002545138833,-1.0099912168325282,0.0308051396691935,-1.5290747,0.435454124853267,0.3884150767734748,0.4843575799731285
urn:mavedb:00000394-a-1#1748,c.[15A>G;21C>T;27G>A;115T>C;116C>T;117T>G;120A>G;121A>C;122C>A;123T>C;132C>T;141A>G;165G>A;168G>A;171T>G;174A>G;177G>A;195G>A],NA,p.[Ser39Leu;Thr41His],-0.9253455036592176,-0.9699628173708108,-0.8378307146230143,0.0274063088482596,-1.52281,0.6292154230656174,0.5479939840403144,0.7808658953740543
urn:mavedb:00000394-a-1#1749,c.[3C>T;6T>G;18C>T;36T>C;39C>T;57T>G;69T>C;72C>T;75C>T;115T>C;116C>T;117T>G;120A>G;121A>G;122C>A;138T>C;141A>G;165G>A;168G>A;174A>G;180G>C],NA,p.[Ser39Leu;Thr41Asp],-1.2969929359542745,-1.355254147885523,-1.2351142878596009,0.0309010772686469,-1.5184898,-0.2362527649156304,-0.4550546095371804,-0.0480475683932689
urn:mavedb:00000394-a-1#1750,c.[27G>A;36T>C;42C>G;102T>C;115T>C;116C>T;117T>G;120A>G;121A>C;122C>G;132C>T;138T>C;141A>G;165G>A;171T>G;174A>G;177G>A;198G>T],NA,p.[Ser39Leu;Thr41Arg],-0.9706624372837336,-1.0156394212921052,-0.9402764490712092,0.0183738505830129,-1.5546737,0.6050247692137313,0.5221919789315005,0.6592717572755393
urn:mavedb:00000394-a-1#1751,c.[3C>T;6T>G;21C>T;36T>C;42C>G;115T>C;116C>T;117T>G;120A>G;122C>A;123T>A;141A>G;153A>G;171T>G;174A>G;177G>A],NA,p.[Ser39Leu;Thr41Lys],-1.11265942690248,-1.1573279708564932,-1.056622789294252,0.0263791011117423,-1.5310392,0.2801181896772957,0.1803197559439662,0.3967594313306485
urn:mavedb:00000394-a-1#1752,c.[12C>T;21C>T;36T>C;42C>G;69T>C;72C>T;115T>C;116C>T;117T>G;121A>T;141A>G;177G>A],NA,p.[Ser39Leu;Thr41Ser],-0.9135071830175068,-0.9457381242313184,-0.8725863148234492,0.0251082036689442,-1.5286255,0.660556905007257,0.6030054565175998,0.7316976177533503
urn:mavedb:00000394-a-1#1753,c.[3C>T;6T>G;21C>T;36T>C;42C>G;72C>T;75C>T;115T>C;116C>T;117T>G;121A>G;123T>G;141A>G;165G>A;171T>G;174A>G;177G>A],NA,p.[Ser39Leu;Thr41Ala],-0.9635955827353156,-1.0252068940616348,-0.9381121959920788,0.0325874882185422,-1.534935,0.5820202435952853,0.4663504168247697,0.6280621186865961
urn:mavedb:00000394-a-1#1754,c.[3C>T;6T>G;21C>T;36T>C;42C>G;69T>C;72C>T;115T>C;116C>T;117T>G;120A>G;121A>G;122C>G;126C>T;141A>G;165G>A;171T>G;174A>G;177G>A],NA,p.[Ser39Leu;Thr41Gly],-1.2051480823039775,-1.2573181918815204,-1.172956078890771,0.0197260073729475,-1.5307903,0.0640902908399127,-0.0760001845901764,0.1430626225136753
urn:mavedb:00000394-a-1#1755,c.[3C>T;6T>G;21C>T;36T>C;42C>G;115T>C;116C>T;117T>G;120A>G;122C>T;123T>G;141A>G;144C>T;165G>A;171T>G;174A>G;177G>A;183A>G;198G>T;207T>C],NA,p.[Ser39Leu;Thr41Met],-0.7695666823519758,-0.7913120809864207,-0.7546683281216822,0.0372036066387558,-1.5435262,0.927061681688077,0.8919484496961639,0.9509133540890652
urn:mavedb:00000394-a-1#1756,c.[21C>T;36T>C;42C>G;69T>C;72C>T;115T>C;116C>T;117T>G;120A>G;121A>T;122C>G;123T>C;141A>G;165G>A;171T>G;177G>A;207T>C],NA,p.[Ser39Leu;Thr41Cys],-0.4091330026829131,-0.4315749721036764,-0.3785617946711432,0.0538735365157082,-1.5391259,1.465146369219425,1.43267102182712,1.5091744413099095
urn:mavedb:00000394-a-1#1757,c.[3C>T;6T>G;12C>T;21C>T;36T>C;39C>T;57T>G;115T>C;116C>T;117T>G;120A>G;121A>C;122C>T;123T>C;132C>T;135C>T;141A>G;144C>T;174A>G],NA,p.[Ser39Leu;Thr41Leu],-0.73764163224883,-0.7541541979699501,-0.7248217040698403,0.0264878300983361,-1.5389614,0.9707462476956736,0.9444477234595277,0.9910346788571428
urn:mavedb:00000394-a-1#1758,c.[6T>G;9G>A;12C>T;21C>T;36T>C;42C>G;72C>T;75C>T;115T>C;116C>T;117T>G;120A>G;121A>G;122C>T;123T>G],NA,p.[Ser39Leu;Thr41Val],-0.8180384829985199,-0.8301207470257139,-0.7994299778148755,0.016963285379351,-1.537703,0.8386755636054116,0.8186637815603166,0.8692432899119232
urn:mavedb:00000394-a-1#1759,c.[12C>T;21C>T;36T>C;42C>G;72C>T;75C>T;115T>C;116C>T;117T>G;120A>G;122C>T;123T>C;141A>G;162G>C;165G>A;168G>A;177G>A;198G>T],NA,p.[Ser39Leu;Thr41Ile],-0.7392107108706116,-0.7755191398267974,-0.6995191954418258,0.0272936594612297,-1.5457935,0.9790833785075738,0.9211350269278216,1.0414192726792677
urn:mavedb:00000394-a-1#1760,c.[6T>G;9G>A;12C>T;21C>T;36T>C;42C>G;72C>T;75C>T;115T>C;116C>T;117T>G;120A>G;121A>T;122C>G;123T>G;135C>T;138T>C;141A>G;165G>A;168G>A;174A>G],NA,p.[Ser39Leu;Thr41Trp],-0.45377275508254,-0.4732922328036996,-0.4222163590044255,0.0348826583530415,-1.5426898,1.4055945995266106,1.377127724042939,1.4513818246941432
urn:mavedb:00000394-a-1#1761,c.[21C>T;36T>C;42C>G;72C>T;75C>T;102T>C;111G>C;115T>C;116C>T;117T>G;120A>G;121A>T;122C>A;123T>C;129G>A;138T>C;141A>G;165G>A;171T>G;174A>G;177G>A;180G>C;183A>G;198G>T;207T>C],NA,p.[Ser39Leu;Thr41Tyr],-0.4417003400795657,-0.4522299153510041,-0.418629889090068,0.0510723834839794,-1.541141,1.4208976208079276,1.4055882319371764,1.454331439885838
urn:mavedb:00000394-a-1#1762,c.[21C>T;36T>C;42C>G;69T>C;72C>T;115T>C;116C>T;117T>G;120A>G;121A>T;122C>T;123T>C;141A>G;165G>A;171T>G;174A>G;177G>A;180G>C;183A>G;198G>T;207T>C],NA,p.[Ser39Leu;Thr41Phe],-0.5106919006625139,-0.5292237588602035,-0.4844913619256501,0.034439054826869,-1.5500851,1.3331275048452118,1.3058076418616262,1.371556399236327
urn:mavedb:00000394-a-1#1763,c.[3C>T;6T>G;12C>T;21C>T;36T>C;42C>G;115T>C;116C>T;117T>G;120A>G;121A>C;123T>A;132C>T;141A>G;165G>A;168G>A;177G>A;180G>C],NA,p.[Ser39Leu;Thr41Pro],-1.2427807539414184,-1.3024160309493011,-1.159169811783367,0.0460426585885942,-1.5412645,-0.0067162056039709,-0.1799045686067726,0.1995864029705037
urn:mavedb:00000394-a-1#1764,c.[21C>T;39C>T;72C>T;75C>T;114C>T;115T>G;116C>T;121A>C;122C>A;123T>G;141A>G;165G>A;168G>A;171T>G;174A>G;177G>A],NA,p.[Ser39Val;Thr41Gln],-0.6430008051378752,-0.6678436634224968,-0.6307867612951156,0.0347527971124179,-1.5237288,1.09478618848728,1.0563874851050392,1.1135424536771024
urn:mavedb:00000394-a-1#1765,c.[6T>G;9G>A;21C>T;36T>C;42C>G;60T>C;69T>C;72C>T;111G>C;115T>G;116C>T;120A>G;121A>G;122C>A;123T>G;141A>G;165G>A;168G>A;171T>G;174A>G;177G>A],NA,p.[Ser39Val;Thr41Glu],-0.5216274292933474,-0.5319102401332639,-0.4902376389666694,0.0303588344822577,-1.5108008,1.2588543563154762,1.2435190783725625,1.3054184331001797
urn:mavedb:00000394-a-1#1766,c.[6T>G;9G>A;12C>T;21C>T;36T>C;42C>G;72C>T;75C>T;115T>G;116C>T;117T>G;120A>G;122C>A;123T>C;165G>A;171T>G;177G>A],NA,p.[Ser39Val;Thr41Asn],-0.8446991876958845,-0.8776410755102787,-0.8295626103954167,0.0284725653105629,-1.5230784,0.7697306521505378,0.7134606566652623,0.7952028434964029
urn:mavedb:00000394-a-1#1767,c.[3C>T;6T>G;9G>A;21C>T;36T>C;42C>G;57T>G;66G>A;115T>G;116C>T;117T>G;120A>G;121A>C;122C>A;123T>C;132C>T;165G>A;171T>G;174A>G;177G>A;180G>C;183A>G;198G>T],NA,p.[Ser39Val;Thr41His],-0.9249717432349912,-0.968331805375749,-0.8960272475003526,0.0371878658553437,-1.5178347,0.6209778333211078,0.5417822354737192,0.6723319118458463
urn:mavedb:00000394-a-1#1768,c.[6T>G;9G>A;21C>T;36T>C;42C>G;60T>C;69T>C;72C>T;115T>G;116C>T;117T>G;121A>G;122C>A;165G>A;171T>G;174A>G;177G>A;183A>G;198G>T;207T>C],NA,p.[Ser39Val;Thr41Asp],-1.219166588128574,-1.3019081786223696,-1.159433772796839,0.034303215481765,-1.5127754,-0.0198835393795527,-0.2724624657840939,0.132333742580463
urn:mavedb:00000394-a-1#1769,c.[3C>T;6T>G;21C>T;36T>C;42C>G;69T>C;72C>T;115T>G;116C>T;117T>G;120A>G;121A>C;122C>G;126C>T;141A>G;165G>A;171T>G;174A>G;177G>A;180G>C],NA,p.[Ser39Val;Thr41Arg],-0.7579411219046005,-0.7976149101077221,-0.700557657783307,0.0236030133965079,-1.5406246,0.9410501274402088,0.876974973611441,1.0317396205639735
urn:mavedb:00000394-a-1#1770,c.[3C>T;21C>T;39C>T;42C>G;72C>T;75C>T;114C>T;115T>G;116C>T;120A>G;122C>A;123T>A;141A>G;165G>A;171T>G;174A>G;177G>A;180G>C],NA,p.[Ser39Val;Thr41Lys],-0.8754306168715166,-0.9312459777784696,-0.848571516133604,0.0366947036477263,-1.5242023,0.719210496389028,0.6211421464760859,0.765079877491003
urn:mavedb:00000394-a-1#1771,c.[3C>T;12C>T;21C>T;24C>T;36T>C;42C>G;63G>C;115T>G;116C>T;117T>G;120A>G;121A>T;132C>T;141A>G;156T>C;165G>A;168G>A;171T>G;174A>G;207T>C],NA,p.[Ser39Val;Thr41Ser],-0.7926412894330294,-0.8473473687125,-0.7645174044999881,0.0336112256948405,-1.5226698,0.8557472641315556,0.7645586016389317,0.901588536690624
urn:mavedb:00000394-a-1#1772,c.[3C>T;6T>G;18C>T;21C>T;69T>C;72C>T;114C>T;115T>G;116C>T;120A>G;121A>G;123T>G;129G>A;132C>T;168G>A;174A>G],NA,p.[Ser39Val;Thr41Ala],-0.8691852601800333,-0.8929999572519945,-0.8366958109382694,0.0280902705220046,-1.5274401,0.7354942116039493,0.6944000869465099,0.790553308613123
urn:mavedb:00000394-a-1#1773,c.[3C>T;6T>G;9G>A;21C>T;36T>C;60T>C;72C>T;75C>T;111G>C;115T>G;116C>T;120A>G;121A>G;122C>G;129G>A;141A>G;165G>A;168G>A;171T>G;174A>G;177G>A],NA,p.[Ser39Val;Thr41Gly],-1.1310238360572864,-1.1735689874618498,-1.0119348366367904,0.0408879723907476,-1.524828,0.2260702865590593,0.1273243539864051,0.4724649521603609
urn:mavedb:00000394-a-1#1774,c.[21C>T;36T>C;42C>G;115T>G;116C>T;117T>G;120A>G;122C>T;123T>G;171T>G;174A>G;207T>C],NA,p.[Ser39Val;Thr41Met],-0.7022431179137472,-0.7163717262007784,-0.6848387804301511,0.0331721044756404,-1.5361943,1.022179375551703,0.9999956966403658,1.0493376103818952
urn:mavedb:00000394-a-1#1775,c.[6T>G;9G>A;12C>T;21C>T;36T>C;42C>G;60T>C;90T>C;114C>T;115T>G;116C>T;120A>G;121A>T;122C>G;123T>C;135C>T;141A>G;165G>A;168G>A;177G>A;180G>C],NA,p.[Ser39Val;Thr41Cys],-0.4818640878833665,-0.5080585756055667,-0.4571519569784865,0.0376875558449826,-1.5322185,1.3492561493832338,1.3107021609670917,1.3854224166308589
urn:mavedb:00000394-a-1#1776,c.[3C>T;6T>G;21C>T;36T>C;42C>G;114C>T;115T>G;116C>T;120A>G;121A>C;122C>T;123T>G;129G>A;141A>G;165G>A;171T>G;174A>G;177G>A],NA,p.[Ser39Val;Thr41Leu],-0.6114365086713343,-0.6443800700118687,-0.5881571408347211,0.0384766792146588,-1.5314002,1.154760577378871,1.1044509422971374,1.1899973169412943
urn:mavedb:00000394-a-1#1777,c.[15A>G;21C>T;36T>C;42C>G;72C>T;75C>T;114C>T;115T>G;116C>T;120A>G;121A>G;122C>T;165G>A;171T>G;177G>A],NA,p.[Ser39Val;Thr41Val],-0.8089053573245089,-0.835826905091133,-0.7648546158069031,0.0371173379314097,-1.530962,0.8426263693536242,0.7979094656713086,0.9144335468077632
urn:mavedb:00000394-a-1#1778,c.[21C>T;36T>C;42C>G;114C>T;115T>G;116C>T;122C>T;123T>C;141A>G;144C>T;165G>A;171T>G;174A>G;207T>C],NA,p.[Ser39Val;Thr41Ile],-0.7400342097664261,-0.751790906123748,-0.7221948806612782,0.0395003749467224,-1.5384998,0.9662145360285164,0.9474865912052844,0.9944508961607378
urn:mavedb:00000394-a-1#1779,c.[21C>T;36T>C;42C>G;72C>T;75C>T;102T>C;111G>C;115T>G;116C>T;117T>G;120A>G;121A>T;122C>G;123T>G;135C>T;138T>C;141A>G;165G>A;171T>G;174A>G;177G>A],NA,p.[Ser39Val;Thr41Trp],-0.6628399069408399,-0.6795783548237821,-0.6511276863834814,0.0301757415163614,-1.5346179,1.0809817034712583,1.0550646292457817,1.099024404167423
urn:mavedb:00000394-a-1#1780,c.[21C>T;36T>C;42C>G;115T>G;116C>T;117T>G;120A>G;121A>T;122C>A;123T>C;144C>T;165G>A;171T>G;174A>G;186A>G;198G>T],NA,p.[Ser39Val;Thr41Tyr],-0.5345137842738434,-0.5596400825443527,-0.5214898419668559,0.0408036775017854,-1.5339437,1.274080190182684,1.2366370689614965,1.2933935486413983
urn:mavedb:00000394-a-1#1781,c.[21C>T;36T>C;42C>G;115T>G;116C>T;117T>G;120A>G;121A>T;122C>T;123T>C;141A>G;165G>A;168G>A;177G>A;198G>T],NA,p.[Ser39Val;Thr41Phe],-0.4980217671860353,-0.5214365179624677,-0.4804912880861945,0.0363069021776573,-1.5418072,1.3395963928014434,1.3050931099505974,1.3653086002609531
urn:mavedb:00000394-a-1#1782,c.[9G>A;12C>T;21C>T;36T>C;42C>G;115T>G;116C>T;117T>G;120A>G;121A>C;123T>A;126C>T;141A>G;165G>A;168G>A;174A>G],NA,p.[Ser39Val;Thr41Pro],-1.3062167493825028,-1.3548404721757694,-1.2423871168298113,0.0530358138390862,-1.5341401,-0.2150064488433011,-0.3891838250728378,-0.0249443544513644
urn:mavedb:00000394-a-1#1783,c.[9G>A;21C>T;36T>C;42C>G;60T>C;111G>C;115T>A;116C>T;117T>C;120A>G;121A>C;122C>A;123T>G;135C>T;138T>C;141A>G;174A>G],NA,p.[Ser39Ile;Thr41Gln],-0.5699193431576786,-0.5778712957957067,-0.5536316336704172,0.025940784651808,-1.5274138,1.2114536221472356,1.1994948317038776,1.235865011494095
urn:mavedb:00000394-a-1#1784,c.[12C>T;21C>T;36T>C;42C>G;115T>A;116C>T;117T>C;120A>G;121A>G;122C>A;123T>A;138T>C;141A>G;165G>A;168G>A;177G>A],NA,p.[Ser39Ile;Thr41Glu],-0.5211777331013873,-0.5391597968314666,-0.4916574786314093,0.0342312365178571,-1.5141945,1.2645712590277178,1.237753641485967,1.3083298129243548
urn:mavedb:00000394-a-1#1785,c.[3C>T;6T>G;21C>T;36T>C;42C>G;69T>C;72C>T;115T>A;116C>T;117T>C;120A>G;122C>A;123T>C;138T>C;141A>G;165G>A;171T>G;174A>G;177G>A;207T>C],NA,p.[Ser39Ile;Thr41Asn],-0.9104227899301216,-0.9477806147294447,-0.8935005803726088,0.0288769434729486,-1.5267239,0.6626431601084747,0.5958625845959408,0.6922828416608673
urn:mavedb:00000394-a-1#1786,c.[15A>G;21C>T;36T>C;42C>G;75C>T;115T>A;116C>T;117T>C;120A>G;121A>C;122C>A;123T>C;141A>G;165G>A;171T>G;174A>G;177G>A],NA,p.[Ser39Ile;Thr41His],-0.9410799332151638,-0.9744132928593768,-0.9172284094788342,0.030766614419131,-1.5209193,0.5974904413580704,0.536196356055494,0.6403193640969636
urn:mavedb:00000394-a-1#1787,c.[12C>T;21C>T;36T>C;42C>G;115T>A;116C>T;117T>C;120A>G;121A>G;122C>A;123T>C;129G>A;138T>C;141A>G;144C>T;165G>A;168G>A;171T>G;174A>G;177G>A],NA,p.[Ser39Ile;Thr41Asp],-1.2631842428862745,-1.3305141641763274,-1.2288998839173124,0.0298869033057188,-1.5163693,-0.1356146616887254,-0.3636685549527563,-0.0366957599955187
urn:mavedb:00000394-a-1#1788,c.[36T>C;42C>G;108G>C;115T>A;116C>T;117T>C;120A>G;121A>C;122C>G;138T>C;141A>G;165G>A;171T>G;174A>G;177G>A],NA,p.[Ser39Ile;Thr41Arg],-0.7281492868022428,-0.7764411508756763,-0.6880435724417521,0.045178115291311,-1.5460005,0.9968824736902124,0.9199840945968784,1.0595832012173982
urn:mavedb:00000394-a-1#1789,c.[3C>T;6T>G;9G>A;12C>T;21C>T;36T>C;42C>G;72C>T;75C>T;115T>A;116C>T;117T>C;120A>G;122C>A;123T>A;135C>T;141A>G;174A>G],NA,p.[Ser39Ile;Thr41Lys],-0.951354475801918,-0.9776195066166324,-0.9056903811771444,0.0264492440567323,-1.5277243,0.591188387493079,0.5428975541321623,0.6727241225667031
urn:mavedb:00000394-a-1#1790,c.[3C>T;6T>G;21C>T;36T>C;42C>G;72C>T;75C>T;115T>A;116C>T;117T>C;120A>G;121A>T;141A>G;165G>A;168G>A;171T>G;174A>G;177G>A],NA,p.[Ser39Ile;Thr41Ser],-0.8051915864336819,-0.8282089125637487,-0.7853468985781626,0.0332175429336135,-1.526164,0.8408414363054606,0.8026284293679943,0.8734072717988558
urn:mavedb:00000394-a-1#1791,c.[6T>G;9G>A;21C>T;36T>C;42C>G;63G>C;69T>C;72C>T;115T>A;116C>T;117T>C;121A>G;123T>G;135C>T;165G>A;168G>A;174A>G],NA,p.[Ser39Ile;Thr41Ala],-0.8715568267622298,-0.8988852145636506,-0.8361206139756673,0.0257330844490915,-1.5317283,0.7387710049931184,0.6916180692254629,0.7986998605570343
urn:mavedb:00000394-a-1#1792,c.[3C>T;6T>G;21C>T;24C>T;36T>C;42C>G;69T>C;72C>T;115T>A;116C>T;117T>C;120A>G;121A>G;122C>G;141A>G;174A>G;198G>T],NA,p.[Ser39Ile;Thr41Gly],-1.186467952472833,-1.2192410357446573,-1.1526238900887966,0.0219087847663936,-1.528399,0.104661612142167,0.0216210877428982,0.1850894137956754
urn:mavedb:00000394-a-1#1793,c.[3C>T;6T>G;21C>T;27G>A;36T>C;39C>T;42C>G;115T>A;116C>T;117T>C;120A>G;122C>T;123T>G;141A>G;168G>A;183A>G],NA,p.[Ser39Ile;Thr41Met],-0.6717064858827027,-0.6976577749330257,-0.6449295065525309,0.0374965066729685,-1.5402179,1.0759311369775093,1.0356323314175335,1.1171206136187852
urn:mavedb:00000394-a-1#1794,c.[9G>A;12C>T;21C>T;36T>C;42C>G;84C>T;115T>A;116C>T;117T>C;120A>G;121A>T;122C>G;123T>C;132C>T;141A>G;165G>A;168G>A;174A>G],NA,p.[Ser39Ile;Thr41Cys],-0.3144152323819222,-0.334455096002808,-0.2454493410305896,0.0675009810960522,-1.5361438,1.5966096418073348,1.5680547828074158,1.6942790501826586
urn:mavedb:00000394-a-1#1795,c.[12C>T;15A>G;21C>T;36T>C;42C>G;115T>A;116C>T;117T>C;120A>G;121A>C;122C>T;123T>G;135C>T;147G>C;153A>G;165G>A;171T>G;174A>G;177G>A;198G>T],NA,p.[Ser39Ile;Thr41Leu],-0.6289379077525006,-0.6532922107325128,-0.5693493024396636,0.0511137827047207,-1.5356956,1.1346536581556437,1.0973522360962822,1.2247245694318865
urn:mavedb:00000394-a-1#1796,c.[3C>T;6T>G;12C>T;21C>T;36T>C;42C>G;72C>T;75C>T;115T>A;116C>T;117T>C;120A>G;121A>G;122C>T;123T>G;141A>G;144C>T],NA,p.[Ser39Ile;Thr41Val],-0.7509304977800324,-0.7620400234908555,-0.7038262210797376,0.0347317039479884,-1.5349216,0.9431459762625598,0.9253358351570516,1.0177065773922036
urn:mavedb:00000394-a-1#1797,c.[3C>T;6T>G;21C>T;36T>C;42C>G;115T>A;116C>T;117T>C;120A>G;122C>T;123T>C;141A>G;165G>A;168G>A;174A>G],NA,p.[Ser39Ile;Thr41Ile],-0.7885187211216946,-0.8128456952041971,-0.7701855888542049,0.0390066658279587,-1.5426593,0.895074694020504,0.8553811249002141,0.9246746303046806
urn:mavedb:00000394-a-1#1798,c.[3C>T;6T>G;18C>T;21C>T;36T>C;42C>G;72C>T;75C>T;78C>T;115T>A;116C>T;117T>C;120A>G;121A>T;122C>G;123T>G;135C>T;141A>G;165G>A;168G>A;174A>G],NA,p.[Ser39Ile;Thr41Trp],-0.7932873109353797,-0.8330789311581654,-0.7233077939172955,0.0460651704612939,-1.5388417,0.8811232819468945,0.8156378294249752,0.9932346262734992
urn:mavedb:00000394-a-1#1799,c.[3C>T;6T>G;21C>T;36T>C;42C>G;57T>G;60T>C;115T>A;116C>T;117T>C;120A>G;121A>T;122C>A;123T>C;141A>G;162G>C;165G>A;171T>G;174A>G;207T>C],NA,p.[Ser39Ile;Thr41Tyr],-0.5652193760692162,-0.5944910353354884,-0.5303437013582142,0.0299059827318767,-1.5379372,1.234260909854525,1.1902965821241174,1.2861884014633358
urn:mavedb:00000394-a-1#1800,c.[3C>T;6T>G;21C>T;36T>C;42C>G;115T>A;116C>T;117T>C;120A>G;121A>T;122C>T;123T>C;141A>G;177G>A],NA,p.[Ser39Ile;Thr41Phe],-0.4956151969418121,-0.5447904198694383,-0.4747579765005885,0.0429821085280576,-1.546339,1.3497788072045076,1.2772111197988043,1.3803125967706829
urn:mavedb:00000394-a-1#1801,c.[3C>T;6T>G;21C>T;36T>C;42C>G;72C>T;75C>T;78C>T;115T>A;116C>T;117T>C;120A>G;121A>C;123T>A;141A>G;165G>A;168G>A;177G>A;180G>C],NA,p.[Ser39Ile;Thr41Pro],-1.2545079475603362,-1.3427145202574016,-1.1634573347127692,0.0559227045777849,-1.5385513,-0.0461927718428213,-0.3261769586761208,0.1835143849249113
urn:mavedb:00000394-a-1#1802,c.[3C>T;6T>G;21C>T;30G>C;36T>C;42C>G;78C>T;90T>C;116C>G;117T>G;120A>G;121A>C;122C>A;123T>G;141A>G;144C>T;147G>C;177G>A],NA,p.[Ser39Trp;Thr41Gln],-0.7058177967123891,-0.731150530265988,-0.6880684802880508,0.0256635399782993,-1.523179,0.996128699623005,0.9559843177838132,1.024005251509499
urn:mavedb:00000394-a-1#1803,c.[18C>T;21C>T;36T>C;42C>G;72C>T;75C>T;116C>G;117T>G;120A>G;121A>G;122C>A;123T>A;141A>G;165G>A;168G>A;177G>A],NA,p.[Ser39Trp;Thr41Glu],-0.5097194351452141,-0.5586978319819318,-0.4905560192438665,0.0513656469941286,-1.5096302,1.2748252797253083,1.2016073365640694,1.3032194148937868
urn:mavedb:00000394-a-1#1804,c.[6T>G;9G>A;12C>T;21C>T;36T>C;42C>G;57T>G;78C>T;116C>G;117T>G;120A>G;122C>A;123T>C;141A>G;174A>G],NA,p.[Ser39Trp;Thr41Asn],-0.6439735832534746,-0.6565803736913893,-0.6330583656696398,0.0284110255195796,-1.5224199,1.0912748757342796,1.0718160749379708,1.1080534950408227
urn:mavedb:00000394-a-1#1805,c.[21C>T;36T>C;60T>C;116C>G;117T>G;120A>G;121A>C;122C>A;123T>C;141A>G;147G>C;150C>T;177G>A;195G>A],NA,p.[Ser39Trp;Thr41His],-0.4100187784126818,-0.4263528117140324,-0.4019457998226533,0.0578358789883118,-1.5173969,1.4324552864389102,1.4087286974966815,1.4441543062468871
urn:mavedb:00000394-a-1#1806,c.[3C>T;6T>G;21C>T;36T>C;42C>G;72C>T;75C>T;116C>G;117T>G;120A>G;121A>G;122C>A;141A>G;156T>C;165G>A;171T>G;177G>A],NA,p.[Ser39Trp;Thr41Asp],-0.9345694713214736,-0.9595670552128646,-0.8938966159404975,0.0199204875407143,-1.5115833,0.5923666950331046,0.5464569068037142,0.6650916621800294
urn:mavedb:00000394-a-1#1807,c.[3C>T;6T>G;21C>T;24C>T;36T>C;42C>G;116C>G;117T>G;121A>C;122C>G;123T>C;132C>T;141A>G;144C>T;147G>C;165G>A;171T>G;174A>G;177G>A],NA,p.[Ser39Trp;Thr41Arg],-0.7905002906418548,-0.8175565970748344,-0.7619187729251656,0.0332676427521427,-1.5480356,0.9005717071890852,0.8564699683905909,0.94653381653391
urn:mavedb:00000394-a-1#1808,c.[21C>T;36T>C;39C>T;69T>C;72C>T;108G>C;116C>G;117T>G;120A>G;122C>A;123T>A;138T>C;141A>G;165G>A;168G>A;171T>G;174A>G;177G>A;189G>A;198G>T],NA,p.[Ser39Trp;Thr41Lys],-0.7816865244408449,-0.8223970240822916,-0.7228784319024777,0.0400210711834697,-1.5256505,0.8785410798493786,0.8114688168406982,0.9730606583055544
urn:mavedb:00000394-a-1#1809,c.[3C>T;6T>G;12C>T;21C>T;36T>C;42C>G;116C>G;117T>G;120A>G;121A>T;123T>C;129G>A;165G>A;171T>G;174A>G;207T>C],NA,p.[Ser39Trp;Thr41Ser],-0.5872075296114108,-0.6052058159865733,-0.5580307368605888,0.0238653127865868,-1.5226045,1.178158338499529,1.15087175667581,1.2220829752097448
urn:mavedb:00000394-a-1#1810,c.[3C>T;6T>G;18C>T;21C>T;36T>C;39C>T;60T>C;63G>C;72C>T;75C>T;105C>T;116C>G;117T>G;120A>G;121A>G;141A>G],NA,p.[Ser39Trp;Thr41Ala],-0.7341513569810107,-0.8303163499622135,-0.6779594174518191,0.0944656503121581,-1.5274134,0.9579460016356668,0.8011935309342455,1.0463868976223771
urn:mavedb:00000394-a-1#1811,c.[3C>T;6T>G;12C>T;21C>T;30G>C;36T>C;42C>G;78C>T;102T>C;116C>G;117T>G;120A>G;121A>G;122C>G;129G>A;165G>A;171T>G;174A>G;177G>A;198G>T;207T>C],NA,p.[Ser39Trp;Thr41Gly],-0.9944806817832448,-1.0124038433749956,-0.9606187316063208,0.0299905459091279,-1.5246344,0.5054488387486169,0.4711874410292096,0.5686121118934407
urn:mavedb:00000394-a-1#1812,c.[21C>T;36T>C;42C>G;116C>G;117T>G;120A>G;122C>T;123T>G;144C>T;165G>A;168G>A;177G>A;198G>T],NA,p.[Ser39Trp;Thr41Met],-0.5044116230315033,-0.5317461399529912,-0.4711094820395531,0.0319190129035062,-1.5374656,1.323811951796984,1.283410483911441,1.3726890726671217
urn:mavedb:00000394-a-1#1813,c.[6T>G;9G>A;12C>T;21C>T;27G>A;36T>C;42C>G;72C>T;75C>T;90T>C;116C>G;117T>G;120A>G;121A>T;122C>G;123T>C;141A>G;165G>A;168G>A;180G>C],NA,p.[Ser39Trp;Thr41Cys],0.0495309892270248,0.0216543412723787,0.0733911880128661,0.0412693781496125,-1.5325499,2.0995424651884096,2.0611504902361566,2.132357125382934
urn:mavedb:00000394-a-1#1814,c.[3C>T;6T>G;21C>T;36T>C;42C>G;72C>T;75C>T;116C>G;117T>G;120A>G;121A>C;122C>T;123T>G;132C>T;138T>C;141A>G;153A>G;171T>G;174A>G;177G>A;180G>C],NA,p.[Ser39Trp;Thr41Leu],-0.5822668140228634,-0.5938441232936662,-0.5551500674565588,0.0365672071967471,-1.5325365,1.2005838626021168,1.1831274050574443,1.2412461389801086
urn:mavedb:00000394-a-1#1815,c.[12C>T;21C>T;36T>C;42C>G;72C>T;75C>T;116C>G;117T>G;120A>G;121A>G;122C>T;165G>A;171T>G;174A>G;177G>A],NA,p.[Ser39Trp;Thr41Val],-0.4927295255319485,-0.5040874136291827,-0.4735825270614013,0.035560854595856,-1.5310392,1.331558738640397,1.3148240685034749,1.3596718403123842
urn:mavedb:00000394-a-1#1816,c.[3C>T;21C>T;36T>C;42C>G;69T>C;72C>T;116C>G;117T>G;120A>G;122C>T;123T>C;141A>G;165G>A;171T>G;177G>A],NA,p.[Ser39Trp;Thr41Ile],-0.5326001583266005,-0.5683352854085563,-0.5229830701735462,0.030658774934824,-1.5391259,1.2846039975359504,1.2313760615725364,1.2988460479193713
urn:mavedb:00000394-a-1#1817,c.[3C>T;6T>G;21C>T;36T>C;42C>G;69T>C;72C>T;116C>G;117T>G;120A>G;121A>T;122C>G;123T>G;141A>G;165G>A;168G>A;174A>G],NA,p.[Ser39Trp;Thr41Trp],0.4371797420198025,0.4040846346720014,0.4744187671686061,0.0549145406860295,-1.5357985,2.6337464826777395,2.5886824288980828,2.6844450421634933
urn:mavedb:00000394-a-1#1818,c.[6T>G;9G>A;12C>T;21C>T;27G>A;36T>C;42C>G;111G>C;116C>G;117T>G;120A>G;121A>T;122C>A;123T>C;141A>G;144C>T;171T>G;174A>G;186A>G;198G>T],NA,p.[Ser39Trp;Thr41Tyr],0.2310456430880819,0.212774145377198,0.2591081659511621,0.0474608538639025,-1.5344925,2.350967884278873,2.326001756097275,2.389288164869219
urn:mavedb:00000394-a-1#1819,c.[12C>T;21C>T;36T>C;42C>G;72C>T;75C>T;116C>G;117T>G;120A>G;121A>T;122C>T;123T>C;165G>A;168G>A;177G>A;198G>T;207T>C],NA,p.[Ser39Trp;Thr41Phe],0.3238142953993219,0.2997903097580122,0.3379063287007687,0.0569679321691749,-1.5426373,2.4885813619119057,2.455832935660028,2.5077848934358724
urn:mavedb:00000394-a-1#1820,c.[9G>A;15A>G;21C>T;36T>C;42C>G;102T>C;116C>G;117T>G;121A>C;123T>G;141A>G;144C>T;165G>A;171T>G;174A>G;177G>A;198G>T],NA,p.[Ser39Trp;Thr41Pro],-1.2089107075191792,-1.2495131710246667,-1.1403618178797643,0.0391834380398362,-1.5326385,0.0592332880988275,-0.0487484313161288,0.2226415672609892
urn:mavedb:00000394-a-1#1821,c.[3C>T;21C>T;39C>T;42C>G;54G>A;57T>G;72C>T;75C>T;111G>C;116C>A;120A>G;121A>C;122C>A;123T>G;129G>A;132C>T;135C>T;141A>G;162G>C;165G>A;171T>G;174A>G;177G>A],NA,p.[Ser39Tyr;Thr41Gln],-0.5534015980931901,-0.578998378901902,-0.5307463485650551,0.0334675413008965,-1.5220661,1.228212988171102,1.1897431271306194,1.2620359269417625
urn:mavedb:00000394-a-1#1822,c.[3C>T;6T>G;21C>T;36T>C;42C>G;72C>T;75C>T;116C>A;117T>C;120A>G;121A>G;122C>A;123T>A;141A>G;165G>A;171T>G;174A>G;177G>A],NA,p.[Ser39Tyr;Thr41Glu],-0.5126154492656556,-0.5227584648368311,-0.4978451225886591,0.0390599110492366,-1.5089998,1.2695862139553271,1.2544881825268166,1.291502352873935
urn:mavedb:00000394-a-1#1823,c.[15A>G;21C>T;36T>C;42C>G;72C>T;75C>T;116C>A;117T>C;120A>G;122C>A;123T>C;165G>A;168G>A;177G>A;198G>T],NA,p.[Ser39Tyr;Thr41Asn],-0.6093657235600806,-0.6429981324762697,-0.583148637272994,0.0377518271165688,-1.5213809,1.1426815037538591,1.091178001475537,1.1824445609025411
urn:mavedb:00000394-a-1#1824,c.[3C>T;6T>G;9G>A;12C>T;21C>T;36T>C;42C>G;116C>A;117T>C;120A>G;121A>C;122C>A;123T>C;135C>T;141A>G;165G>A;171T>G;174A>G;180G>C;198G>T;207T>C],NA,p.[Ser39Tyr;Thr41His],-0.3202601298807559,-0.3335964325239465,-0.3086399612345908,0.0422904071639905,-1.5164323,1.5602182477326665,1.5411501699025196,1.5768008699268174
urn:mavedb:00000394-a-1#1825,c.[3C>T;6T>G;12C>T;21C>T;30G>C;36T>C;42C>G;57T>G;69T>C;72C>T;84C>T;116C>A;117T>C;120A>G;121A>G;122C>A;123T>C;132C>T;141A>G;165G>A;171T>G;174A>G;177G>A;183A>G;195G>A],NA,p.[Ser39Tyr;Thr41Asp],-0.8578360096490576,-0.8990549427043303,-0.7600762722320759,0.0452122772523335,-1.5109229,0.7266413082171777,0.654826366807464,0.8897509739947924
urn:mavedb:00000394-a-1#1826,c.[3C>T;21C>T;36T>C;42C>G;87T>C;116C>A;117T>C;121A>C;122C>G;123T>C;132C>T;141A>G;144C>T;165G>A;171T>G;174A>G;177G>A],NA,p.[Ser39Tyr;Thr41Arg],-0.8276272941573599,-0.8475215683525307,-0.8074573655481546,0.0227817974856101,-1.5444813,0.8340280827638806,0.8009535036195335,0.8671962547745761
urn:mavedb:00000394-a-1#1827,c.[21C>T;36T>C;42C>G;57T>G;69T>C;72C>T;116C>A;117T>C;120A>G;122C>A;123T>G;132C>T;138T>C;141A>G;156T>C;165G>A;171T>G;174A>G;177G>A;180G>C;186A>G;198G>T;207T>C],NA,p.[Ser39Tyr;Thr41Lys],-0.9869023181804232,-1.0145828817542462,-0.9505798340764778,0.0323262973614213,-1.5240188,0.5185983408796937,0.4657897239168623,0.5858551528704224
urn:mavedb:00000394-a-1#1828,c.[21C>T;36T>C;42C>G;72C>T;75C>T;108G>C;116C>A;117T>C;121A>T;141A>G;165G>A;168G>A;171T>G;198G>T],NA,p.[Ser39Tyr;Thr41Ser],-0.5476154233613467,-0.5737149232622258,-0.5316756314770418,0.0344240521546759,-1.5211849,1.2355543541823746,1.1963804718468565,1.2593415381661743
urn:mavedb:00000394-a-1#1829,c.[12C>T;21C>T;36T>C;42C>G;69T>C;72C>T;116C>A;117T>C;121A>G;123T>G;138T>C;141A>G;165G>A;168G>A;171T>G;174A>G],NA,p.[Ser39Tyr;Thr41Ala],-0.7677030156994658,-0.8087966333368213,-0.7510243875879241,0.033091642504911,-1.5258799,0.9016258490553302,0.8344190527776867,0.9285137005456452
urn:mavedb:00000394-a-1#1830,c.[3C>T;6T>G;12C>T;21C>T;27G>A;36T>C;42C>G;99G>C;102T>C;108G>C;111G>C;116C>A;120A>G;121A>G;122C>G;126C>T;165G>A;171T>G;174A>G;177G>A;198G>T;207T>C],NA,p.[Ser39Tyr;Thr41Gly],-0.9013222576317744,-0.9511281936238656,-0.8465277244682637,0.0378438276875909,-1.5234199,0.6728382199174151,0.5837635335843844,0.7672154822316822
urn:mavedb:00000394-a-1#1831,c.[21C>T;36T>C;42C>G;72C>T;75C>T;78C>T;116C>A;117T>C;120A>G;122C>T;123T>G;165G>A;168G>A;171T>G;174A>G;177G>A;183A>G],NA,p.[Ser39Tyr;Thr41Met],-0.4326842664998604,-0.4481117880727427,-0.4092514191258898,0.0405987695781062,-1.5352826,1.425491574805563,1.4030636351194974,1.4594295814651908
urn:mavedb:00000394-a-1#1832,c.[21C>T;36T>C;42C>G;72C>T;75C>T;116C>A;117T>C;120A>G;121A>T;122C>G;123T>C;135C>T;141A>G;165G>A;171T>G;174A>G;198G>T],NA,p.[Ser39Tyr;Thr41Cys],0.1598957755263876,0.1355876885453618,0.1745445750159443,0.0961234815721607,-1.5310521,2.248978057302952,2.215674908129846,2.269032799373074
urn:mavedb:00000394-a-1#1833,c.[21C>T;27G>A;36T>C;42C>G;105C>T;116C>A;117T>C;121A>C;122C>T;123T>C;126C>T;132C>T;135C>T;141A>G;165G>A;171T>G;174A>G;177G>A],NA,p.[Ser39Tyr;Thr41Leu],-0.5848792459404528,-0.6109945616717823,-0.5652062848923947,0.0489631419932855,-1.5305557,1.1936673703673015,1.1541499120346337,1.2232364800166502
urn:mavedb:00000394-a-1#1834,c.[9G>A;21C>T;36T>C;42C>G;60T>C;116C>A;117T>C;120A>G;121A>G;122C>T;123T>G;138T>C;141A>G;165G>A;168G>A;174A>G;207T>C],NA,p.[Ser39Tyr;Thr41Val],-0.5032712043848986,-0.513285566547625,-0.4759174260120793,0.046779772070762,-1.5296097,1.3139210733316953,1.2991264234934712,1.3541561521026797
urn:mavedb:00000394-a-1#1835,c.[3C>T;6T>G;21C>T;36T>C;42C>G;78C>T;116C>A;117T>C;120A>G;122C>T;123T>C;138T>C;141A>G;144C>T;198G>T],NA,p.[Ser39Tyr;Thr41Ile],-0.4887011071302452,-0.5113002054312576,-0.4758514512810077,0.0392458920752603,-1.5373116,1.34668950968164,1.313428271142785,1.3655260648578855
urn:mavedb:00000394-a-1#1836,c.[6T>G;9G>A;12C>T;21C>T;36T>C;42C>G;116C>A;117T>C;120A>G;121A>T;122C>G;123T>G;171T>G;174A>G;177G>A;198G>T],NA,p.[Ser39Tyr;Thr41Trp],0.7122008966431459,0.6914951112696817,0.7646354738244935,0.062273595960269,-1.5341134,3.006184743456303,2.9779233205026285,3.077821852112838
urn:mavedb:00000394-a-1#1837,c.[3C>T;6T>G;21C>T;27G>A;36T>C;42C>G;78C>T;116C>A;117T>C;120A>G;121A>T;122C>A;123T>C;171T>G;174A>G],NA,p.[Ser39Tyr;Thr41Tyr],0.5291461301472642,0.5015540025309828,0.5571763140802894,0.0613010015531317,-1.5330482,2.755247171157912,2.717679423736929,2.793416422300844
urn:mavedb:00000394-a-1#1838,c.[3C>T;6T>G;21C>T;36T>C;42C>G;72C>T;75C>T;116C>A;117T>C;120A>G;121A>T;122C>T;123T>C;129G>A;138T>C;141A>G;165G>A;168G>A;171T>G;174A>G;177G>A],NA,p.[Ser39Tyr;Thr41Phe],0.5015836550336058,0.4770031421100056,0.520192259989364,0.0557504910538184,-1.5409102,2.7283164554776125,2.69485657363422,2.75364829206514
urn:mavedb:00000394-a-1#1839,c.[3C>T;21C>T;39C>T;42C>G;69T>C;72C>T;116C>A;120A>G;121A>C;123T>A;132C>T;141A>G;144C>T;165G>A;168G>A;171T>G;174A>G;177G>A],NA,p.[Ser39Tyr;Thr41Pro],-1.2985294707092323,-1.3678913785595812,-1.2609799144931306,0.0395366290592611,-1.5319653,-0.1971387944695875,-0.4514912337014625,-0.0831320464532652
urn:mavedb:00000394-a-1#1840,c.[3C>T;6T>G;21C>T;36T>C;42C>G;116C>T;117T>C;120A>G;121A>C;122C>A;123T>G;135C>T;141A>G;165G>A;171T>G;174A>G;177G>A],NA,p.[Ser39Phe;Thr41Gln],-0.5725836994872338,-0.5948258022676333,-0.5579282167203158,0.0314092761989233,-1.5257187,1.2049028061696234,1.1713406213013196,1.226899688656527
urn:mavedb:00000394-a-1#1841,c.[6T>G;9G>A;12C>T;21C>T;36T>C;42C>G;72C>T;75C>T;116C>T;117T>C;120A>G;121A>G;122C>A;123T>A;141A>G;144C>T;165G>A;168G>A;171T>G;174A>G;183A>G],NA,p.[Ser39Phe;Thr41Glu],-0.4979587186256778,-0.5118437452132217,-0.4843891615499429,0.0282928840944445,-1.5123014,1.296217686286259,1.2756339948409725,1.3162663320465864
urn:mavedb:00000394-a-1#1842,c.[21C>T;36T>C;42C>G;72C>T;75C>T;108G>C;116C>T;117T>C;120A>G;122C>A;123T>C;165G>A;171T>G;174A>G],NA,p.[Ser39Phe;Thr41Asn],-0.438371414378788,-0.4846901289898556,-0.4034234606582379,0.0430789181779723,-1.5249839,1.4022663456833873,1.3344859128216882,1.4529830869716838
urn:mavedb:00000394-a-1#1843,c.[21C>T;39C>T;42C>G;69T>C;72C>T;116C>T;117T>C;120A>G;121A>C;122C>A;123T>C;135C>T;138T>C;141A>G;177G>A],NA,p.[Ser39Phe;Thr41His],-0.2972141184119188,-0.3089803864903175,-0.2840198768208897,0.0334669157315538,-1.5196176,1.5976044738747184,1.5808496317244811,1.6163592263304338
urn:mavedb:00000394-a-1#1844,c.[6T>G;9G>A;12C>T;15A>G;18C>T;21C>T;36T>C;42C>G;69T>C;72C>T;116C>T;117T>C;120A>G;121A>G;122C>A;123T>C;135C>T;138T>C;141A>G;177G>A],NA,p.[Ser39Phe;Thr41Asp],-0.908637481060939,-0.929775420723437,-0.8795369071180849,0.0500360937774738,-1.5143533,0.6439222434582522,0.606067343734657,0.6950616984470498
urn:mavedb:00000394-a-1#1845,c.[9G>A;15A>G;21C>T;24C>T;39C>T;42C>G;72C>T;75C>T;116C>T;117T>C;120A>G;121A>C;122C>G;141A>G;165G>A;168G>A;174A>G],NA,p.[Ser39Phe;Thr41Arg],-0.7916277118664659,-0.8217616699293078,-0.7788923105351347,0.0204682182523755,-1.5499649,0.9018683908215152,0.8527312446902028,0.9224163467950182
urn:mavedb:00000394-a-1#1846,c.[3C>T;6T>G;18C>T;21C>T;30G>C;42C>G;72C>T;75C>T;116C>T;117T>C;120A>G;122C>A;123T>A;138T>C;141A>G;165G>A;171T>G;174A>G;177G>A;180G>C],NA,p.[Ser39Phe;Thr41Lys],-0.815695998992834,-0.8523435076463423,-0.7781014800397825,0.0465826329533199,-1.5276856,0.8259855028828389,0.764588905970912,0.8876874698633136
urn:mavedb:00000394-a-1#1847,c.[21C>T;36T>C;42C>G;72C>T;75C>T;116C>T;117T>C;120A>G;121A>T;141A>G;165G>A;171T>G;177G>A],NA,p.[Ser39Phe;Thr41Ser],-0.4694550763022985,-0.4868573413314013,-0.4563602242805274,0.0436999190068484,-1.5248418,1.356647182659542,1.331088659026153,1.3758148555436511
urn:mavedb:00000394-a-1#1848,c.[3C>T;6T>G;9G>A;36T>C;42C>G;63G>C;72C>T;75C>T;116C>T;117T>C;121A>G;123T>G;141A>G;177G>A;180G>C],NA,p.[Ser39Phe;Thr41Ala],-0.781593208820895,-0.7928811690212187,-0.7629429165205401,0.0239095777412568,-1.5300856,0.8859108143579971,0.8675011253893706,0.9161030810753064
urn:mavedb:00000394-a-1#1849,c.[9G>A;21C>T;36T>C;42C>G;63G>C;66G>A;78C>T;105C>T;116C>T;117T>C;120A>G;121A>G;122C>G;126C>T;138T>C;141A>G],NA,p.[Ser39Phe;Thr41Gly],-0.8190504043995019,-0.8689431241318429,-0.7959584167195891,0.0422904557986776,-1.5269938,0.8192706634304918,0.7351449152452959,0.8573969128892004
urn:mavedb:00000394-a-1#1850,c.[3C>T;6T>G;21C>T;36T>C;42C>G;116C>T;117T>C;120A>G;122C>T;123T>G;141A>G;165G>A;171T>G;174A>G;198G>T],NA,p.[Ser39Phe;Thr41Met],-0.4163041826235821,-0.4632097934240504,-0.4010602828098412,0.0412464691163076,-1.5394931,1.4553141886926029,1.3871875601817605,1.4773243925540993
urn:mavedb:00000394-a-1#1851,c.[3C>T;6T>G;21C>T;36T>C;42C>G;72C>T;75C>T;116C>T;117T>C;120A>G;121A>T;122C>G;123T>C;141A>G;177G>A],NA,p.[Ser39Phe;Thr41Cys],0.0173674030143404,0.0052861273415188,0.0348757007332713,0.0676329913468131,-1.5349555,2.058546659592285,2.0418875035377244,2.082668379265113
urn:mavedb:00000394-a-1#1852,c.[6T>G;9G>A;12C>T;21C>T;36T>C;42C>G;87T>C;99G>C;102T>C;116C>T;117T>C;120A>G;121A>C;122C>T;123T>G;153A>G;165G>A;168G>A;171T>G;174A>G],NA,p.[Ser39Phe;Thr41Leu],-0.5530956513741423,-0.5781934181415044,-0.5298866739021262,0.0462340155623224,-1.5347729,1.247649982655607,1.2100707056293445,1.2821780382635992
urn:mavedb:00000394-a-1#1853,c.[3C>T;6T>G;21C>T;36T>C;42C>G;72C>T;75C>T;116C>T;117T>C;120A>G;121A>G;122C>T;141A>G;165G>A;168G>A;174A>G],NA,p.[Ser39Phe;Thr41Val],-0.4892175380252611,-0.4997394999985248,-0.4802074923745467,0.0277210127760972,-1.5334897,1.3403229338807134,1.3248428566257946,1.3535493617621637
urn:mavedb:00000394-a-1#1854,c.[12C>T;21C>T;36T>C;42C>G;78C>T;116C>T;117T>C;120A>G;122C>T;123T>C;144C>T;165G>A;171T>G;174A>G;177G>A],NA,p.[Ser39Phe;Thr41Ile],-0.4152814867237762,-0.4288545536429604,-0.4032082814413495,0.0291472142835942,-1.5414486,1.4596159277886636,1.4399770831870122,1.4770435509489053
urn:mavedb:00000394-a-1#1855,c.[21C>T;36T>C;42C>G;69T>C;72C>T;116C>T;117T>C;120A>G;121A>T;122C>G;123T>G;132C>T;141A>G;165G>A;168G>A;171T>G;174A>G],NA,p.[Ser39Phe;Thr41Trp],0.7600756962556549,0.7244513453284297,0.7804290801172103,0.0537496608471843,-1.5382748,3.0771736384102364,3.028500452543029,3.105005935706917
urn:mavedb:00000394-a-1#1856,c.[3C>T;6T>G;21C>T;36T>C;42C>G;54G>A;116C>T;117T>C;120A>G;121A>T;122C>A;123T>C;141A>G;162G>C;165G>A;168G>A;177G>A;192C>T;195G>A;207T>C],NA,p.[Ser39Phe;Thr41Tyr],0.4893895529144144,0.4636154203955482,0.5285778777265089,0.0478405398206802,-1.5369568,2.7063876042585937,2.67129998676141,2.759738850279017
urn:mavedb:00000394-a-1#1857,c.[21C>T;36T>C;42C>G;116C>T;117T>C;120A>G;121A>T;122C>T;123T>C;165G>A;168G>A;177G>A;198G>T;207T>C],NA,p.[Ser39Phe;Thr41Phe],0.5403527734200633,0.5180304235854774,0.5709473433644829,0.0430314608059167,-1.545259,2.786951144268341,2.756564022828219,2.8286065954679764
urn:mavedb:00000394-a-1#1858,c.[3C>T;6T>G;21C>T;36T>C;42C>G;72C>T;75C>T;116C>T;117T>C;121A>C;123T>G;141A>G;174A>G],NA,p.[Ser39Phe;Thr41Pro],-1.2965373933142343,-1.332578220244143,-1.2422632406378695,0.0357753640921908,-1.535914,-0.178237389557443,-0.2989905950383164,-0.0197752745189824
urn:mavedb:00000394-a-1#1859,c.[21C>T;36T>C;42C>G;72C>T;75C>T;102T>C;111G>C;115T>C;117T>A;120A>G;121A>C;122C>A;123T>G;135C>T;138T>C;141A>G;165G>A;171T>G;174A>G;177G>A],NA,p.[Ser39Pro;Thr41Gln],-1.5497574325912096,-1.6104447883830522,-1.4613649219142553,0.036437925039025,-1.5179977,-15.0,-25.0,-1.1432474350055908
urn:mavedb:00000394-a-1#1860,c.[6T>G;9G>A;21C>T;36T>C;42C>G;60T>C;72C>T;75C>T;115T>C;117T>A;120A>G;121A>G;122C>A;123T>A;165G>A;171T>G;174A>G;198G>T],NA,p.[Ser39Pro;Thr41Glu],-1.5526028774614986,-1.6127196646263182,-1.477362969228651,0.0449109426185772,-1.5059166,-15.0,-25.0,-1.5594922198078407
urn:mavedb:00000394-a-1#1861,c.[3C>T;6T>G;21C>T;36T>C;42C>G;115T>C;117T>G;120A>G;122C>A;123T>C;138T>C;141A>G;165G>A;168G>A;174A>G;180G>C;207T>C],NA,p.[Ser39Pro;Thr41Asn],-1.523129736265287,-1.586211953866549,-1.4572865638677963,0.039268691252098,-1.5174451,-15.0,-25.0,-1.105810429906925
urn:mavedb:00000394-a-1#1862,c.[18C>T;21C>T;24C>T;27G>A;115T>C;117T>A;120A>G;121A>C;122C>A;123T>C;126C>T;144C>T;165G>A;171T>G;174A>G;177G>A],NA,p.[Ser39Pro;Thr41His],-1.4177087415383731,-1.4460168075240591,-1.3701346372291134,0.0370453818283967,-1.5136151,-0.8107137176270943,-1.0330914736017722,-0.5438412856486751
urn:mavedb:00000394-a-1#1863,c.[3C>T;6T>G;9G>A;12C>T;21C>T;36T>C;42C>G;115T>C;117T>A;120A>G;121A>G;122C>A;123T>C;141A>G;144C>T;150C>T;162G>C;165G>A;168G>A;177G>A;180G>C],NA,p.[Ser39Pro;Thr41Asp],-1.4968210759024845,-1.5648548626188052,-1.401092073837235,0.0511545132365786,-1.5074039,-2.147265042368222,-25.0,-0.7437509086384767
urn:mavedb:00000394-a-1#1864,c.[6T>G;9G>A;12C>T;21C>T;36T>C;42C>G;72C>T;75C>T;115T>C;117T>G;121A>C;122C>G;126C>T;165G>A;168G>A;171T>G;174A>G],NA,p.[Ser39Pro;Thr41Arg],-1.583359059883255,-1.6216534581568895,-1.523229708593114,0.036570274980964,-1.5227628,-15.0,-25.0,-5.0
urn:mavedb:00000394-a-1#1865,c.[3C>T;6T>G;21C>T;36T>C;42C>G;115T>C;117T>G;120A>G;122C>A;123T>A;141A>G;150C>T;165G>A;168G>A;177G>A],NA,p.[Ser39Pro;Thr41Lys],-1.5403922115583146,-1.5938626496637287,-1.461014132159457,0.0379139831654492,-1.5174346,-15.0,-25.0,-1.1455706724828467
urn:mavedb:00000394-a-1#1866,c.[21C>T;36T>C;42C>G;69T>C;72C>T;115T>C;117T>G;120A>G;121A>T;132C>T;141A>G;177G>A;198G>T;207T>C],NA,p.[Ser39Pro;Thr41Ser],-1.4471527265363169,-1.5168541769226342,-1.4014696220180112,0.0488148817568517,-1.5172763,-1.0100885942077085,-4.0226473991272185,-0.6875243541626092
urn:mavedb:00000394-a-1#1867,c.[3C>T;6T>G;21C>T;36T>C;42C>G;78C>T;102T>C;115T>C;117T>A;120A>G;121A>G;129G>A;138T>C;141A>G;165G>A;171T>G;174A>G;177G>A;198G>T;207T>C],NA,p.[Ser39Pro;Thr41Ala],-1.5648361327240643,-1.6334391859166286,-1.5074965189502874,0.0427168434643542,-1.5197883,-15.0,-25.0,-2.059295159487374
urn:mavedb:00000394-a-1#1868,c.[3C>T;6T>G;12C>T;21C>T;24C>T;36T>C;42C>G;63G>C;111G>C;115T>C;117T>G;121A>G;122C>G;126C>T;129G>A;174A>G],NA,p.[Ser39Pro;Thr41Gly],-1.473117510306193,-1.5154025385364358,-1.4206536824952332,0.0375672385063719,-1.5192804,-1.2689370540703504,-2.7340472714515416,-0.7926073749782673
urn:mavedb:00000394-a-1#1869,c.[6T>G;9G>A;12C>T;21C>T;36T>C;42C>G;84C>T;115T>C;117T>G;120A>G;122C>T;123T>G;141A>G;174A>G],NA,p.[Ser39Pro;Thr41Met],-1.4652015997899008,-1.5101462156820022,-1.3928555211378928,0.0388072705174312,-1.5290203,-1.0690529035779637,-1.8061357005458007,-0.5793452002365848
urn:mavedb:00000394-a-1#1870,c.[6T>G;9G>A;12C>T;21C>T;36T>C;42C>G;66G>A;69T>C;72C>T;78C>T;108G>C;115T>C;117T>A;120A>G;121A>T;122C>G;123T>C;141A>G;162G>C;165G>A;168G>A;180G>C],NA,p.[Ser39Pro;Thr41Cys],-0.969978059056132,-1.039229165858762,-0.9007350251165804,0.0476766224949305,-1.5253706,0.5527098772309014,0.4201700809647187,0.6772867562693973
urn:mavedb:00000394-a-1#1871,c.[6T>G;9G>A;12C>T;21C>T;36T>C;42C>G;57T>G;72C>T;75C>T;102T>C;111G>C;115T>C;117T>A;120A>G;121A>C;122C>T;123T>G;129G>A;138T>C;141A>G;162G>C;165G>A;171T>G;174A>G;177G>A;180G>C],NA,p.[Ser39Pro;Thr41Leu],-1.4165136382986825,-1.51768879744357,-1.337425187365209,0.0560509223959467,-1.5237303,-0.7382089395446433,-2.475446073505212,-0.3619454944484622
urn:mavedb:00000394-a-1#1872,c.[21C>T;36T>C;42C>G;69T>C;72C>T;114C>T;115T>C;117T>G;120A>G;121A>G;122C>T;135C>T;138T>C;141A>G;165G>A;168G>A;177G>A;180G>C],NA,p.[Ser39Pro;Thr41Val],-1.5293779544537116,-1.59402623546376,-1.483718365947793,0.0355035424466034,-1.5243287,-15.0,-25.0,-1.347037102955557
urn:mavedb:00000394-a-1#1873,c.[6T>G;9G>A;12C>T;21C>T;36T>C;42C>G;115T>C;117T>G;120A>G;122C>T;123T>C;165G>A;168G>A;177G>A;198G>T],NA,p.[Ser39Pro;Thr41Ile],-1.4875603613464627,-1.5365285072936985,-1.4398293056755591,0.0344992165016322,-1.5311823,-1.303502308259925,-25.0,-0.8420787813167427
urn:mavedb:00000394-a-1#1874,c.[21C>T;36T>C;69T>C;72C>T;115T>C;117T>G;120A>G;121A>T;122C>G;123T>G],NA,p.[Ser39Pro;Thr41Trp],-1.3054709452352162,-1.3871510189573089,-1.2102039968134093,0.0483968752429317,-1.526052,-0.2393207988329633,-0.5658814271598465,0.0390389362796461
urn:mavedb:00000394-a-1#1875,c.[3C>T;6T>G;21C>T;36T>C;42C>G;69T>C;72C>T;115T>C;117T>G;120A>G;121A>T;122C>A;123T>C;141A>G;177G>A],NA,p.[Ser39Pro;Thr41Tyr],-1.389059310006254,-1.4720130295165788,-1.269209334134305,0.0337058536871521,-1.5265999,-0.5725467605811991,-1.1659851105213046,-0.1229793591608825
urn:mavedb:00000394-a-1#1876,c.[9G>A;21C>T;36T>C;42C>G;63G>C;72C>T;75C>T;102T>C;115T>C;117T>G;120A>G;121A>T;122C>T;123T>C;171T>G;174A>G;207T>C],NA,p.[Ser39Pro;Thr41Phe],-1.3534975590705636,-1.432361562502833,-1.2799318676346376,0.0403117974982804,-1.5329199,-0.3886991905773253,-0.7800205478329391,-0.1362142398023847
urn:mavedb:00000394-a-1#1877,c.[12C>T;21C>T;27G>A;66G>A;115T>C;117T>A;120A>G;121A>C;123T>A;132C>T;141A>G;168G>A],NA,p.[Ser39Pro;Thr41Pro],-1.4840625898488675,-1.5495505852733389,-1.3762171853086549,0.0383612161346568,-1.5266051,-1.318767234386698,-25.0,-0.5116992108169933
urn:mavedb:00000394-a-1#1878,c.[12C>T;21C>T;30G>C;36T>C;60T>C;67T>C;68C>A;69T>G;72C>T;78C>T;108G>C;120A>G;123T>C;124G>C;126C>G;138T>C;141A>G;165G>A;168G>A;177G>A],NA,p.[Ser23Gln;Asp42Gln],-1.648414851142888,-1.7001439452111955,-1.4956368030286031,0.0544904819084282,-1.5744119,-15.0,-25.0,-0.9366775066711516
urn:mavedb:00000394-a-1#1879,c.[6T>G;9G>A;21C>T;36T>C;42C>G;63G>C;67T>C;68C>A;69T>G;72C>T;120A>G;123T>C;126C>A;165G>A;171T>G;174A>G;198G>T],NA,p.[Ser23Gln;Asp42Glu],-1.6138960121860075,-1.653891645781799,-1.5583961244738596,0.0419937382460016,-1.5361223,-15.0,-25.0,-5.0
urn:mavedb:00000394-a-1#1880,c.[21C>T;36T>C;42C>G;67T>C;68C>A;69T>G;72C>T;120A>G;123T>C;124G>A;141A>G;165G>A;171T>G;177G>A],NA,p.[Ser23Gln;Asp42Asn],-1.3437706461693266,-1.4007148617899154,-1.3232873113163333,0.0319783345608021,-1.562006,-0.247226992895287,-0.4633923937981898,-0.1803186545362632
urn:mavedb:00000394-a-1#1881,c.[3C>T;6T>G;21C>T;36T>C;42C>G;67T>C;68C>A;69T>G;72C>T;120A>G;123T>C;124G>C;141A>G;165G>A;171T>G;174A>G;177G>A;198G>T],NA,p.[Ser23Gln;Asp42His],-1.506144471669539,-1.544100846425671,-1.4676244596636356,0.0354211952213932,-1.5581617,-1.1957074315049223,-1.9801235148775296,-0.8478491126104791
urn:mavedb:00000394-a-1#1882,c.[3C>T;6T>G;18C>T;21C>T;36T>C;39C>T;42C>G;48C>T;66G>A;67T>C;68C>A;69T>G;72C>T;120A>G;123T>C;124G>C;125A>G;126C>T;129G>A;132C>T;138T>C;141A>G;144C>T;147G>C;153A>G;165G>A;168G>A;171T>G;177G>A],NA,p.[Ser23Gln;Asp42Arg],-1.8076583335502825,-1.8588962946210623,-1.743526920711028,0.0781328109711096,-1.5692725,-15.0,-25.0,-5.0
urn:mavedb:00000394-a-1#1883,c.[12C>T;21C>T;36T>C;42C>G;67T>C;68C>A;69T>G;72C>T;120A>G;123T>C;124G>A;126C>A;141A>G;165G>A;171T>G;174A>G;177G>A],NA,p.[Ser23Gln;Asp42Lys],-1.8337479242671093,-1.909325873333196,-1.752568645967067,0.0500831907588444,-1.5583129,-15.0,-25.0,-5.0
urn:mavedb:00000394-a-1#1884,c.[3C>T;6T>G;12C>T;21C>T;36T>C;42C>G;67T>C;68C>A;69T>G;72C>T;120A>G;123T>C;124G>A;125A>C;126C>T;135C>T;138T>C;141A>G;165G>A;171T>G;174A>G;177G>A;195G>A;207T>C],NA,p.[Ser23Gln;Asp42Thr],-1.7086232935306689,-1.7860489128782493,-1.6492920208076844,0.0513507612034704,-1.5701737,-15.0,-25.0,-5.0
urn:mavedb:00000394-a-1#1885,c.[6T>G;9G>A;12C>T;21C>T;36T>C;42C>G;67T>C;68C>A;69T>G;72C>T;120A>G;123T>C;124G>T;125A>C;126C>T;177G>A;198G>T],NA,p.[Ser23Gln;Asp42Ser],-1.6043092805886672,-1.6641219866590542,-1.5681350956890896,0.0469472077435014,-1.5646324,-15.0,-25.0,-5.0
urn:mavedb:00000394-a-1#1886,c.[6T>G;9G>A;21C>T;36T>C;42C>G;60T>C;67T>C;68C>A;69T>G;72C>T;120A>G;123T>C;125A>C;126C>G;129G>A;141A>G;147G>C;150C>T;165G>A;168G>A;174A>G],NA,p.[Ser23Gln;Asp42Ala],-1.7504764290850503,-1.8155399230135567,-1.701077697819546,0.0553039438648436,-1.5747905,-15.0,-25.0,-5.0
urn:mavedb:00000394-a-1#1887,c.[6T>G;9G>A;12C>T;18C>T;21C>T;36T>C;42C>G;67T>C;68C>A;69T>G;72C>T;123T>C;125A>G;126C>T;138T>C;141A>G;171T>G;180G>C;183A>G;198G>T],NA,p.[Ser23Gln;Asp42Gly],-1.5452544647241822,-1.5775875863126252,-1.461511045731074,0.0362967879638696,-1.5628548,-1.847522260306284,-25.0,-0.7749676620129903
urn:mavedb:00000394-a-1#1888,c.[6T>G;9G>A;21C>T;36T>C;42C>G;60T>C;67T>C;68C>A;69T>G;72C>T;120A>G;123T>C;124G>A;125A>T;126C>G;135C>T;141A>G;177G>A;198G>T],NA,p.[Ser23Gln;Asp42Met],-1.6683071869932764,-1.7327466377875729,-1.6108125974853456,0.0389791125373582,-1.5976291,-15.0,-25.0,-5.0
urn:mavedb:00000394-a-1#1889,c.[21C>T;36T>C;42C>G;57T>G;67T>C;68C>A;69T>G;120A>G;123T>C;124G>T;125A>G;141A>G;162G>C;165G>A;168G>A;177G>A;180G>C],NA,p.[Ser23Gln;Asp42Cys],-0.9620414337794372,-1.0278472009253414,-0.8910776058476807,0.0291758052128051,-1.5796409,0.6649041412360664,0.5460144719499571,0.7868611119643707
urn:mavedb:00000394-a-1#1890,c.[3C>T;6T>G;15A>G;21C>T;36T>C;42C>G;67T>C;68C>A;69T>G;72C>T;120A>G;123T>C;124G>C;125A>T;126C>G;141A>G],NA,p.[Ser23Gln;Asp42Leu],-1.6196316657470555,-1.6705522318768118,-1.563449191090612,0.0508435162138779,-1.5894241,-15.0,-25.0,-1.6161419449479206
urn:mavedb:00000394-a-1#1891,c.[6T>G;9G>A;12C>T;21C>T;36T>C;42C>G;67T>C;68C>A;69T>G;72C>T;87T>C;120A>G;123T>C;125A>T;126C>T;177G>A],NA,p.[Ser23Gln;Asp42Val],-1.7727294605016797,-1.822429376779028,-1.7356458639977863,0.0462781535577821,-1.5725765,-15.0,-25.0,-5.0
urn:mavedb:00000394-a-1#1892,c.[3C>T;6T>G;21C>T;36T>C;42C>G;67T>C;68C>A;69T>G;72C>T;78C>T;120A>G;123T>C;124G>A;125A>T;141A>G;165G>A;171T>G;174A>G],NA,p.[Ser23Gln;Asp42Ile],-1.6331278959163755,-1.720282640201006,-1.55018336936736,0.0465718199407457,-1.5789418,-15.0,-25.0,-1.5552182138022133
urn:mavedb:00000394-a-1#1893,c.[12C>T;18C>T;21C>T;36T>C;42C>G;67T>C;68C>A;69T>G;72C>T;120A>G;123T>C;124G>T;125A>G;126C>G;141A>G;168G>A;171T>G;183A>G],NA,p.[Ser23Gln;Asp42Trp],-1.347192020092184,-1.3911696392119133,-1.2891579330155836,0.0482913293926738,-1.6007285,-0.1345704252601421,-0.2770332518878682,0.0279145327311864
urn:mavedb:00000394-a-1#1894,c.[21C>T;36T>C;42C>G;67T>C;68C>A;69T>G;72C>T;120A>G;123T>C;124G>T;135C>T;138T>C;141A>G;177G>A;198G>T;207T>C],NA,p.[Ser23Gln;Asp42Tyr],-1.4226719109715624,-1.4807980785712649,-1.3761719820087646,0.0494931231812606,-1.5923767,-0.4279291895868733,-0.712054633977673,-0.2541235384099681
urn:mavedb:00000394-a-1#1895,c.[12C>T;21C>T;36T>C;42C>G;67T>C;68C>A;69T>G;72C>T;120A>G;123T>C;124G>T;125A>T;141A>G;165G>A;168G>A;177G>A;180G>C;198G>T;207T>C],NA,p.[Ser23Gln;Asp42Phe],-1.476488050988826,-1.5350350466492373,-1.4118266045026782,0.0323389524152991,-1.5986538,-0.6520912149381455,-1.0710190350670057,-0.3599622085314117
urn:mavedb:00000394-a-1#1896,c.[3C>T;6T>G;9G>A;21C>T;36T>C;42C>G;57T>G;67T>C;68C>A;69T>G;72C>T;120A>G;124G>C;125A>C;126C>G;141A>G;165G>A;168G>A;177G>A],NA,p.[Ser23Gln;Asp42Pro],-1.559263419571394,-1.6354010795686882,-1.5156749983543951,0.0372092889425247,-1.5470924,-15.0,-25.0,-1.502127951791823
urn:mavedb:00000394-a-1#1897,c.[3C>T;6T>G;21C>T;36T>C;42C>G;63G>C;67T>G;68C>A;69T>A;72C>T;120A>G;123T>C;124G>C;126C>G;141A>G;144C>T;165G>A;171T>G;174A>G;177G>A],NA,p.[Ser23Glu;Asp42Gln],-1.6806287880629749,-1.7519973522083845,-1.6358563690033938,0.0437852543111595,-1.5674314,-15.0,-25.0,-5.0
urn:mavedb:00000394-a-1#1898,c.[21C>T;36T>C;42C>G;67T>G;68C>A;69T>A;72C>T;120A>G;123T>C;126C>A;138T>C;141A>G;165G>A;171T>G;177G>A],NA,p.[Ser23Glu;Asp42Glu],-1.571742802085165,-1.6370309314573592,-1.4352329587859955,0.0477182696294101,-1.5287094,-15.0,-25.0,-0.8272824325334908
urn:mavedb:00000394-a-1#1899,c.[21C>T;36T>C;42C>G;67T>G;68C>A;69T>A;72C>T;120A>G;123T>C;124G>A;165G>A;171T>G;174A>G;198G>T],NA,p.[Ser23Glu;Asp42Asn],-1.1456829636730794,-1.1944346288630152,-1.1024211777031223,0.01914472979899,-1.5548782,0.2601410217903037,0.1492505735772369,0.352032524409583
urn:mavedb:00000394-a-1#1900,c.[3C>T;6T>G;21C>T;36T>C;42C>G;67T>G;68C>A;69T>A;72C>T;120A>G;123T>C;124G>C;141A>G;165G>A;171T>G;174A>G],NA,p.[Ser23Glu;Asp42His],-1.3006287885166263,-1.3438938874732638,-1.255032717001606,0.0337138836300717,-1.5509901,-0.144194676554672,-0.2856563656797546,-0.0135270437372084
urn:mavedb:00000394-a-1#1901,c.[3C>T;6T>G;21C>T;36T>C;42C>G;51C>T;67T>G;68C>A;69T>A;72C>T;120A>G;123T>C;124G>C;125A>G;126C>T;132C>T;135C>T;138T>C;141A>G;144C>T;165G>A;171T>G;180G>C],NA,p.[Ser23Glu;Asp42Arg],-1.813346791619992,-1.8781941763785448,-1.7095418313297706,0.0796332195585339,-1.5622306,-15.0,-25.0,-5.0
urn:mavedb:00000394-a-1#1902,c.[6T>G;9G>A;21C>T;36T>C;42C>G;57T>G;67T>G;68C>A;69T>A;72C>T;120A>G;123T>C;124G>A;126C>A;135C>T;147G>C;153A>G;177G>A;198G>T],NA,p.[Ser23Glu;Asp42Lys],-1.7520263707724724,-1.8049647054324225,-1.6757537530639062,0.0504936204992999,-1.5511427,-15.0,-25.0,-5.0
urn:mavedb:00000394-a-1#1903,c.[6T>G;9G>A;12C>T;21C>T;36T>C;42C>G;67T>G;68C>A;69T>G;72C>T;102T>C;120A>G;123T>C;124G>A;125A>C;126C>T;129G>A;141A>G;165G>A;171T>G;174A>G;177G>A;198G>T;207T>C],NA,p.[Ser23Glu;Asp42Thr],-1.6174064452997476,-1.6594142446248914,-1.5786496874577782,0.048903029628362,-1.5631423,-15.0,-25.0,-5.0
urn:mavedb:00000394-a-1#1904,c.[3C>T;6T>G;21C>T;36T>C;42C>G;67T>G;68C>A;69T>A;72C>T;120A>G;123T>C;124G>T;125A>C;126C>T;141A>G;165G>A;171T>G;177G>A],NA,p.[Ser23Glu;Asp42Ser],-1.2642117907851196,-1.2882524726195348,-1.2073631429897749,0.0304418981777511,-1.5575352,-0.0206703934202395,-0.0880479887609784,0.1246951202996775
urn:mavedb:00000394-a-1#1905,c.[3C>T;6T>G;21C>T;36T>C;42C>G;66G>A;67T>G;68C>A;69T>A;72C>T;120A>G;123T>C;125A>C;126C>T;141A>G;165G>A;168G>A;171T>G;174A>G;180G>C;183A>G;198G>T;207T>C],NA,p.[Ser23Glu;Asp42Ala],-1.5845124870882086,-1.661981021868944,-1.510555143492071,0.0639292519683526,-1.5678153,-15.0,-25.0,-1.1364362236739272
urn:mavedb:00000394-a-1#1906,c.[21C>T;36T>C;42C>G;67T>G;68C>A;69T>A;72C>T;120A>G;123T>C;125A>G;129G>A;138T>C;141A>G;144C>T;165G>A;171T>G;174A>G;198G>T],NA,p.[Ser23Glu;Asp42Gly],-1.4647067497851674,-1.5339834963226648,-1.396026411901632,0.0358021505216003,-1.555737,-0.8443582694189449,-1.7218496768751137,-0.4702235350392875
urn:mavedb:00000394-a-1#1907,c.[3C>T;6T>G;21C>T;27G>A;36T>C;42C>G;67T>G;68C>A;69T>A;72C>T;120A>G;123T>C;124G>A;125A>T;126C>G;129G>A;141A>G;174A>G],NA,p.[Ser23Glu;Asp42Met],-1.7953893942346106,-1.8467259978309207,-1.7554816067486658,0.0499954745891552,-1.5909481,-15.0,-25.0,-5.0
urn:mavedb:00000394-a-1#1908,c.[3C>T;6T>G;21C>T;36T>C;42C>G;67T>G;68C>A;69T>A;72C>T;120A>G;123T>C;124G>T;125A>G;141A>G;156T>C;165G>A;171T>G;177G>A],NA,p.[Ser23Glu;Asp42Cys],-0.8706473184444157,-0.9304421950343236,-0.7749395741854838,0.0484883237028138,-1.5727253,0.8094815819597283,0.7079828971599341,0.965108906518078
urn:mavedb:00000394-a-1#1909,c.[3C>T;6T>G;21C>T;36T>C;42C>G;67T>G;68C>A;69T>A;72C>T;120A>G;123T>C;124G>C;125A>T;126C>G;165G>A;171T>G;198G>T],NA,p.[Ser23Glu;Asp42Leu],-1.610548414084216,-1.6647881524558874,-1.5715603260751838,0.045383047190684,-1.582634,-15.0,-25.0,-2.120648966156065
urn:mavedb:00000394-a-1#1910,c.[21C>T;36T>C;42C>G;67T>G;68C>A;69T>A;72C>T;120A>G;125A>T;126C>T;165G>A;171T>G;177G>A],NA,p.[Ser23Glu;Asp42Val],-1.6722316102070098,-1.731776763076703,-1.6360128587878855,0.054913821054008,-1.5655742,-15.0,-25.0,-5.0
urn:mavedb:00000394-a-1#1911,c.[21C>T;36T>C;42C>G;67T>G;68C>A;69T>A;72C>T;120A>G;123T>C;124G>A;125A>T;138T>C;141A>G;177G>A],NA,p.[Ser23Glu;Asp42Ile],-1.694936660000029,-1.7374346004016228,-1.5925796248378818,0.0502557989382905,-1.5720181,-15.0,-25.0,-5.0
urn:mavedb:00000394-a-1#1912,c.[3C>T;9G>A;21C>T;39C>T;54G>A;57T>G;60T>C;67T>G;68C>A;69T>A;72C>T;120A>G;123T>C;124G>T;125A>G;126C>G;141A>G;162G>C;165G>A;168G>A;171T>G;177G>A;207T>C],NA,p.[Ser23Glu;Asp42Trp],-1.2054114470593251,-1.2634172394280778,-1.1524951361000204,0.0506206572583881,-1.5940895,0.2145194798648125,0.0767442591075116,0.3294456726764153
urn:mavedb:00000394-a-1#1913,c.[6T>G;9G>A;12C>T;21C>T;24C>T;27G>A;36T>C;42C>G;67T>G;68C>A;69T>A;72C>T;120A>G;123T>C;124G>T;141A>G;174A>G],NA,p.[Ser23Glu;Asp42Tyr],-1.496791204219602,-1.5564719332653885,-1.4189471730299978,0.0473208165338811,-1.5856247,-0.8600485126819213,-1.5470537752176312,-0.4405198623306297
urn:mavedb:00000394-a-1#1914,c.[21C>T;36T>C;42C>G;66G>A;67T>G;68C>A;69T>A;72C>T;120A>G;123T>C;124G>T;125A>T;165G>A;168G>A;171T>G;174A>G;177G>A;180G>C],NA,p.[Ser23Glu;Asp42Phe],-1.445585407534459,-1.525737598393947,-1.412850913767747,0.0361460300281323,-1.5919867,-0.530106612195693,-1.0457198149686358,-0.3898411038149684
urn:mavedb:00000394-a-1#1915,c.[21C>T;36T>C;42C>G;67T>G;68C>A;69T>A;72C>T;120A>G;124G>C;125A>C;126C>G;165G>A;171T>G;174A>G],NA,p.[Ser23Glu;Asp42Pro],-1.6152965921446707,-1.6576958410150595,-1.5729837987080142,0.037027378790745,-1.5397968,-15.0,-25.0,-5.0
urn:mavedb:00000394-a-1#1916,c.[3C>T;6T>G;9G>A;21C>T;36T>C;42C>G;57T>G;67T>A;68C>A;69T>C;72C>T;120A>G;123T>C;124G>C;126C>G;141A>G;165G>A;171T>G;174A>G;177G>A;198G>T],NA,p.[Ser23Asn;Asp42Gln],-1.4976105242285425,-1.546134060416114,-1.4463587093814283,0.0467859864612478,-1.5728555,-0.965696353152346,-1.5992019580810604,-0.6288507962054364
urn:mavedb:00000394-a-1#1917,c.[3C>T;6T>G;21C>T;36T>C;42C>G;67T>A;68C>A;69T>C;72C>T;120A>G;123T>C;126C>A;138T>C;141A>G;165G>A;168G>A;174A>G],NA,p.[Ser23Asn;Asp42Glu],-1.193105584955836,-1.2234066760291484,-1.154669829402193,0.0359735963105411,-1.5344691,0.103268173030096,0.0266037343849341,0.1943388708200678
urn:mavedb:00000394-a-1#1918,c.[3C>T;6T>G;21C>T;36T>C;42C>G;67T>A;68C>A;69T>C;72C>T;120A>G;123T>C;124G>A;141A>G;165G>A;171T>G;174A>G;198G>T],NA,p.[Ser23Asn;Asp42Asn],-0.5348279915559402,-0.5663986715439346,-0.5280554767884416,0.026266803990285,-1.5604162,1.3127744807670356,1.2660040885075228,1.3227610155174787
urn:mavedb:00000394-a-1#1919,c.[6T>G;9G>A;12C>T;21C>T;36T>C;42C>G;67T>A;68C>A;69T>C;72C>T;120A>G;123T>C;124G>C;144C>T;165G>A;171T>G;174A>G;177G>A],NA,p.[Ser23Asn;Asp42His],-1.080408099353957,-1.1071570080143196,-1.0366607151538083,0.0257309397855119,-1.5565624,0.4002396673894023,0.3457216694921259,0.4859131665049081
urn:mavedb:00000394-a-1#1920,c.[21C>T;36T>C;42C>G;51C>T;67T>A;68C>A;69T>C;72C>T;120A>G;123T>C;124G>C;125A>G;126C>T;129G>A;141A>G;153A>G;171T>G;174A>G;177G>A],NA,p.[Ser23Asn;Asp42Arg],-1.7574381500231024,-1.823358383421092,-1.706338576691622,0.0579946290035091,-1.5677028,-15.0,-25.0,-5.0
urn:mavedb:00000394-a-1#1921,c.[3C>T;6T>G;21C>T;24C>T;36T>C;42C>G;67T>A;68C>A;69T>C;72C>T;78C>T;108G>C;123T>C;124G>A;126C>A;135C>T;138T>C;141A>G;171T>G;198G>T],NA,p.[Ser23Asn;Asp42Lys],-1.465121692477008,-1.534833078231218,-1.374146572685781,0.0563519468999513,-1.5567136,-0.840402540912963,-1.7183875005721834,-0.3763802218747671
urn:mavedb:00000394-a-1#1922,c.[3C>T;6T>G;36T>C;42C>G;67T>A;68C>A;69T>C;72C>T;102T>C;108G>C;120A>G;123T>C;124G>A;125A>C;126C>T;129G>A;141A>G;165G>A;171T>G;174A>G;177G>A],NA,p.[Ser23Asn;Asp42Thr],-1.4365675870825574,-1.4891414108182128,-1.3787501584463693,0.0532288518667848,-1.5686054,-0.6001005880988813,-0.931152576823902,-0.3484637978718118
urn:mavedb:00000394-a-1#1923,c.[21C>T;36T>C;42C>G;67T>A;68C>A;69T>C;72C>T;120A>G;123T>C;124G>T;125A>C;126C>T;165G>A;168G>A;177G>A],NA,p.[Ser23Asn;Asp42Ser],-1.212762638346084,-1.2519082578544014,-1.173556042994046,0.0473288056296682,-1.5630503,0.1249726215219696,0.0268046619250675,0.2163702060619027
urn:mavedb:00000394-a-1#1924,c.[3C>T;6T>G;12C>T;21C>T;36T>C;42C>G;67T>A;68C>A;69T>C;72C>T;120A>G;125A>C;126C>G;141A>G;144C>T;153A>G;165G>A;171T>G;174A>G;177G>A;198G>T;207T>C],NA,p.[Ser23Asn;Asp42Ala],-1.413948320229911,-1.43799498286163,-1.3780184353602682,0.047038395403227,-1.5732355,-0.4720661906764627,-0.5839521500626345,-0.3284665147681071
urn:mavedb:00000394-a-1#1925,c.[3C>T;6T>G;21C>T;36T>C;42C>G;67T>A;68C>A;69T>C;72C>T;123T>C;125A>G;126C>T;141A>G;165G>A;171T>G;174A>G;177G>A;183A>G;198G>T],NA,p.[Ser23Asn;Asp42Gly],-1.160244281394926,-1.1865933627938692,-1.1146499641394387,0.0275585969640935,-1.5612683,0.2421449247110588,0.1825399867164268,0.3399355654163725
urn:mavedb:00000394-a-1#1926,c.[3C>T;6T>G;21C>T;36T>C;42C>G;67T>A;68C>A;69T>C;72C>T;120A>G;123T>C;124G>A;125A>T;126C>G;132C>T;141A>G;177G>A;192C>T;195G>A;207T>C],NA,p.[Ser23Asn;Asp42Met],-1.5281600815711491,-1.5768825743641997,-1.4731932940510977,0.0405591156412328,-1.5961404,-1.029572468638806,-1.7942115744349303,-0.6478466957936281
urn:mavedb:00000394-a-1#1927,c.[3C>T;6T>G;9G>A;21C>T;36T>C;42C>G;63G>C;67T>A;68C>A;69T>C;72C>T;120A>G;123T>C;124G>T;125A>G;141A>G;165G>A;171T>G;174A>G;177G>A;198G>T;207T>C],NA,p.[Ser23Asn;Asp42Cys],-0.6241615299541428,-0.6537603452088607,-0.6069987964547826,0.0374027541901966,-1.5780997,1.206054766403704,1.161356673354821,1.2317978175984106
urn:mavedb:00000394-a-1#1928,c.[6T>G;9G>A;12C>T;15A>G;21C>T;36T>C;42C>G;67T>A;68C>A;69T>C;72C>T;120A>G;123T>C;124G>C;125A>T;126C>G;165G>A;168G>A;174A>G],NA,p.[Ser23Asn;Asp42Leu],-1.4113026920692584,-1.4856094388972858,-1.3526295490652018,0.0303082493493233,-1.5879111,-0.3998847248781192,-0.7688500239130032,-0.1912389186231546
urn:mavedb:00000394-a-1#1929,c.[3C>T;6T>G;21C>T;27G>A;36T>C;42C>G;67T>A;68C>A;69T>C;72C>T;84C>T;120A>G;123T>C;125A>T;126C>T;141A>G;165G>A;171T>G],NA,p.[Ser23Asn;Asp42Val],-1.5169041064750606,-1.5741702311699153,-1.4626279348041231,0.0365238725998181,-1.5710154,-1.17139064661755,-25.0,-0.7311026523631543
urn:mavedb:00000394-a-1#1930,c.[21C>T;36T>C;42C>G;67T>A;68C>A;69T>C;72C>T;120A>G;123T>C;124G>A;125A>T;138T>C;141A>G;165G>A;171T>G;174A>G;177G>A;183A>G],NA,p.[Ser23Asn;Asp42Ile],-1.3356078799491562,-1.3835930247917363,-1.2801663638565155,0.0451765264261749,-1.5773988,-0.1706646331036681,-0.3336882382046244,-0.0100917883485317
urn:mavedb:00000394-a-1#1931,c.[3C>T;12C>T;21C>T;36T>C;42C>G;67T>A;68C>A;69T>C;72C>T;120A>G;123T>C;124G>T;125A>G;126C>G;129G>A;141A>G;165G>A;171T>G;174A>G;177G>A],NA,p.[Ser23Asn;Asp42Trp],-1.146353657373532,-1.1803974653155305,-1.09685335077768,0.0329224488573644,-1.5992489,0.3529226191561816,0.2811160279592574,0.4520936914801609
urn:mavedb:00000394-a-1#1932,c.[12C>T;21C>T;36T>C;42C>G;67T>A;68C>A;69T>C;72C>T;120A>G;123T>C;124G>T;141A>G;165G>A;168G>A;177G>A],NA,p.[Ser23Asn;Asp42Tyr],-1.190281715520986,-1.2460607134329775,-1.1348766725849146,0.0246406164692664,-1.5908713,0.2411736933866516,0.1116838483776802,0.3593059648329323
urn:mavedb:00000394-a-1#1933,c.[21C>T;36T>C;42C>G;67T>A;68C>A;69T>C;72C>T;120A>G;123T>C;124G>T;125A>T;138T>C;141A>G;165G>A;171T>G;177G>A],NA,p.[Ser23Asn;Asp42Phe],-1.1025013596410915,-1.1599296501596863,-1.0626045379279871,0.0508326723096997,-1.5971689,0.4369740929663984,0.320304620817909,0.5137596073251108
urn:mavedb:00000394-a-1#1934,c.[3C>T;6T>G;12C>T;21C>T;36T>C;42C>G;67T>A;68C>A;69T>C;72C>T;120A>G;124G>C;125A>C;126C>G;129G>A;135C>T;141A>G;144C>T;165G>A;171T>G;174A>G;177G>A],NA,p.[Ser23Asn;Asp42Pro],-1.318624688487883,-1.352568008129052,-1.2580700428493226,0.0313619686636441,-1.545465,-0.2185576160243755,-0.3370604427758076,-0.036908207849621
urn:mavedb:00000394-a-1#1935,c.[3C>T;6T>G;21C>T;36T>C;42C>G;67T>C;68C>A;69T>C;72C>T;120A>G;123T>C;124G>C;126C>G;141A>G;165G>A;171T>G;174A>G;177G>A;198G>T;207T>C],NA,p.[Ser23His;Asp42Gln],-1.63459565062335,-1.6844939893301718,-1.570627839436233,0.0450532912926875,-1.5695782,-15.0,-25.0,-5.0
urn:mavedb:00000394-a-1#1936,c.[6T>G;9G>A;12C>T;21C>T;36T>C;42C>G;67T>C;68C>A;69T>C;72C>T;120A>G;123T>C;126C>A;141A>G;162G>C;165G>A;168G>A;177G>A;180G>C;192C>T;195G>A;207T>C],NA,p.[Ser23His;Asp42Glu],-1.6200051489608076,-1.6626205572399138,-1.5725613988104603,0.0397345660161922,-1.5309877,-15.0,-25.0,-5.0
urn:mavedb:00000394-a-1#1937,c.[21C>T;36T>C;42C>G;67T>C;68C>A;69T>C;72C>T;120A>G;123T>C;124G>A;138T>C;141A>G;165G>A;168G>A;177G>A],NA,p.[Ser23His;Asp42Asn],-1.3419265912739065,-1.4084279702016598,-1.245810483575405,0.0414194567160755,-1.5570698,-0.2577391230405219,-0.5197109528413879,0.0271122671562615
urn:mavedb:00000394-a-1#1938,c.[6T>G;9G>A;12C>T;21C>T;36T>C;42C>G;67T>C;68C>A;69T>C;72C>T;120A>G;123T>C;124G>C;135C>T;141A>G;174A>G],NA,p.[Ser23His;Asp42His],-1.4505545736580494,-1.4908008462161892,-1.363010508867496,0.0446719717021152,-1.5531955,-0.7666892542729258,-1.083119090672917,-0.3472182737672414
urn:mavedb:00000394-a-1#1939,c.[21C>T;36T>C;42C>G;54G>A;57T>G;67T>C;68C>A;69T>C;72C>T;120A>G;123T>C;124G>C;125A>G;126C>T;165G>A;168G>A;171T>G;174A>G;180G>C;198G>T],NA,p.[Ser23His;Asp42Arg],-1.8854933615384968,-1.928208643445794,-1.823135299489204,0.0582839389138628,-1.5643959,-15.0,-25.0,-5.0
urn:mavedb:00000394-a-1#1940,c.[21C>T;36T>C;42C>G;67T>C;68C>A;69T>C;72C>T;120A>G;123T>C;124G>A;126C>A;165G>A;171T>G;174A>G;177G>A],NA,p.[Ser23His;Asp42Lys],-1.7446359972838943,-1.7834457493715823,-1.70422237505061,0.0505093046135142,-1.5533471,-15.0,-25.0,-5.0
urn:mavedb:00000394-a-1#1941,c.[3C>T;6T>G;15A>G;36T>C;42C>G;63G>C;67T>C;68C>A;69T>C;72C>T;87T>C;120A>G;123T>C;124G>A;125A>C;126C>T;129G>A;141A>G;153A>G;156T>C;180G>C],NA,p.[Ser23His;Asp42Thr],-1.6804614855314814,-1.7235211447790668,-1.6169848631152746,0.0588277048767898,-1.5653043,-15.0,-25.0,-5.0
urn:mavedb:00000394-a-1#1942,c.[3C>T;6T>G;21C>T;36T>C;42C>G;67T>C;68C>A;69T>C;72C>T;120A>G;123T>C;124G>T;125A>C;126C>T;141A>G;165G>A;168G>A;174A>G;180G>C],NA,p.[Ser23His;Asp42Ser],-1.5269629578175845,-1.5749436453992758,-1.4561834863772434,0.042702570734349,-1.5597181,-1.477040255052667,-25.0,-0.7610415847789577
urn:mavedb:00000394-a-1#1943,c.[15A>G;21C>T;36T>C;42C>G;67T>C;68C>A;69T>C;72C>T;120A>G;123T>C;125A>C;126C>G;129G>A;144C>T;162G>C;165G>A;168G>A],NA,p.[Ser23His;Asp42Ala],-1.7579826224071111,-1.8160172360865643,-1.6867823522074514,0.049851818039177,-1.5699611,-15.0,-25.0,-5.0
urn:mavedb:00000394-a-1#1944,c.[6T>G;9G>A;12C>T;21C>T;36T>C;42C>G;67T>C;68C>A;69T>C;72C>T;120A>G;125A>G;126C>T;129G>A;141A>G;165G>A;168G>A;174A>G],NA,p.[Ser23His;Asp42Gly],-1.4709312775205978,-1.545828715101739,-1.3660180075377162,0.0386438179184799,-1.5579262,-0.8734441634655907,-2.0686716152844675,-0.3407525456966906
urn:mavedb:00000394-a-1#1945,c.[21C>T;36T>C;42C>G;67T>C;68C>A;69T>C;72C>T;120A>G;123T>C;124G>A;125A>T;126C>G;138T>C;141A>G;165G>A;171T>G;174A>G;177G>A;180G>C;183A>G;198G>T;207T>C],NA,p.[Ser23His;Asp42Met],-1.5894291737446564,-1.673327515368322,-1.5201146939952312,0.0577268431799083,-1.5930037,-2.781500571781362,-25.0,-0.985767755062598
urn:mavedb:00000394-a-1#1946,c.[3C>T;6T>G;9G>A;12C>T;21C>T;36T>C;42C>G;67T>C;68C>A;69T>C;72C>T;120A>G;123T>C;124G>T;125A>G;138T>C;141A>G;165G>A;171T>G;174A>G;177G>A;198G>T],NA,p.[Ser23His;Asp42Cys],-1.0389977987609482,-1.0867052210303354,-1.019656017114165,0.0407081678116572,-1.574853,0.5162020200259452,0.424126602558497,0.5523266867117979
urn:mavedb:00000394-a-1#1947,c.[3C>T;6T>G;15A>G;21C>T;36T>C;42C>G;67T>C;68C>A;69T>C;72C>T;120A>G;123T>C;124G>C;125A>T;126C>G;132C>T;135C>T;144C>T;147G>C;168G>A;177G>A],NA,p.[Ser23His;Asp42Leu],-1.4936052353248503,-1.552194039638003,-1.4027377605311024,0.0566129415925988,-1.5847235,-0.8437409815372501,-1.4812059291495536,-0.3786500358137213
urn:mavedb:00000394-a-1#1948,c.[3C>T;6T>G;21C>T;36T>C;42C>G;67T>C;68C>A;69T>C;72C>T;87T>C;90T>C;120A>G;123T>C;125A>T;126C>T;141A>G;144C>T;165G>A;171T>G;177G>A;180G>C;183A>G;198G>T],NA,p.[Ser23His;Asp42Val],-1.6884626524170434,-1.735903883076205,-1.6273249087815929,0.053473971036827,-1.567728,-15.0,-25.0,-5.0
urn:mavedb:00000394-a-1#1949,c.[6T>G;9G>A;21C>T;36T>C;42C>G;60T>C;67T>C;68C>A;69T>C;72C>T;120A>G;123T>C;124G>A;125A>T;165G>A;171T>G;174A>G],NA,p.[Ser23His;Asp42Ile],-1.600110661311155,-1.6587411350605468,-1.5407331352244806,0.0452684626863741,-1.5741482,-15.0,-25.0,-1.4650265104191695
urn:mavedb:00000394-a-1#1950,c.[3C>T;6T>G;21C>T;36T>C;42C>G;67T>C;68C>A;69T>C;72C>T;120A>G;123T>C;124G>T;125A>G;126C>G;141A>G;174A>G;198G>T],NA,p.[Ser23His;Asp42Trp],-1.3081688999498815,-1.3626850017018517,-1.2534125751903045,0.0399320393952075,-1.5961323,-0.0353520022311565,-0.197114626406355,0.1065759248577191
urn:mavedb:00000394-a-1#1951,c.[21C>T;36T>C;42C>G;67T>C;68C>A;69T>C;72C>T;120A>G;123T>C;124G>T;141A>G;165G>A;168G>A;177G>A],NA,p.[Ser23His;Asp42Tyr],-1.4291246795331372,-1.4692283571887037,-1.3511969797842385,0.0454199313422256,-1.5877018,-0.4751628793538069,-0.6724695584053481,-0.1873405189807954
urn:mavedb:00000394-a-1#1952,c.[3C>T;6T>G;21C>T;36T>C;42C>G;67T>C;68C>A;69T>C;72C>T;120A>G;123T>C;124G>T;125A>T;138T>C;141A>G;165G>A;168G>A;177G>A;198G>T],NA,p.[Ser23His;Asp42Phe],-1.2282185687612797,-1.26098236498214,-1.1270742848293445,0.0533731360178648,-1.5940385,0.1619137950746932,0.0827037607264007,0.381694333778854
urn:mavedb:00000394-a-1#1953,c.[3C>T;6T>G;21C>T;36T>C;42C>G;67T>C;68C>A;69T>C;72C>T;120A>G;124G>C;125A>C;126C>G;165G>A;171T>G;174A>G;177G>A;198G>T],NA,p.[Ser23His;Asp42Pro],-1.5920389747945038,-1.6258476754020033,-1.5377649080209832,0.0441202319845714,-1.5420399,-15.0,-25.0,-2.677235414265134
urn:mavedb:00000394-a-1#1954,c.[6T>G;9G>A;12C>T;21C>T;36T>C;42C>G;67T>G;68C>A;69T>C;72C>T;120A>G;123T>C;124G>C;126C>G;141A>G;162G>C;165G>A;168G>A;171T>G;177G>A],NA,p.[Ser23Asp;Asp42Gln],-1.4170497213162134,-1.477050657641169,-1.383747276915564,0.045257440423557,-1.5677409,-0.5103235343319003,-0.8467654023333867,-0.3708479441954688
urn:mavedb:00000394-a-1#1955,c.[6T>G;9G>A;21C>T;36T>C;42C>G;63G>C;67T>G;68C>A;69T>C;72C>T;105C>T;120A>G;123T>C;126C>A;135C>T;141A>G;144C>T;165G>A;171T>G;174A>G;195G>A],NA,p.[Ser23Asp;Asp42Glu],-1.1843769632520642,-1.2199265617362816,-1.1548848503793858,0.0262822883812347,-1.5290365,0.1113315321456539,0.0214949641533046,0.1813393873539129
urn:mavedb:00000394-a-1#1956,c.[3C>T;6T>G;21C>T;36T>C;42C>G;66G>A;67T>G;68C>A;69T>C;72C>T;120A>G;123T>C;124G>A;135C>T;141A>G;165G>A;168G>A;174A>G],NA,p.[Ser23Asp;Asp42Asn],-0.0632542758773557,-0.0695156376368237,-0.0572393820548705,0.0384486641835101,-1.555193,1.9750784731546336,1.966413235335332,1.9833990246056767
urn:mavedb:00000394-a-1#1957,c.[21C>T;36T>C;42C>G;67T>G;68C>A;69T>C;72C>T;120A>G;123T>C;124G>C;165G>A;171T>G;174A>G;195G>A;207T>C],NA,p.[Ser23Asp;Asp42His],-0.0237636927294808,-0.0484584753922767,0.0022772086252901,0.0682891388105933,-1.5513077,2.024298388655422,1.9901833330477592,2.0602152034199395
urn:mavedb:00000394-a-1#1958,c.[3C>T;6T>G;21C>T;36T>C;42C>G;63G>C;67T>G;68C>A;69T>C;72C>T;120A>G;124G>C;125A>G;126C>T;141A>G;165G>A;171T>G;174A>G;177G>A],NA,p.[Ser23Asp;Asp42Arg],-1.60416573670701,-1.666392720878581,-1.4880180183368934,0.0628139952002364,-1.562542,-15.0,-25.0,-0.9717746552907336
urn:mavedb:00000394-a-1#1959,c.[6T>G;9G>A;12C>T;21C>T;36T>C;42C>G;66G>A;67T>G;68C>A;69T>C;72C>T;120A>G;123T>C;124G>A;126C>A;165G>A;168G>A;174A>G],NA,p.[Ser23Asp;Asp42Lys],-1.6233336399614724,-1.6637539122922798,-1.5932017185136005,0.0533475919681189,-1.5514593,-15.0,-25.0,-5.0
urn:mavedb:00000394-a-1#1960,c.[3C>T;6T>G;12C>T;21C>T;36T>C;39C>T;67T>G;68C>A;69T>C;72C>T;123T>C;124G>A;125A>C;126C>T;165G>A;171T>G;174A>G;177G>A],NA,p.[Ser23Asp;Asp42Thr],-1.3512316299556244,-1.4132627661169457,-1.3030857239452145,0.0485121647170782,-1.5634527,-0.2677832375637625,-0.5126093833318845,-0.1141344581485915
urn:mavedb:00000394-a-1#1961,c.[3C>T;6T>G;12C>T;21C>T;36T>C;42C>G;67T>G;68C>A;69T>C;72C>T;120A>G;123T>C;124G>T;125A>C;126C>T;165G>A;171T>G;174A>G;177G>A],NA,p.[Ser23Asp;Asp42Ser],-0.8906958404087221,-0.9089897147406822,-0.8572969908440817,0.0303214447514901,-1.5578489,0.750667423862032,0.7193430045920218,0.8069451361688779
urn:mavedb:00000394-a-1#1962,c.[21C>T;36T>C;42C>G;67T>G;68C>A;69T>C;72C>T;120A>G;123T>C;125A>C;126C>G;129G>A;138T>C;141A>G;165G>A;171T>G;174A>G;177G>A],NA,p.[Ser23Asp;Asp42Ala],-1.3961281302016726,-1.4820991942000414,-1.3505125373555589,0.0379635726212119,-1.5681238,-0.4185178781733797,-0.8806206667787172,-0.2493407283480605
urn:mavedb:00000394-a-1#1963,c.[6T>G;9G>A;12C>T;21C>T;36T>C;42C>G;66G>A;67T>G;68C>A;69T>C;72C>T;123T>C;125A>G;126C>T;165G>A;171T>G;174A>G;177G>A;180G>C],NA,p.[Ser23Asp;Asp42Gly],-0.9884050446140894,-1.0273665559776122,-0.9481118080246016,0.0370482291252089,-1.5560517,0.5752583460445823,0.5026512930766498,0.6478485412994617
urn:mavedb:00000394-a-1#1964,c.[3C>T;6T>G;15A>G;21C>T;36T>C;42C>G;63G>C;67T>G;68C>A;69T>C;72C>T;120A>G;123T>C;124G>A;125A>T;126C>G;141A>G;171T>G;177G>A],NA,p.[Ser23Asp;Asp42Met],-1.209441678294929,-1.2386523350174992,-1.1698818377590356,0.0351172576473047,-1.5912433,0.1989034565045566,0.1305106359834411,0.286526523009202
urn:mavedb:00000394-a-1#1965,c.[21C>T;24C>T;36T>C;42C>G;67T>G;68C>A;69T>C;72C>T;90T>C;102T>C;123T>C;124G>T;125A>G;141A>G;165G>A;171T>G;174A>G;177G>A;183A>G],NA,p.[Ser23Asp;Asp42Cys],-0.6356379137688275,-0.6687763556669414,-0.6006758338178688,0.0429737253481691,-1.573031,1.181123079186296,1.1307985132302103,1.2336796719180425
urn:mavedb:00000394-a-1#1966,c.[9G>A;21C>T;36T>C;42C>G;63G>C;67T>G;68C>A;69T>C;72C>T;84C>T;120A>G;124G>C;125A>T;129G>A;138T>C;141A>G;174A>G],NA,p.[Ser23Asp;Asp42Leu],-1.339752949621369,-1.3994084176338542,-1.3003054844130335,0.0397175337133594,-1.5829344,-0.1663249477159173,-0.3726608645374822,-0.0501448692854246
urn:mavedb:00000394-a-1#1967,c.[21C>T;36T>C;42C>G;66G>A;67T>G;68C>A;69T>C;72C>T;120A>G;125A>T;126C>T;141A>G;165G>A;171T>G;174A>G;177G>A],NA,p.[Ser23Asp;Asp42Val],-1.4993743907325043,-1.5324317075237146,-1.4510247553046307,0.0425981741890082,-1.5658836,-1.0432655429377486,-1.4643617014114143,-0.6929597090312913
urn:mavedb:00000394-a-1#1968,c.[12C>T;21C>T;36T>C;42C>G;66G>A;67T>G;68C>A;69T>C;72C>T;120A>G;123T>C;124G>A;125A>T;138T>C;141A>G;162G>C;165G>A;168G>A;171T>G;177G>A],NA,p.[Ser23Asp;Asp42Ile],-1.275789521954684,-1.308961074488446,-1.204012180842826,0.0394141532173865,-1.5723243,-0.011972307505015,-0.105298676431503,0.1677537643751662
urn:mavedb:00000394-a-1#1969,c.[3C>T;6T>G;21C>T;36T>C;42C>G;67T>G;68C>A;120A>G;123T>C;124G>T;125A>G;126C>G;132C>T;135C>T;138T>C;141A>G;150C>T;153A>G;156T>C;168G>A;177G>A;180G>C],NA,p.[Ser23Asp;Asp42Trp],-1.060585975306091,-1.1229656957128722,-1.0129079481923011,0.0384067917138766,-1.5943832,0.5123126968557472,0.3906996870607595,0.6004212655208255
urn:mavedb:00000394-a-1#1970,c.[21C>T;36T>C;42C>G;67T>G;68C>A;69T>C;72C>T;120A>G;123T>C;124G>T;138T>C;141A>G;165G>A;168G>A;177G>A],NA,p.[Ser23Asp;Asp42Tyr],-1.016100290857977,-1.0483610961106948,-0.96483432712678,0.0382207578429984,-1.5859232,0.5792277231939862,0.5194118054104987,0.6710365610547879
urn:mavedb:00000394-a-1#1971,c.[21C>T;36T>C;42C>G;67T>G;68C>A;69T>C;120A>G;123T>C;124G>T;125A>T;141A>G;165G>A;171T>G;174A>G;177G>A;183A>G;186A>G;198G>T],NA,p.[Ser23Asp;Asp42Phe],-0.9170684240427388,-0.9732658375335168,-0.8371870389271402,0.0326830025022152,-1.5922818,0.7643352817274413,0.6673908393026625,0.8965894299034781
urn:mavedb:00000394-a-1#1972,c.[15A>G;21C>T;27G>A;30G>C;42C>G;67T>G;68C>A;69T>C;72C>T;120A>G;124G>C;125A>C;126C>G;141A>G;165G>A;168G>A;177G>A],NA,p.[Ser23Asp;Asp42Pro],-1.1101356253005652,-1.2023623746745729,-1.056127048262102,0.0429552712204302,-1.5401192,0.3049764868549113,0.0943860265424253,0.4158968092194539
urn:mavedb:00000394-a-1#1973,c.[21C>T;39C>T;42C>G;67T>C;68C>G;120A>G;123T>C;124G>C;126C>G;165G>A;168G>A;171T>G;177G>A],NA,p.[Ser23Arg;Asp42Gln],-1.8189866330064568,-1.882654169196632,-1.7491281691460177,0.0522139856604978,-1.6706014,-15.0,-25.0,-5.0
urn:mavedb:00000394-a-1#1974,c.[3C>T;6T>G;9G>A;21C>T;36T>C;42C>G;57T>G;67T>C;68C>G;72C>T;75C>T;78C>T;120A>G;123T>C;126C>A;141A>G;165G>A;168G>A;177G>A;198G>T],NA,p.[Ser23Arg;Asp42Glu],-1.7594498683954254,-1.803089845812514,-1.7067203701102929,0.043912963943178,-1.6400361,-15.0,-25.0,-5.0
urn:mavedb:00000394-a-1#1975,c.[3C>T;6T>G;21C>T;36T>C;42C>G;67T>C;68C>G;72C>T;75C>T;108G>C;120A>G;123T>C;124G>A;141A>G;165G>A;171T>G;174A>G],NA,p.[Ser23Arg;Asp42Asn],-1.569983347565045,-1.622598868530278,-1.5161107938063814,0.0529309110764619,-1.6608214,-0.8457305128678473,-1.3838186450162022,-0.5380453579092086
urn:mavedb:00000394-a-1#1976,c.[21C>T;36T>C;42C>G;67T>C;68C>G;120A>G;123T>C;124G>C;138T>C;141A>G;165G>A;171T>G;174A>G;177G>A;198G>T],NA,p.[Ser23Arg;Asp42His],-1.500117439172469,-1.605290730915519,-1.412713661436772,0.075206221304208,-1.6577663,-0.4792356610426845,-1.1903187275906546,-0.1605261965356563
urn:mavedb:00000394-a-1#1977,c.[6T>G;9G>A;21C>T;30G>C;42C>G;57T>G;67T>C;68C>G;72C>T;75C>T;78C>T;123T>C;124G>C;125A>G;126C>T;141A>G;174A>G],NA,p.[Ser23Arg;Asp42Arg],-1.898834663712356,-1.948543040499766,-1.83222071662922,0.0625484777137869,-1.666565,-15.0,-25.0,-5.0
urn:mavedb:00000394-a-1#1978,c.[3C>T;21C>T;36T>C;42C>G;67T>C;68C>G;120A>G;123T>C;124G>A;126C>A;141A>G;171T>G;174A>G;177G>A],NA,p.[Ser23Arg;Asp42Lys],-1.863178479780478,-1.9599707443073064,-1.800531211108346,0.0518760830901939,-1.6578865,-15.0,-25.0,-5.0
urn:mavedb:00000394-a-1#1979,c.[21C>T;30G>C;39C>T;67T>C;68C>G;72C>T;75C>T;120A>G;123T>C;124G>A;125A>C;126C>T;132C>T;138T>C;141A>G;165G>A;171T>G;174A>G;177G>A],NA,p.[Ser23Arg;Asp42Thr],-1.947675439802765,-2.0188776581296164,-1.881576625314336,0.0533013284553736,-1.667274,-15.0,-25.0,-5.0
urn:mavedb:00000394-a-1#1980,c.[6T>G;9G>A;12C>T;21C>T;24C>T;36T>C;42C>G;63G>C;67T>C;68C>G;72C>T;75C>T;102T>C;120A>G;123T>C;124G>T;125A>C;126C>T;132C>T;138T>C;141A>G;144C>T;162G>C;165G>A;168G>A;177G>A;198G>T],NA,p.[Ser23Arg;Asp42Ser],-1.8010870502574683,-1.8820017224824803,-1.7522886117590364,0.048632408796629,-1.6629024,-15.0,-25.0,-5.0
urn:mavedb:00000394-a-1#1981,c.[3C>T;6T>G;21C>T;36T>C;42C>G;67T>C;68C>G;105C>T;111G>C;120A>G;123T>C;125A>C;126C>G;129G>A;141A>G;165G>A;171T>G;174A>G;177G>A],NA,p.[Ser23Arg;Asp42Ala],-1.9010995942220803,-1.963463531684668,-1.8556994772613893,0.045429316963398,-1.6708984,-15.0,-25.0,-5.0
urn:mavedb:00000394-a-1#1982,c.[21C>T;36T>C;42C>G;67T>C;68C>G;99G>C;120A>G;125A>G;126C>T;138T>C;141A>G;153A>G;165G>A;171T>G;174A>G;177G>A],NA,p.[Ser23Arg;Asp42Gly],-1.6504104056131432,-1.7348350602493356,-1.5880887699818018,0.0468991440550907,-1.6614947,-2.1200940159389856,-25.0,-0.981322113231359
urn:mavedb:00000394-a-1#1983,c.[3C>T;6T>G;12C>T;21C>T;36T>C;42C>G;67T>C;68C>G;120A>G;123T>C;124G>A;125A>T;126C>G;141A>G;165G>A;168G>A;174A>G],NA,p.[Ser23Arg;Asp42Met],-1.8822993917254265,-1.9274220775381288,-1.830646208460244,0.0518194024408057,-1.68856,-15.0,-25.0,-5.0
urn:mavedb:00000394-a-1#1984,c.[21C>T;36T>C;39C>T;48C>T;67T>C;68C>G;72C>T;75C>T;105C>T;120A>G;124G>T;125A>G;141A>G;165G>A;171T>G;174A>G;177G>A],NA,p.[Ser23Arg;Asp42Cys],-1.1054265553150897,-1.1394665871184462,-1.0654129961180312,0.046734531348422,-1.674686,0.5781648196048629,0.5149691436170156,0.6501616520272224
urn:mavedb:00000394-a-1#1985,c.[21C>T;36T>C;42C>G;67T>C;68C>G;72C>T;75C>T;78C>T;105C>T;120A>G;123T>C;124G>C;125A>T;126C>G;138T>C;141A>G;144C>T;165G>A;168G>A;177G>A;180G>C],NA,p.[Ser23Arg;Asp42Leu],-1.7891028139909753,-1.8391653112358568,-1.7312182301190984,0.0510804196026166,-1.6822662,-15.0,-25.0,-5.0
urn:mavedb:00000394-a-1#1986,c.[21C>T;36T>C;42C>G;67T>C;68C>G;75C>T;90T>C;120A>G;123T>C;125A>T;126C>G;141A>G;165G>A;168G>A;177G>A;198G>T;207T>C],NA,p.[Ser23Arg;Asp42Val],-1.95432999220432,-2.0236535344746533,-1.8674492677561163,0.0432248664611618,-1.6691613,-15.0,-25.0,-5.0
urn:mavedb:00000394-a-1#1987,c.[12C>T;21C>T;36T>C;42C>G;67T>C;68C>G;78C>T;120A>G;123T>C;124G>A;125A>T;138T>C;141A>G;144C>T;165G>A;171T>G;174A>G;177G>A],NA,p.[Ser23Arg;Asp42Ile],-1.8579357901779296,-1.916991351654156,-1.7776387942766712,0.0606967480618158,-1.6741414,-15.0,-25.0,-5.0
urn:mavedb:00000394-a-1#1988,c.[3C>T;6T>G;21C>T;36T>C;42C>G;67T>C;68C>G;120A>G;123T>C;124G>T;125A>G;126C>G;141A>G;171T>G;174A>G;177G>A;183A>G;198G>T],NA,p.[Ser23Arg;Asp42Trp],-1.4236308867922938,-1.498640371817313,-1.3164114408615155,0.041016970773177,-1.6909223,-0.0938439957426893,-0.3393769921242155,0.1821299714327271
urn:mavedb:00000394-a-1#1989,c.[6T>G;9G>A;12C>T;21C>T;36T>C;42C>G;67T>C;68C>G;72C>T;75C>T;120A>G;123T>C;124G>T;156T>C;174A>G],NA,p.[Ser23Arg;Asp42Tyr],-1.601161324030448,-1.6574318694552437,-1.5380612765715815,0.0390988444029559,-1.6845379,-0.9005950800419562,-1.5906660818197629,-0.5297677354282015
urn:mavedb:00000394-a-1#1990,c.[3C>T;6T>G;9G>A;21C>T;36T>C;42C>G;63G>C;67T>C;68C>G;72C>T;75C>T;120A>G;123T>C;124G>T;125A>T;141A>G;165G>A;168G>A;177G>A;198G>T;207T>C],NA,p.[Ser23Arg;Asp42Phe],-1.5099103778475371,-1.6019385074781731,-1.443626412841534,0.0426649582585939,-1.6893425,-0.3886851743208367,-0.8704571223028492,-0.1584783991398976
urn:mavedb:00000394-a-1#1991,c.[3C>T;6T>G;21C>T;36T>C;42C>G;67T>C;68C>G;72C>T;75C>T;102T>C;111G>C;120A>G;124G>C;125A>C;126C>G;129G>A;141A>G;165G>A;171T>G;174A>G;177G>A],NA,p.[Ser23Arg;Asp42Pro],-1.724657706997356,-1.7861647007100867,-1.6744358332068765,0.0371613134141586,-1.6489048,-15.0,-25.0,-5.0
urn:mavedb:00000394-a-1#1992,c.[3C>T;6T>G;21C>T;36T>C;42C>G;67T>A;68C>A;69T>A;72C>T;120A>G;123T>C;124G>C;126C>G;141A>G;174A>G;198G>T;207T>C],NA,p.[Ser23Lys;Asp42Gln],-1.7264470106200331,-1.775407337193739,-1.6619342823794174,0.0597129632838517,-1.6065736,-15.0,-25.0,-5.0
urn:mavedb:00000394-a-1#1993,c.[21C>T;36T>C;42C>G;67T>A;68C>A;69T>A;72C>T;120A>G;123T>C;126C>A;138T>C;144C>T;177G>A],NA,p.[Ser23Lys;Asp42Glu],-1.7515702144605112,-1.8125327324167408,-1.695007124401576,0.0406882597555786,-1.5704613,-15.0,-25.0,-5.0
urn:mavedb:00000394-a-1#1994,c.[6T>G;9G>A;12C>T;21C>T;36T>C;42C>G;67T>A;68C>A;69T>A;72C>T;120A>G;123T>C;124G>A;141A>G;165G>A;171T>G;174A>G;180G>C],NA,p.[Ser23Lys;Asp42Asn],-1.6919941066912374,-1.7606772058700877,-1.640193406585406,0.0433080392054507,-1.5949106,-15.0,-25.0,-5.0
urn:mavedb:00000394-a-1#1995,c.[21C>T;36T>C;42C>G;67T>A;68C>A;69T>A;72C>T;120A>G;123T>C;124G>C;138T>C;141A>G;165G>A;171T>G;174A>G],NA,p.[Ser23Lys;Asp42His],-1.536466457851196,-1.6026562756463605,-1.4385610747172108,0.0593653129478234,-1.5912895,-1.1633286560218552,-25.0,-0.501098824378915
urn:mavedb:00000394-a-1#1996,c.[21C>T;36T>C;39C>T;42C>G;67T>A;68C>A;69T>A;72C>T;120A>G;124G>C;125A>G;126C>T;138T>C;141A>G;171T>G],NA,p.[Ser23Lys;Asp42Arg],-1.8375805150737463,-1.9417017148760245,-1.7448867991963009,0.0626453396620879,-1.6017466,-15.0,-25.0,-5.0
urn:mavedb:00000394-a-1#1997,c.[3C>T;6T>G;12C>T;21C>T;36T>C;42C>G;67T>A;68C>A;69T>A;72C>T;120A>G;123T>C;124G>A;126C>A;138T>C;141A>G;165G>A;171T>G;174A>G;177G>A;192C>T;195G>A],NA,p.[Ser23Lys;Asp42Lys],-1.7136747434352335,-1.7675609987369163,-1.6568451126599817,0.0573488322906838,-1.5914311,-15.0,-25.0,-5.0
urn:mavedb:00000394-a-1#1998,c.[15A>G;21C>T;36T>C;42C>G;67T>A;68C>A;69T>A;72C>T;120A>G;123T>C;124G>A;125A>C;126C>T;129G>A;144C>T;147G>C;162G>C;165G>A;168G>A;177G>A;180G>C],NA,p.[Ser23Lys;Asp42Thr],-1.759539887025341,-1.8030964968502028,-1.6889579119949758,0.0437332666351254,-1.6025939,-15.0,-25.0,-5.0
urn:mavedb:00000394-a-1#1999,c.[21C>T;36T>C;42C>G;67T>A;68C>A;69T>A;72C>T;120A>G;123T>C;124G>T;125A>C;126C>T;141A>G;162G>C;165G>A;168G>A;177G>A],NA,p.[Ser23Lys;Asp42Ser],-1.6915043868623263,-1.7514444256653388,-1.5987862588856605,0.0476485260212559,-1.597383,-15.0,-25.0,-5.0
urn:mavedb:00000394-a-1#2000,c.[3C>T;12C>T;21C>T;36T>C;42C>G;67T>A;68C>A;69T>A;72C>T;120A>G;125A>C;126C>G;141A>G;165G>A;171T>G;174A>G;177G>A],NA,p.[Ser23Lys;Asp42Ala],-1.9010728658189149,-1.992082453698656,-1.7879362138218642,0.0451984526936626,-1.6069298,-15.0,-25.0,-5.0
urn:mavedb:00000394-a-1#2001,c.[9G>A;15A>G;21C>T;36T>C;42C>G;67T>A;68C>A;69T>A;72C>T;120A>G;123T>C;125A>G;129G>A;138T>C;141A>G;165G>A;168G>A;174A>G],NA,p.[Ser23Lys;Asp42Gly],-1.5402470630651086,-1.63448929830858,-1.4694693730259358,0.0689810509253306,-1.5957108,-1.1561533185311637,-25.0,-0.6302050246973366
urn:mavedb:00000394-a-1#2002,c.[6T>G;9G>A;12C>T;21C>T;36T>C;42C>G;67T>A;68C>A;69T>A;72C>T;87T>C;111G>C;125A>G;126C>T;132C>T;141A>G;150C>T;165G>A;171T>G;174A>G;177G>A;183A>G],NA,p.[Ser23Lys;Asp42Gly],-1.4600421094020513,-1.5392542435244003,-1.3993868122386317,0.0398451117147984,-1.616538,-0.4843036951266555,-0.9487943621440268,-0.2509097136732522
urn:mavedb:00000394-a-1#2003,c.[6T>G;9G>A;15A>G;21C>T;36T>C;42C>G;67T>A;68C>A;69T>A;72C>T;120A>G;123T>C;124G>A;125A>T;126C>G;132C>T;168G>A;174A>G],NA,p.[Ser23Lys;Asp42Met],-1.8132878619210049,-1.890376800847702,-1.748271835185024,0.0508897312634783,-1.6282864,-15.0,-25.0,-5.0
urn:mavedb:00000394-a-1#2004,c.[21C>T;36T>C;42C>G;67T>A;68C>A;69T>A;72C>T;120A>G;123T>C;124G>T;125A>G;141A>G;162G>C;165G>A;168G>A;177G>A],NA,p.[Ser23Lys;Asp42Cys],-1.05063632643536,-1.0911694023099063,-1.0082627748153408,0.0461043883447488,-1.6114769,0.5627347192089036,0.4866696429394832,0.6394293286778251
urn:mavedb:00000394-a-1#2005,c.[12C>T;21C>T;36T>C;42C>G;67T>A;68C>A;69T>A;72C>T;120A>G;123T>C;124G>C;125A>T;165G>A;168G>A],NA,p.[Ser23Lys;Asp42Leu],-1.5671795530542636,-1.632826603289607,-1.5212354097060476,0.0564012549457192,-1.6206317,-1.1789545177449292,-25.0,-0.7875802725485124
urn:mavedb:00000394-a-1#2006,c.[21C>T;36T>C;42C>G;51C>T;67T>A;68C>A;69T>A;72C>T;87T>C;120A>G;123T>C;125A>T;126C>T;165G>A;171T>G;174A>G;177G>A;180G>C;183A>G;198G>T],NA,p.[Ser23Lys;Asp42Val],-1.828528936448449,-1.9003450279544185,-1.7880201580896518,0.0457323301271571,-1.6048508,-15.0,-25.0,-5.0
urn:mavedb:00000394-a-1#2007,c.[3C>T;21C>T;36T>C;42C>G;67T>A;68C>A;69T>A;72C>T;120A>G;123T>C;124G>A;125A>T;141A>G;165G>A;171T>G;174A>G;177G>A;198G>T],NA,p.[Ser23Lys;Asp42Ile],-1.8581933838686304,-1.909525755200011,-1.78118099341871,0.0448348471576642,-1.6108227,-15.0,-25.0,-5.0
urn:mavedb:00000394-a-1#2008,c.[3C>T;6T>G;21C>T;36T>C;42C>G;67T>A;68C>A;69T>A;72C>T;120A>G;123T>C;124G>T;125A>G;126C>G;141A>G;165G>A;168G>A;177G>A],NA,p.[Ser23Lys;Asp42Trp],-1.3641447543314231,-1.393315804621656,-1.328549139651955,0.0477598931393836,-1.6311727,-0.0945996829614812,-0.1830570890492948,0.0043347104413643
urn:mavedb:00000394-a-1#2009,c.[21C>T;36T>C;42C>G;67T>A;68C>A;69T>A;72C>T;120A>G;123T>C;124G>T;138T>C;141A>G;165G>A;171T>G;177G>A],NA,p.[Ser23Lys;Asp42Tyr],-1.5728945414643656,-1.6402937119897325,-1.4825953582567,0.0498605492352057,-1.6233883,-1.2139935220494162,-25.0,-0.556718406092667
urn:mavedb:00000394-a-1#2010,c.[3C>T;6T>G;21C>T;36T>C;42C>G;67T>A;68C>A;69T>A;72C>T;120A>G;123T>C;124G>T;125A>T;138T>C;141A>G;177G>A],NA,p.[Ser23Lys;Asp42Phe],-1.3403039900563507,-1.3988950349680114,-1.2679544980213473,0.0505069641310714,-1.629241,-0.0326791823756222,-0.2071322397779828,0.1512270501001981
urn:mavedb:00000394-a-1#2011,c.[3C>T;6T>G;15A>G;21C>T;36T>C;42C>G;67T>A;68C>A;69T>A;72C>T;114C>T;120A>G;124G>C;125A>C;126C>G;135C>T;141A>G;144C>T;150C>T;168G>A;177G>A],NA,p.[Ser23Lys;Asp42Pro],-1.684300977614111,-1.740474304504012,-1.6217435100179722,0.0398623408859271,-1.5808411,-15.0,-25.0,-5.0
urn:mavedb:00000394-a-1#2012,c.[3C>T;15A>G;21C>T;36T>C;42C>G;67T>A;69T>C;72C>T;120A>G;124G>C;126C>G;141A>G;165G>A;171T>G;174A>G;177G>A],NA,p.[Ser23Thr;Asp42Gln],-1.6109242837921114,-1.6734976499681131,-1.539292162594159,0.0478111475097732,-1.5761075,-15.0,-25.0,-1.4065187459162425
urn:mavedb:00000394-a-1#2013,c.[21C>T;36T>C;42C>G;67T>A;69T>C;72C>T;120A>G;123T>C;126C>A;141A>G;165G>A;171T>G;177G>A],NA,p.[Ser23Thr;Asp42Glu],-1.3801567306807594,-1.4658685957978608,-1.3196905570008026,0.0418266514651985,-1.5379257,-0.4786904476625483,-0.9929890939187408,-0.2472229666976282
urn:mavedb:00000394-a-1#2014,c.[21C>T;36T>C;42C>G;67T>A;69T>C;72C>T;120A>G;123T>C;124G>A;144C>T;165G>A;171T>G;177G>A],NA,p.[Ser23Thr;Asp42Asn],-1.180971405570963,-1.2409547895382744,-1.0872478924775106,0.0344487527994195,-1.5637379,0.201112649439902,0.0568218762339772,0.4009104095347061
urn:mavedb:00000394-a-1#2015,c.[3C>T;6T>G;21C>T;36T>C;42C>G;67T>A;69T>C;72C>T;120A>G;123T>C;124G>C;141A>G;171T>G;174A>G;195G>A;207T>C],NA,p.[Ser23Thr;Asp42His],-1.464461299744374,-1.509757017314795,-1.4319478045875638,0.0352035566076329,-1.5599055,-0.8138424886874135,-1.218200513779783,-0.6211654960352306
urn:mavedb:00000394-a-1#2016,c.[21C>T;36T>C;42C>G;67T>A;69T>C;72C>T;105C>T;108G>C;111G>C;114C>T;120A>G;124G>C;125A>G;126C>T;129G>A;138T>C;141A>G;144C>T;156T>C;165G>A;168G>A;177G>A],NA,p.[Ser23Thr;Asp42Arg],-1.698270572267614,-1.742947282289936,-1.6188672802955424,0.0785366630051061,-1.5709839,-15.0,-25.0,-5.0
urn:mavedb:00000394-a-1#2017,c.[3C>T;6T>G;21C>T;36T>C;42C>G;67T>A;69T>C;75C>T;120A>G;123T>C;124G>A;126C>A;141A>G;165G>A;171T>G;174A>G;177G>A;180G>C],NA,p.[Ser23Thr;Asp42Lys],-1.7775603004492209,-1.8513034252665448,-1.6555548815274688,0.062103196641965,-1.5600557,-15.0,-25.0,-5.0
urn:mavedb:00000394-a-1#2018,c.[21C>T;36T>C;42C>G;67T>A;69T>C;72C>T;120A>G;123T>C;124G>A;125A>C;126C>T;138T>C;141A>G;156T>C;171T>G;174A>G;177G>A;180G>C],NA,p.[Ser23Thr;Asp42Thr],-1.6673361360921215,-1.7255824877898307,-1.6014749598093294,0.0494018601370439,-1.5718822,-15.0,-25.0,-5.0
urn:mavedb:00000394-a-1#2019,c.[21C>T;36T>C;42C>G;67T>A;69T>C;72C>T;120A>G;124G>T;125A>C;126C>T;138T>C;141A>G;165G>A;168G>A;177G>A],NA,p.[Ser23Thr;Asp42Ser],-1.4792079217979837,-1.5228536049977823,-1.3997394951538191,0.0380167928083703,-1.5663567,-0.8723143077946529,-1.3051699604645397,-0.4407694961706072
urn:mavedb:00000394-a-1#2020,c.[3C>T;6T>G;21C>T;36T>C;42C>G;63G>C;67T>A;69T>C;72C>T;120A>G;123T>C;125A>C;126C>G;129G>A;141A>G;150C>T;165G>A;168G>A;171T>G],NA,p.[Ser23Thr;Asp42Ala],-1.7358103460250147,-1.8318635644049723,-1.6778891339151225,0.0366173793005805,-1.5764852,-15.0,-25.0,-5.0
urn:mavedb:00000394-a-1#2021,c.[21C>T;39C>T;42C>G;67T>A;69T>C;72C>T;120A>G;125A>G;126C>T;132C>T;138T>C;144C>T;147G>C;177G>A;180G>C],NA,p.[Ser23Thr;Asp42Gly],-1.4320116459756491,-1.506343180087967,-1.4023360815260046,0.0469041890144881,-1.5645847,-0.5973779631900327,-1.1259096363658962,-0.4592808053407319
urn:mavedb:00000394-a-1#2022,c.[3C>T;6T>G;21C>T;36T>C;42C>G;67T>A;69T>C;72C>T;120A>G;123T>C;124G>A;125A>T;126C>G;141A>G;165G>A;168G>A;171T>G;174A>G;177G>A],NA,p.[Ser23Thr;Asp42Met],-1.6175648534555638,-1.6842225314672572,-1.5411414018306633,0.050339103192485,-1.5992508,-15.0,-25.0,-1.1273214645043712
urn:mavedb:00000394-a-1#2023,c.[3C>T;6T>G;12C>T;21C>T;36T>C;42C>G;67T>A;69T>C;72C>T;120A>G;123T>C;124G>T;125A>G;141A>G;165G>A;168G>A;174A>G;180G>C],NA,p.[Ser23Thr;Asp42Cys],-0.694862654780658,-0.7198624517758959,-0.6671173886904752,0.0371505641153355,-1.5813212,1.1035434025353452,1.0649828213199557,1.145954953850342
urn:mavedb:00000394-a-1#2024,c.[6T>G;9G>A;21C>T;36T>C;42C>G;57T>G;67T>A;69T>C;72C>T;120A>G;123T>C;124G>C;125A>T;126C>G;141A>G;144C>T;165G>A;171T>G;174A>G;177G>A],NA,p.[Ser23Thr;Asp42Leu],-1.610250264157875,-1.6585277994033605,-1.5562004173861823,0.0414604356747343,-1.5910735,-15.0,-25.0,-1.439271127560536
urn:mavedb:00000394-a-1#2025,c.[3C>T;6T>G;21C>T;36T>C;42C>G;67T>A;69T>C;72C>T;87T>C;90T>C;120A>G;123T>C;125A>T;126C>G;138T>C;141A>G;165G>A;171T>G;177G>A],NA,p.[Ser23Thr;Asp42Val],-1.6845634559039002,-1.7607764588197712,-1.571591347744887,0.0445467189374688,-1.5742779,-15.0,-25.0,-2.947725151290832
urn:mavedb:00000394-a-1#2026,c.[3C>T;6T>G;21C>T;27G>A;36T>C;42C>G;67T>A;69T>C;72C>T;75C>T;78C>T;120A>G;123T>C;124G>A;125A>T;141A>G],NA,p.[Ser23Thr;Asp42Ile],-1.6882839550420328,-1.7460164349595937,-1.6165933578742662,0.042876207116892,-1.5806241,-15.0,-25.0,-5.0
urn:mavedb:00000394-a-1#2027,c.[3C>T;6T>G;21C>T;36T>C;42C>G;63G>C;67T>A;69T>C;72C>T;120A>G;123T>C;124G>T;125A>G;126C>G;129G>A;135C>T;150C>T],NA,p.[Ser23Thr;Asp42Trp],-1.321415595159063,-1.394854903622491,-1.2752090962098754,0.0498563296473419,-1.6023393,-0.0549201218916239,-0.2842996722437078,0.0678343594193756
urn:mavedb:00000394-a-1#2028,c.[3C>T;6T>G;21C>T;36T>C;42C>G;67T>A;69T>C;72C>T;120A>G;123T>C;124G>T;141A>G;165G>A;171T>G;174A>G;177G>A],NA,p.[Ser23Thr;Asp42Tyr],-1.322761145923386,-1.3653523898952435,-1.2741486210773805,0.0448047088586572,-1.5940161,-0.0823700903867219,-0.2125995462635229,0.0493664739469082
urn:mavedb:00000394-a-1#2029,c.[21C>T;36T>C;42C>G;67T>A;69T>C;72C>T;120A>G;123T>C;124G>T;125A>T;141A>G;165G>A;171T>G;177G>A],NA,p.[Ser23Thr;Asp42Phe],-1.3387763839245108,-1.4096197920930842,-1.2913893415364657,0.0403060005285627,-1.6002731,-0.1108009930485532,-0.3454644157724147,0.0208848495872823
urn:mavedb:00000394-a-1#2030,c.[3C>T;6T>G;9G>A;21C>T;36T>C;42C>G;57T>G;63G>C;67T>A;69T>C;72C>T;120A>G;124G>C;125A>C;126C>G;129G>A;141A>G;144C>T;162G>C;165G>A;168G>A;171T>G;177G>A],NA,p.[Ser23Thr;Asp42Pro],-1.5936904993678205,-1.6647304880405789,-1.5353352622789944,0.0417020262678183,-1.5488658,-15.0,-25.0,-2.002776777063945
urn:mavedb:00000394-a-1#2031,c.[3C>T;6T>G;21C>T;30G>C;36T>C;42C>G;63G>C;66G>A;67T>G;69T>G;72C>T;84C>T;120A>G;123T>C;124G>C;126C>A;138T>C;141A>G;165G>A;168G>A;171T>G;174A>G;177G>A],NA,p.[Ser23Ala;Asp42Gln],-1.5756704590012425,-1.6409831065779814,-1.4464948280043852,0.0496347210688637,-1.586617,-2.127431974255212,-25.0,-0.559955036192473
urn:mavedb:00000394-a-1#2032,c.[21C>T;36T>C;42C>G;67T>G;120A>G;123T>C;126C>A;138T>C;141A>G;144C>T;171T>G;174A>G;177G>A],NA,p.[Ser23Ala;Asp42Glu],-1.5411743395640678,-1.614780074420607,-1.506342876728793,0.0290117132631218,-1.5491161,-2.3155570166542576,-25.0,-1.3154767522645567
urn:mavedb:00000394-a-1#2033,c.[3C>T;21C>T;36T>C;42C>G;67T>G;120A>G;123T>C;124G>A;141A>G;144C>T;171T>G;174A>G;207T>C],NA,p.[Ser23Ala;Asp42Asn],-1.5093247862135524,-1.5493469574065637,-1.4735283676862307,0.0395496665941745,-1.5744796,-1.0561271519227649,-1.6358270747117796,-0.7774924655402632
urn:mavedb:00000394-a-1#2034,c.[3C>T;6T>G;21C>T;24C>T;36T>C;42C>G;66G>A;67T>G;69T>G;72C>T;120A>G;123T>C;124G>C;135C>T;138T>C;141A>G;174A>G],NA,p.[Ser23Ala;Asp42His],-1.4392172202748033,-1.4835497165475744,-1.4075251511163678,0.0418795092717066,-1.5707169,-0.6028471555728347,-0.8721797329412517,-0.4552509532072097
urn:mavedb:00000394-a-1#2035,c.[3C>T;6T>G;12C>T;36T>C;51C>T;63G>C;67T>G;75C>T;84C>T;87T>C;102T>C;120A>G;124G>C;125A>G;141A>G;177G>A],NA,p.[Ser23Ala;Asp42Arg],-1.8792022460923563,-1.964635116752491,-1.771830492319883,0.0591993421547968,-1.5815907,-15.0,-25.0,-5.0
urn:mavedb:00000394-a-1#2036,c.[3C>T;6T>G;21C>T;27G>A;36T>C;42C>G;66G>A;67T>G;69T>G;72C>T;120A>G;123T>C;124G>A;126C>A;141A>G;165G>A;171T>G;174A>G;177G>A],NA,p.[Ser23Ala;Asp42Lys],-1.801054744278618,-1.840666836473484,-1.7462442847361292,0.0504647272084769,-1.5708642,-15.0,-25.0,-5.0
urn:mavedb:00000394-a-1#2037,c.[21C>T;36T>C;42C>G;67T>G;78C>T;120A>G;124G>A;125A>C;126C>T;138T>C;141A>G;153A>G;162G>C;165G>A;168G>A;177G>A],NA,p.[Ser23Ala;Asp42Thr],-1.7161509757189413,-1.767926842108876,-1.623866595414808,0.0464187048612987,-1.5824718,-15.0,-25.0,-5.0
urn:mavedb:00000394-a-1#2038,c.[6T>G;9G>A;21C>T;36T>C;42C>G;57T>G;66G>A;67T>G;69T>G;120A>G;123T>C;124G>T;125A>C;126C>T;141A>G;165G>A;171T>G;174A>G;177G>A],NA,p.[Ser23Ala;Asp42Ser],-1.6243772394590748,-1.6788309149850589,-1.563567008402741,0.0451033479778648,-1.5770512,-15.0,-25.0,-2.004801333661224
urn:mavedb:00000394-a-1#2039,c.[3C>T;6T>G;15A>G;21C>T;36T>C;42C>G;63G>C;67T>G;120A>G;123T>C;125A>C;126C>G;129G>A;141A>G;168G>A;177G>A;183A>G],NA,p.[Ser23Ala;Asp42Ala],-1.652263128678194,-1.7004515379860476,-1.5950058442622084,0.0481027602191982,-1.5869875,-15.0,-25.0,-5.0
urn:mavedb:00000394-a-1#2040,c.[21C>T;36T>C;42C>G;67T>G;123T>C;125A>G;126C>T;144C>T;165G>A;171T>G;174A>G;177G>A],NA,p.[Ser23Ala;Asp42Gly],-1.5564730418595352,-1.5989928424751243,-1.514049069416737,0.0339768766205343,-1.5753112,-1.8072706595681227,-25.0,-1.094520633256231
urn:mavedb:00000394-a-1#2041,c.[21C>T;36T>C;42C>G;67T>G;120A>G;123T>C;124G>A;125A>T;126C>G;141A>G;165G>A;168G>A;171T>G;174A>G;177G>A;180G>C],NA,p.[Ser23Ala;Asp42Met],-1.839781524798777,-1.9035435464055053,-1.7197291016369516,0.0484395347958956,-1.6092892,-15.0,-25.0,-5.0
urn:mavedb:00000394-a-1#2042,c.[3C>T;6T>G;21C>T;36T>C;42C>G;67T>G;120A>G;123T>C;124G>T;125A>G;141A>G;165G>A;171T>G;174A>G;177G>A],NA,p.[Ser23Ala;Asp42Cys],-0.9322116237698111,-0.985137166537536,-0.8600408392773139,0.0524299350522255,-1.5917282,0.7376192005093565,0.6454392792538671,0.8584258265851873
urn:mavedb:00000394-a-1#2043,c.[3C>T;6T>G;15A>G;21C>T;36T>C;42C>G;63G>C;67T>G;75C>T;120A>G;123T>C;124G>C;125A>T;126C>G;135C>T;138T>C;141A>G;144C>T;153A>G;171T>G;177G>A],NA,p.[Ser23Ala;Asp42Leu],-1.6213587032052217,-1.6740398958925784,-1.5301599564668649,0.0446792099793177,-1.601284,-15.0,-25.0,-1.0011973038458992
urn:mavedb:00000394-a-1#2044,c.[6T>G;9G>A;12C>T;21C>T;36T>C;42C>G;67T>G;72C>T;75C>T;87T>C;120A>G;123T>C;125A>T;126C>T;141A>G;165G>A;168G>A;174A>G],NA,p.[Ser23Ala;Asp42Val],-1.7485022222113744,-1.8041957495315248,-1.701575449725366,0.0542784567019378,-1.5848217,-15.0,-25.0,-5.0
urn:mavedb:00000394-a-1#2045,c.[3C>T;6T>G;36T>C;42C>G;67T>G;75C>T;99G>C;120A>G;123T>C;124G>A;125A>T;132C>T;141A>G;165G>A;171T>G;174A>G;177G>A;180G>C;183A>G;198G>T],NA,p.[Ser23Ala;Asp42Ile],-1.7346370447150998,-1.7867819258527973,-1.7050981747448837,0.0489383681236531,-1.5910454,-15.0,-25.0,-5.0
urn:mavedb:00000394-a-1#2046,c.[3C>T;6T>G;12C>T;21C>T;36T>C;42C>G;63G>C;67T>G;72C>T;75C>T;120A>G;123T>C;124G>T;125A>G;126C>G;138T>C;141A>G;165G>A;168G>A;177G>A],NA,p.[Ser23Ala;Asp42Trp],-1.2294776404290246,-1.326757916376143,-1.1639196039652964,0.0498611004124314,-1.6123104,0.2012509375511555,-0.0420179380249869,0.3436010130308327
urn:mavedb:00000394-a-1#2047,c.[6T>G;9G>A;12C>T;21C>T;27G>A;36T>C;42C>G;66G>A;67T>G;69T>G;72C>T;120A>G;123T>C;124G>T;141A>G;177G>A;198G>T],NA,p.[Ser23Ala;Asp42Tyr],-1.522682669667034,-1.5581313905137144,-1.4622250009503102,0.0422229991233861,-1.6041651,-0.9152191734495928,-1.270661132553612,-0.5512014140648905
urn:mavedb:00000394-a-1#2048,c.[21C>T;36T>C;42C>G;67T>G;120A>G;123T>C;124G>T;125A>T;141A>G;144C>T;165G>A;171T>G;174A>G;177G>A;183A>G;198G>T],NA,p.[Ser23Ala;Asp42Phe],-1.4427540627758872,-1.50341609118805,-1.3914649889253516,0.0421316766217532,-1.6102886,-0.436940153445212,-0.7403256539141604,-0.2452487282555345
urn:mavedb:00000394-a-1#2049,c.[6T>G;9G>A;12C>T;21C>T;36T>C;42C>G;67T>G;72C>T;75C>T;120A>G;124G>C;125A>C;126C>A;165G>A;168G>A;171T>G;177G>A;180G>C],NA,p.[Ser23Ala;Asp42Pro],-1.614359440999775,-1.6584544192217563,-1.5703750837881345,0.0393855034186596,-1.5598717,-15.0,-25.0,-5.0
urn:mavedb:00000394-a-1#2050,c.[21C>T;36T>C;42C>G;67T>G;68C>G;78C>T;111G>C;114C>T;120A>G;123T>C;124G>C;126C>G;129G>A;138T>C;141A>G;144C>T;165G>A;168G>A;177G>A;180G>C],NA,p.[Ser23Gly;Asp42Gln],-1.5545142233065938,-1.622363881722336,-1.4796961256481669,0.0370805610354779,-1.576334,-1.7200432202092368,-25.0,-0.8058094369902783
urn:mavedb:00000394-a-1#2051,c.[21C>T;36T>C;42C>G;66G>A;67T>G;68C>G;69T>C;72C>T;120A>G;123T>C;126C>A;138T>C;141A>G;165G>A;168G>A;177G>A;198G>T],NA,p.[Ser23Gly;Asp42Glu],-1.4456700028892886,-1.479882772276699,-1.3515737482003722,0.0282060522966122,-1.538166,-0.8340776278745482,-1.1254623723804082,-0.3608495579931188
urn:mavedb:00000394-a-1#2052,c.[12C>T;21C>T;36T>C;42C>G;66G>A;67T>G;68C>G;69T>C;72C>T;120A>G;123T>C;124G>A;138T>C;141A>G;177G>A],NA,p.[Ser23Gly;Asp42Asn],-0.3701210477669069,-0.3800007427158791,-0.3630411684389632,0.0308857863715283,-1.5639691,1.5568074844861726,1.5426823702293992,1.5669163999507711
urn:mavedb:00000394-a-1#2053,c.[21C>T;36T>C;42C>G;67T>G;68C>G;120A>G;123T>C;124G>C;165G>A;171T>G;174A>G;177G>A;180G>C;198G>T],NA,p.[Ser23Gly;Asp42His],-0.6883057250319741,-0.7084759355936519,-0.6784041698476997,0.0359800833616648,-1.5601377,1.0810422653421692,1.0497935158795122,1.096299634460355
urn:mavedb:00000394-a-1#2054,c.[21C>T;51C>T;57T>G;60T>C;67T>G;68C>G;78C>T;108G>C;123T>C;124G>C;125A>G;126C>T;129G>A;132C>T;135C>T;138T>C;141A>G;165G>A;171T>G;174A>G;177G>A],NA,p.[Ser23Gly;Asp42Arg],-1.669805795576459,-1.7990631285506642,-1.584682246659559,0.0764431350074532,-1.5712123,-15.0,-25.0,-5.0
urn:mavedb:00000394-a-1#2055,c.[3C>T;6T>G;12C>T;21C>T;36T>C;42C>G;67T>G;68C>G;120A>G;123T>C;124G>A;126C>A;141A>G;165G>A;168G>A;171T>G;174A>G;177G>A;180G>C],NA,p.[Ser23Gly;Asp42Lys],-1.7943141032725411,-1.8308279267249248,-1.73539868560803,0.0470924210431138,-1.5602884,-15.0,-25.0,-5.0
urn:mavedb:00000394-a-1#2056,c.[3C>T;6T>G;21C>T;36T>C;42C>G;66G>A;67T>G;68C>G;69T>C;72C>T;108G>C;120A>G;123T>C;124G>A;125A>C;126C>T;141A>G;144C>T;165G>A;168G>A;177G>A;180G>C],NA,p.[Ser23Gly;Asp42Thr],-1.5163984831162074,-1.6105612685568875,-1.4441056604225273,0.0464276782540059,-1.5721092,-1.1534048902098362,-25.0,-0.6209274924363798
urn:mavedb:00000394-a-1#2057,c.[21C>T;36T>C;42C>G;67T>G;68C>G;120A>G;123T>C;124G>T;125A>C;126C>T;165G>A;168G>A;171T>G;174A>G;177G>A],NA,p.[Ser23Gly;Asp42Ser],-1.2534027697855392,-1.3157611322383154,-1.2088542897032784,0.0400846929965585,-1.5665874,0.0321253980759276,-0.1427815094024419,0.1428122558805297
urn:mavedb:00000394-a-1#2058,c.[3C>T;6T>G;21C>T;36T>C;42C>G;67T>G;68C>G;87T>C;102T>C;108G>C;114C>T;120A>G;125A>C;126C>G;135C>T;138T>C;177G>A;180G>C],NA,p.[Ser23Gly;Asp42Ala],-1.6693069161874965,-1.7638813758988303,-1.566838779037144,0.0533662387848565,-1.5767117,-15.0,-25.0,-2.188022848849477
urn:mavedb:00000394-a-1#2059,c.[6T>G;9G>A;12C>T;21C>T;36T>C;42C>G;66G>A;67T>G;68C>G;69T>C;72C>T;120A>G;123T>C;125A>G;129G>A;141A>G;165G>A;168G>A;174A>G],NA,p.[Ser23Gly;Asp42Gly],-1.2885568681406931,-1.3497986470191763,-1.233710864949642,0.0331378251005051,-1.5648155,-0.068071588147464,-0.2581726722810402,0.0778342609784307
urn:mavedb:00000394-a-1#2060,c.[3C>T;6T>G;15A>G;21C>T;36T>C;42C>G;67T>G;68C>G;72C>T;75C>T;78C>T;120A>G;123T>C;124G>A;125A>T;126C>G;138T>C;141A>G;165G>A;168G>A;177G>A;180G>C],NA,p.[Ser23Gly;Asp42Met],-1.705789630733686,-1.802770362520796,-1.6508947805956429,0.0389342105815895,-1.5994668,-15.0,-25.0,-5.0
urn:mavedb:00000394-a-1#2061,c.[6T>G;9G>A;21C>T;27G>A;36T>C;42C>G;63G>C;66G>A;67T>G;68C>G;72C>T;75C>T;120A>G;124G>T;125A>G;135C>T;141A>G;165G>A;171T>G;174A>G;177G>A;180G>C],NA,p.[Ser23Gly;Asp42Cys],-0.7594087845098221,-0.7947654829994851,-0.7363054097346079,0.0402685611466744,-1.5815444,1.0036009707781437,0.9475677535787708,1.0397768026245076
urn:mavedb:00000394-a-1#2062,c.[3C>T;6T>G;21C>T;36T>C;42C>G;67T>G;68C>G;120A>G;123T>C;124G>C;125A>T;126C>G;141A>G;171T>G;174A>G;177G>A;180G>C;198G>T],NA,p.[Ser23Gly;Asp42Leu],-1.463117936646736,-1.520253866844136,-1.4323627416084244,0.0439430765437911,-1.5912933,-0.6200319183508168,-1.00194448304988,-0.4736217618498144
urn:mavedb:00000394-a-1#2063,c.[12C>T;21C>T;36T>C;42C>G;67T>G;68C>G;72C>T;75C>T;78C>T;120A>G;123T>C;125A>T;126C>G;165G>A;168G>A;177G>A],NA,p.[Ser23Gly;Asp42Val],-1.6870017758303737,-1.746300493524577,-1.6322993356216935,0.0471706411801195,-1.5745049,-15.0,-25.0,-5.0
urn:mavedb:00000394-a-1#2064,c.[21C>T;36T>C;42C>G;67T>G;68C>G;120A>G;123T>C;124G>A;125A>T;138T>C;141A>G;165G>A;168G>A;177G>A],NA,p.[Ser23Gly;Asp42Ile],-1.5431515369910689,-1.6075689898471932,-1.479719112947239,0.0474488091555966,-1.5808487,-1.392193181558938,-25.0,-0.7763458219557715
urn:mavedb:00000394-a-1#2065,c.[21C>T;36T>C;42C>G;67T>G;68C>G;120A>G;123T>C;124G>T;125A>G;126C>G;165G>A;168G>A;177G>A],NA,p.[Ser23Gly;Asp42Trp],-1.2253070123870546,-1.279100349279647,-1.1774326853879715,0.0431045189367959,-1.6025543,0.188460692430902,0.0585201771807383,0.294589591355754
urn:mavedb:00000394-a-1#2066,c.[3C>T;6T>G;36T>C;42C>G;67T>G;68C>G;78C>T;120A>G;123T>C;124G>T;141A>G;162G>C;165G>A;168G>A;171T>G;174A>G],NA,p.[Ser23Gly;Asp42Tyr],-1.475585261315796,-1.5246421212198915,-1.4349029888055762,0.0295500951238227,-1.5942345,-0.6714877505737524,-1.0148738067268437,-0.4718767156603969
urn:mavedb:00000394-a-1#2067,c.[3C>T;6T>G;12C>T;21C>T;36T>C;42C>G;67T>G;68C>G;78C>T;120A>G;124G>T;125A>T;141A>G;165G>A;168G>A;177G>A],NA,p.[Ser23Gly;Asp42Phe],-1.2116928942191991,-1.281887226159417,-1.1347459640123194,0.0395501688826116,-1.6004887,0.2147837328802227,0.0461165897414519,0.3792139047695333
urn:mavedb:00000394-a-1#2068,c.[3C>T;6T>G;12C>T;21C>T;36T>C;42C>G;67T>G;68C>G;72C>T;75C>T;120A>G;124G>C;125A>C;126C>A;129G>A;141A>G;168G>A;174A>G],NA,p.[Ser23Gly;Asp42Pro],-1.4953555377201777,-1.5471245605757382,-1.4597758005810852,0.0331215118498254,-1.5491028,-1.175551027438828,-3.1257055188248524,-0.8564893170509168
urn:mavedb:00000394-a-1#2069,c.[3C>T;6T>G;21C>T;36T>C;42C>G;67T>A;68C>T;69T>G;72C>T;120A>G;123T>C;124G>C;126C>G;141A>G;144C>T;165G>A;171T>G;174A>G;177G>A],NA,p.[Ser23Met;Asp42Gln],-1.7584292712379035,-1.8206233714881013,-1.654650025324322,0.0478227361283261,-1.5913801,-15.0,-25.0,-5.0
urn:mavedb:00000394-a-1#2070,c.[21C>T;36T>C;42C>G;67T>A;68C>T;69T>G;72C>T;120A>G;123T>C;126C>A;129G>A;141A>G;165G>A;171T>G],NA,p.[Ser23Met;Asp42Glu],-1.5850508586832164,-1.630486445636337,-1.5362926492893003,0.0530659068621672,-1.5541992,-15.0,-25.0,-1.8373110819095075
urn:mavedb:00000394-a-1#2071,c.[3C>T;6T>G;21C>T;36T>C;42C>G;67T>A;68C>T;69T>G;72C>T;120A>G;123T>C;124G>A;138T>C;141A>G;177G>A],NA,p.[Ser23Met;Asp42Asn],-1.411056797885501,-1.4677689124647304,-1.351376473598526,0.0480630605582755,-1.5793524,-0.433765455353581,-0.7120241050981108,-0.2148434599938427
urn:mavedb:00000394-a-1#2072,c.[21C>T;36T>C;42C>G;67T>A;68C>T;69T>G;72C>T;120A>G;123T>C;124G>C;135C>T;138T>C;141A>G;171T>G;174A>G;177G>A],NA,p.[Ser23Met;Asp42His],-1.439068202289357,-1.4809515396606694,-1.3713380934099302,0.0402012169054655,-1.5756216,-0.5774266548362497,-0.8191041216992608,-0.2956186770584584
urn:mavedb:00000394-a-1#2073,c.[21C>T;36T>C;42C>G;67T>A;68C>T;69T>G;72C>T;123T>C;124G>C;125A>G;126C>T;165G>A;171T>G;174A>G;177G>A;198G>T],NA,p.[Ser23Met;Asp42Arg],-1.7882697370892295,-1.86781780506704,-1.7398445348059264,0.0593483011555246,-1.5863996,-15.0,-25.0,-5.0
urn:mavedb:00000394-a-1#2074,c.[12C>T;21C>T;36T>C;42C>G;54G>A;60T>C;67T>A;68C>T;69T>G;72C>T;102T>C;111G>C;114C>T;120A>G;124G>A;126C>A;132C>T;135C>T;138T>C;141A>G;153A>G;162G>C;165G>A;168G>A;177G>A;192C>T],NA,p.[Ser23Met;Asp42Lys],-1.793455228280621,-1.8454785073419229,-1.7257803132519844,0.054075602688236,-1.5757675,-15.0,-25.0,-5.0
urn:mavedb:00000394-a-1#2075,c.[6T>G;9G>A;12C>T;21C>T;36T>C;42C>G;67T>A;68C>T;69T>G;72C>T;120A>G;123T>C;124G>A;125A>C;126C>T;129G>A;138T>C;141A>G;156T>C;165G>A;171T>G;174A>G;177G>A],NA,p.[Ser23Met;Asp42Thr],-1.7567424030201255,-1.807719047408603,-1.7124919732192143,0.0481745333159615,-1.5872726,-15.0,-25.0,-5.0
urn:mavedb:00000394-a-1#2076,c.[3C>T;6T>G;12C>T;21C>T;36T>C;42C>G;67T>A;68C>T;69T>G;72C>T;120A>G;123T>C;124G>T;125A>C;126C>T;141A>G;177G>A;198G>T;207T>C],NA,p.[Ser23Met;Asp42Ser],-1.5728377493850414,-1.6430027415874937,-1.5106018204016445,0.0450921869286221,-1.5819001,-2.238253741594274,-25.0,-0.999656169987233
urn:mavedb:00000394-a-1#2077,c.[18C>T;21C>T;27G>A;42C>G;67T>A;68C>T;69T>G;72C>T;108G>C;120A>G;123T>C;125A>C;126C>G;129G>A;141A>G;165G>A;168G>A;177G>A],NA,p.[Ser23Met;Asp42Ala],-1.5948256401274783,-1.6696686981124949,-1.4987428968570058,0.060160328801271,-1.5917473,-15.0,-25.0,-0.830554375346375
urn:mavedb:00000394-a-1#2078,c.[6T>G;9G>A;12C>T;21C>T;36T>C;42C>G;67T>A;68C>T;69T>G;72C>T;120A>G;123T>C;125A>G;129G>A;141A>G;171T>G;174A>G],NA,p.[Ser23Met;Asp42Gly],-1.5783356711346357,-1.6253792038615915,-1.4981839598616895,0.0549974836422072,-1.5801768,-3.167461206057564,-25.0,-0.9112426521974276
urn:mavedb:00000394-a-1#2079,c.[21C>T;36T>C;42C>G;67T>A;68C>T;69T>G;72C>T;120A>G;123T>C;124G>A;125A>T;126C>G;135C>T;141A>G;165G>A;171T>G;174A>G;177G>A],NA,p.[Ser23Met;Asp42Met],-1.5914981236317247,-1.6485076884417662,-1.544745300530234,0.055301827068278,-1.6138306,-1.7062315183893535,-25.0,-1.0194654897042064
urn:mavedb:00000394-a-1#2080,c.[3C>T;6T>G;12C>T;21C>T;36T>C;42C>G;67T>A;68C>T;69T>G;72C>T;120A>G;123T>C;124G>T;125A>G;141A>G;165G>A;168G>A;174A>G],NA,p.[Ser23Met;Asp42Cys],-0.6987246835348323,-0.7502633597675409,-0.6515354798495333,0.0362133721786413,-1.5964437,1.120790122417184,1.0412325073251,1.1924422095561331
urn:mavedb:00000394-a-1#2081,c.[3C>T;6T>G;21C>T;36T>C;42C>G;67T>A;68C>T;69T>G;72C>T;120A>G;123T>C;124G>C;125A>T;126C>G;141A>G;165G>A;171T>G;174A>G;177G>A;198G>T],NA,p.[Ser23Met;Asp42Leu],-1.6565738904497684,-1.7194919536834503,-1.6081310133092837,0.0519703073804997,-1.605906,-15.0,-25.0,-5.0
urn:mavedb:00000394-a-1#2082,c.[21C>T;24C>T;36T>C;42C>G;67T>A;68C>T;69T>G;75C>T;120A>G;123T>C;125A>T;126C>G;129G>A;135C>T;138T>C;141A>G;153A>G;171T>G;174A>G],NA,p.[Ser23Met;Asp42Val],-1.7318143977958316,-1.8215625571541312,-1.6630783261034363,0.0544850159352773,-1.5896015,-15.0,-25.0,-5.0
urn:mavedb:00000394-a-1#2083,c.[3C>T;6T>G;21C>T;36T>C;42C>G;67T>A;68C>T;69T>G;72C>T;84C>T;120A>G;123T>C;124G>A;125A>T;141A>G;165G>A;171T>G;174A>G],NA,p.[Ser23Met;Asp42Ile],-1.5488289410701783,-1.6088012370039682,-1.4857381392147857,0.0655475438436391,-1.595768,-1.2587485089755912,-25.0,-0.7212404852909159
urn:mavedb:00000394-a-1#2084,c.[3C>T;6T>G;21C>T;36T>C;42C>G;66G>A;67T>A;68C>T;69T>G;72C>T;120A>G;123T>C;124G>T;125A>G;126C>G;129G>A;135C>T;141A>G;165G>A;168G>A],NA,p.[Ser23Met;Asp42Trp],-1.2888054059054772,-1.3256095539916568,-1.2162422738134466,0.0558686180378589,-1.6168218,0.070065892467552,-0.0264398027393321,0.2411445273032724
urn:mavedb:00000394-a-1#2085,c.[6T>G;9G>A;21C>T;24C>T;27G>A;36T>C;42C>G;63G>C;67T>A;68C>T;69T>G;72C>T;120A>G;123T>C;124G>T;126C>T;141A>G;174A>G],NA,p.[Ser23Met;Asp42Tyr],-1.5065560067833528,-1.565211040276512,-1.4217604652506324,0.0385951279664232,-1.6087589,-0.7694816208048928,-1.3045481698939363,-0.3593099296534644
urn:mavedb:00000394-a-1#2086,c.[3C>T;6T>G;21C>T;36T>C;42C>G;67T>A;68C>T;69T>G;72C>T;75C>T;78C>T;120A>G;123T>C;124G>T;125A>T;141A>G;174A>G;180G>C;198G>T],NA,p.[Ser23Met;Asp42Phe],-1.3552234868047657,-1.438583869682107,-1.3055044660523394,0.0470734850087654,-1.6148205,-0.1164276502069767,-0.4013763156360449,0.0220155858955562
urn:mavedb:00000394-a-1#2087,c.[21C>T;27G>A;39C>T;67T>A;68C>T;69T>G;72C>T;120A>G;124G>C;125A>C;126C>A;129G>A;138T>C;141A>G;168G>A;171T>G;174A>G;177G>A],NA,p.[Ser23Met;Asp42Pro],-1.5140801942877422,-1.580249429349879,-1.464455188419642,0.0524698371050239,-1.564868,-1.2104184484489569,-25.0,-0.7809662668702055
urn:mavedb:00000394-a-1#2088,c.[6T>G;9G>A;21C>T;27G>A;36T>C;42C>G;63G>C;68C>G;69T>C;72C>T;120A>G;123T>C;124G>C;126C>G;141A>G;165G>A;171T>G;174A>G;177G>A],NA,p.[Ser23Cys;Asp42Gln],-0.8397381959274812,-0.8690486422479883,-0.7854238026288007,0.0417716374036814,-1.591948,0.8919101419636314,0.8439780390607174,0.9789568831735534
urn:mavedb:00000394-a-1#2089,c.[3C>T;6T>G;21C>T;36T>C;42C>G;57T>G;60T>C;63G>C;68C>G;69T>C;72C>T;114C>T;120A>G;123T>C;126C>A;129G>A;141A>G;165G>A;171T>G],NA,p.[Ser23Cys;Asp42Glu],-0.8349982215251526,-0.936625886497818,-0.7538029335434612,0.0609693408795927,-1.5548062,0.8389016061736115,0.6659383090952011,0.9702319393909922
urn:mavedb:00000394-a-1#2090,c.[3C>T;6T>G;21C>T;36T>C;42C>G;68C>G;69T>C;72C>T;120A>G;123T>C;124G>A;141A>G;165G>A;171T>G;174A>G;177G>A],NA,p.[Ser23Cys;Asp42Asn],-0.1821831766995171,-0.1926509620842432,-0.1618171529251644,0.0441043299449121,-1.5799332,1.8442138923592373,1.8296152649664896,1.872577285890742
urn:mavedb:00000394-a-1#2091,c.[21C>T;27G>A;36T>C;42C>G;68C>G;69T>C;72C>T;84C>T;90T>C;120A>G;124G>C;132C>T;141A>G;165G>A;171T>G;177G>A;180G>C],NA,p.[Ser23Cys;Asp42His],-0.5808156801298239,-0.6400395422917454,-0.5520921661037094,0.0453752450659043,-1.5762067,1.2680287117016047,1.179267421341725,1.3105802616685838
urn:mavedb:00000394-a-1#2092,c.[3C>T;6T>G;18C>T;21C>T;36T>C;42C>G;68C>G;69T>C;72C>T;120A>G;124G>C;125A>G;126C>T;141A>G;177G>A],NA,p.[Ser23Cys;Asp42Arg],-0.9880236957283124,-1.0631626801956713,-0.8827857692087053,0.0468421160135688,-1.5869732,0.6318383225180155,0.4933682424953209,0.8129878531688225
urn:mavedb:00000394-a-1#2093,c.[21C>T;36T>C;42C>G;68C>G;69T>C;72C>T;120A>G;123T>C;124G>A;126C>A;141A>G;165G>A;171T>G;174A>G;177G>A],NA,p.[Ser23Cys;Asp42Lys],-0.8375948871536543,-0.905345888404232,-0.79016691220701,0.037110286119097,-1.5763531,0.8700115075269953,0.7572103071958622,0.9466245757636984
urn:mavedb:00000394-a-1#2094,c.[3C>T;6T>G;21C>T;36T>C;42C>G;68C>G;69T>C;72C>T;120A>G;123T>C;124G>A;125A>C;126C>T;141A>G;165G>A;168G>A;171T>G;174A>G],NA,p.[Ser23Cys;Asp42Thr],-1.0136698509634523,-1.1033126388391057,-0.972083507965314,0.0343624157752642,-1.5878463,0.5871706637124217,0.4169562146043891,0.6616647574205476
urn:mavedb:00000394-a-1#2095,c.[3C>T;6T>G;21C>T;36T>C;42C>G;68C>G;69T>C;72C>T;120A>G;124G>T;125A>C;126C>T;141A>G;165G>A;168G>A;174A>G;207T>C],NA,p.[Ser23Cys;Asp42Ser],-0.6047870488624745,-0.6504169188019496,-0.5717730182802993,0.0440950054848524,-1.5824795,1.2416477125406469,1.1730538388475744,1.290747791407049
urn:mavedb:00000394-a-1#2096,c.[3C>T;18C>T;21C>T;36T>C;42C>G;68C>G;69T>C;72C>T;120A>G;123T>C;125A>C;126C>T;129G>A;141A>G;177G>A],NA,p.[Ser23Cys;Asp42Ala],-0.760243457250825,-0.8055731575722913,-0.6715506801646175,0.0587892309085283,-1.5923152,1.019191673049552,0.9475016545481756,1.1559180505955515
urn:mavedb:00000394-a-1#2097,c.[3C>T;6T>G;9G>A;21C>T;36T>C;42C>G;60T>C;68C>G;69T>C;125A>G;126C>T;141A>G;165G>A;171T>G;177G>A;180G>C],NA,p.[Ser23Cys;Asp42Gly],-0.6945397838389908,-0.7143315149338553,-0.6565973295927021,0.0473829913224396,-1.5807571,1.1031734136484472,1.0726716728446068,1.161081773572446
urn:mavedb:00000394-a-1#2098,c.[3C>T;6T>G;36T>C;42C>G;68C>G;69T>C;72C>T;84C>T;90T>C;120A>G;123T>C;124G>A;125A>T;126C>G;141A>G;174A>G],NA,p.[Ser23Cys;Asp42Met],-0.8499256061637537,-0.8905391795452348,-0.7898044928328171,0.0351790809316751,-1.6143727,0.9117005606565144,0.8455045199584408,1.0074022806197256
urn:mavedb:00000394-a-1#2099,c.[6T>G;9G>A;15A>G;21C>T;36T>C;42C>G;68C>G;69T>C;72C>T;108G>C;120A>G;123T>C;124G>T;125A>G;129G>A;141A>G;171T>G;174A>G],NA,p.[Ser23Cys;Asp42Cys],0.2467250940173015,0.1205645376801008,0.4157138695220971,0.1304557935127599,-1.5943265,2.45354520061686,2.2813702721538545,2.683508926987011
urn:mavedb:00000394-a-1#2100,c.[21C>T;36T>C;42C>G;68C>G;69T>C;72C>T;120A>G;123T>C;124G>C;125A>T;126C>G;141A>G;165G>A;171T>G;174A>G;177G>A;207T>C],NA,p.[Ser23Cys;Asp42Leu],-0.83760947687032,-0.9045825680951208,-0.7904967184862907,0.0348121896638176,-1.6064577,0.9187993417721572,0.8091249563410093,0.9938581497862636
urn:mavedb:00000394-a-1#2101,c.[21C>T;42C>G;68C>G;69T>C;72C>T;75C>T;87T>C;90T>C;93C>T;114C>T;120A>G;123T>C;125A>T;126C>T;132C>T;144C>T;165G>A;168G>A;177G>A;180G>C],NA,p.[Ser23Cys;Asp42Val],-1.076305114068087,-1.1465323074881189,-1.0059895496989577,0.0390726297862758,-1.5901723,0.4743164379705577,0.3337221008013352,0.605319155892782
urn:mavedb:00000394-a-1#2102,c.[6T>G;9G>A;21C>T;36T>C;42C>G;60T>C;68C>G;69T>C;72C>T;78C>T;102T>C;120A>G;123T>C;124G>A;125A>T;141A>G;168G>A;174A>G;207T>C],NA,p.[Ser23Cys;Asp42Ile],-0.8507570585101123,-0.8916842158988268,-0.7919093624577889,0.0498927131985239,-1.5963306,0.8811178527632411,0.8137467638498685,0.9756228249103706
urn:mavedb:00000394-a-1#2103,c.[21C>T;36T>C;42C>G;68C>G;69T>C;72C>T;120A>G;123T>C;124G>T;125A>G;126C>G;141A>G;177G>A],NA,p.[Ser23Cys;Asp42Trp],-0.4478763229444157,-0.5295752576778175,-0.3785888903113836,0.0837163596242283,-1.6173592,1.5218465301831374,1.4038434715954158,1.6206698084319402
urn:mavedb:00000394-a-1#2104,c.[6T>G;9G>A;12C>T;21C>T;36T>C;42C>G;68C>G;69T>C;72C>T;75C>T;84C>T;120A>G;123T>C;124G>T;141A>G;171T>G;174A>G;177G>A],NA,p.[Ser23Cys;Asp42Tyr],-0.7562158081384502,-0.770443017031835,-0.7318303270473774,0.0276694287607574,-1.6093068,1.0519768382546792,1.029806554965798,1.0897056103102551
urn:mavedb:00000394-a-1#2105,c.[21C>T;36T>C;42C>G;68C>G;69T>C;72C>T;108G>C;120A>G;123T>C;124G>T;125A>T;141A>G;165G>A;171T>G;174A>G],NA,p.[Ser23Cys;Asp42Phe],-0.699606398219754,-0.7287180860375478,-0.6313348273165018,0.0451557216465417,-1.6153607,1.1482838790088938,1.1037981224318691,1.251066062594464
urn:mavedb:00000394-a-1#2106,c.[3C>T;6T>G;18C>T;21C>T;36T>C;42C>G;68C>G;69T>C;72C>T;120A>G;124G>C;125A>C;126C>G;129G>A;141A>G;174A>G;207T>C],NA,p.[Ser23Cys;Asp42Pro],-0.8375118459993849,-0.8789695452042718,-0.820910748287196,0.0250189667827843,-1.565465,0.8523105802306301,0.783392588505609,0.8794764677060162
urn:mavedb:00000394-a-1#2107,c.[21C>T;36T>C;42C>G;67T>C;68C>T;69T>G;72C>T;120A>G;123T>C;124G>C;126C>A;141A>G;165G>A;171T>G;174A>G;177G>A],NA,p.[Ser23Leu;Asp42Gln],-1.734299494620585,-1.7747400781153022,-1.6667816697790467,0.0545487431202243,-1.5891819,-15.0,-25.0,-5.0
urn:mavedb:00000394-a-1#2108,c.[21C>T;36T>C;42C>G;67T>C;68C>T;69T>G;72C>T;120A>G;123T>C;126C>A;165G>A;171T>G;174A>G;198G>T],NA,p.[Ser23Leu;Asp42Glu],-1.6313655577958237,-1.6694249711078246,-1.5722059743379388,0.0470198615281638,-1.5518532,-15.0,-25.0,-5.0
urn:mavedb:00000394-a-1#2109,c.[3C>T;6T>G;21C>T;36T>C;42C>G;57T>G;67T>C;68C>T;69T>G;72C>T;120A>G;123T>C;124G>A;132C>T;141A>G;165G>A;168G>A;177G>A],NA,p.[Ser23Leu;Asp42Asn],-1.4674388382437955,-1.5341564252720254,-1.396665989926367,0.0452520162327385,-1.5771031,-0.723422704281359,-1.3130153456904416,-0.3847115158794659
urn:mavedb:00000394-a-1#2110,c.[21C>T;36T>C;42C>G;67T>C;68C>T;69T>G;72C>T;120A>G;123T>C;124G>C;135C>T;138T>C;141A>G;165G>A;171T>G;174A>G;177G>A],NA,p.[Ser23Leu;Asp42His],-1.4834624811280606,-1.5179933463052002,-1.418280837760597,0.0542663770388091,-1.573358,-0.8524203219127009,-1.1572551762698398,-0.4905831720304548
urn:mavedb:00000394-a-1#2111,c.[3C>T;18C>T;21C>T;36T>C;42C>G;48C>T;67T>C;68C>T;69T>G;72C>T;120A>G;123T>C;124G>C;125A>G;126C>T;132C>T;141A>G;165G>A;171T>G;174A>G;177G>A],NA,p.[Ser23Leu;Asp42Arg],-1.871883221942364,-1.931459582297666,-1.819977967318494,0.0690910984340819,-1.5841804,-15.0,-25.0,-5.0
urn:mavedb:00000394-a-1#2112,c.[3C>T;6T>G;21C>T;36T>C;42C>G;67T>C;68C>T;69T>G;72C>T;120A>G;123T>C;124G>A;126C>A;141A>G;165G>A;171T>G;174A>G;177G>A],NA,p.[Ser23Leu;Asp42Lys],-1.7882497693649757,-1.918500030890164,-1.711340856089216,0.062615929747885,-1.5735044,-15.0,-25.0,-5.0
urn:mavedb:00000394-a-1#2113,c.[6T>G;9G>A;12C>T;21C>T;36T>C;42C>G;67T>C;68C>T;69T>G;72C>T;120A>G;124G>A;125A>C;126C>T;174A>G],NA,p.[Ser23Leu;Asp42Thr],-1.7063652743212627,-1.7584069397770272,-1.6645670315172465,0.0469284286134658,-1.5850573,-15.0,-25.0,-5.0
urn:mavedb:00000394-a-1#2114,c.[21C>T;36T>C;42C>G;67T>C;68C>T;69T>G;72C>T;75C>T;105C>T;120A>G;123T>C;124G>T;125A>C;126C>T;129G>A;138T>C;141A>G;165G>A;171T>G;177G>A],NA,p.[Ser23Leu;Asp42Ser],-1.4756122873264488,-1.5454028066521015,-1.3665605352279726,0.0547463109241259,-1.5796623,-0.7578064407757813,-1.449980905329436,-0.2647482262598737
urn:mavedb:00000394-a-1#2115,c.[36T>C;42C>G;67T>C;68C>T;69T>C;72C>T;120A>G;124G>T;125A>C;126C>T;141A>G;156T>C;165G>A;171T>G;174A>G;177G>A;183A>G;186A>G;198G>T],NA,p.[Ser23Leu;Asp42Ser],-1.1448954874549928,-1.2658280479696589,-0.9522697777291356,0.0544576720635384,-1.6011806,0.3598995792124301,0.0884162010156695,0.7194104627526877
urn:mavedb:00000394-a-1#2116,c.[3C>T;6T>G;15A>G;21C>T;36T>C;42C>G;67T>C;68C>T;69T>G;72C>T;120A>G;123T>C;125A>C;126C>T;129G>A;138T>C;141A>G;147G>C;150C>T;162G>C;165G>A;168G>A;177G>A],NA,p.[Ser23Leu;Asp42Ala],-1.60569342101433,-1.6903352293473752,-1.510660498591719,0.0705051677092323,-1.589551,-15.0,-25.0,-0.9357510372806388
urn:mavedb:00000394-a-1#2117,c.[3C>T;6T>G;15A>G;21C>T;36T>C;42C>G;67T>C;68C>T;69T>C;72C>T;102T>C;120A>G;125A>G;126C>T;129G>A;141A>G;150C>T;177G>A;183A>G],NA,p.[Ser23Leu;Asp42Gly],-1.5099403819075834,-1.579369404852562,-1.4705810964214758,0.0540326649154633,-1.5779305,-1.0294798215122154,-25.0,-0.7374072475973839
urn:mavedb:00000394-a-1#2118,c.[3C>T;6T>G;36T>C;42C>G;67T>C;68C>T;69T>G;72C>T;84C>T;120A>G;123T>C;124G>A;125A>T;126C>G;141A>G;168G>A;174A>G],NA,p.[Ser23Leu;Asp42Met],-1.6720172867219776,-1.736972453097054,-1.568087937978534,0.057784954090487,-1.6117353,-15.0,-25.0,-1.3031572178322657
urn:mavedb:00000394-a-1#2119,c.[12C>T;21C>T;36T>C;42C>G;63G>C;67T>C;68C>T;69T>C;72C>T;96C>T;120A>G;123T>C;124G>T;125A>G;126C>T;132C>T;141A>G;165G>A;171T>G;174A>G;177G>A;180G>C;183A>G;186A>G;198G>T],NA,p.[Ser23Leu;Asp42Cys],-0.8674261823863285,-0.8849508584822146,-0.8263854136749529,0.0336742375946265,-1.5942678,0.8504661884007437,0.8215118978492892,0.917251387847486
urn:mavedb:00000394-a-1#2120,c.[3C>T;6T>G;21C>T;36T>C;42C>G;67T>C;68C>T;69T>G;72C>T;114C>T;120A>G;123T>C;124G>C;125A>T;126C>G;141A>G;165G>A;168G>A;177G>A],NA,p.[Ser23Leu;Asp42Leu],-1.6276774812212786,-1.671876941609879,-1.5880868036469264,0.0505254844474828,-1.6037731,-15.0,-25.0,-1.9155891001607863
urn:mavedb:00000394-a-1#2121,c.[12C>T;21C>T;36T>C;42C>G;60T>C;67T>C;68C>T;69T>G;72C>T;78C>T;114C>T;123T>C;124G>C;125A>T;126C>G;141A>G;144C>T;165G>A;168G>A;171T>G;174A>G;177G>A;186A>G;198G>T;207T>C],NA,p.[Ser23Leu;Asp42Leu],-1.2377465763918734,-1.2878413130346047,-1.1969972542703151,0.0398446302942755,-1.6242347,0.2095571441487611,0.0909923669580906,0.2991040163968579
urn:mavedb:00000394-a-1#2122,c.[3C>T;6T>G;21C>T;36T>C;42C>G;67T>C;68C>T;69T>G;72C>T;87T>C;120A>G;123T>C;125A>T;126C>T;141A>G;165G>A;171T>G;174A>G;177G>A],NA,p.[Ser23Leu;Asp42Val],-1.6949460170401371,-1.7560257132503905,-1.646148193272343,0.0579043486338723,-1.5873961,-15.0,-25.0,-5.0
urn:mavedb:00000394-a-1#2123,c.[3C>T;6T>G;21C>T;36T>C;42C>G;57T>G;67T>C;68C>T;69T>G;72C>T;120A>G;123T>C;124G>A;125A>T;165G>A;171T>G;177G>A],NA,p.[Ser23Leu;Asp42Ile],-1.6555476638660849,-1.7518336718696843,-1.5870508359429516,0.0535697909279459,-1.5935884,-15.0,-25.0,-2.429353359644156
urn:mavedb:00000394-a-1#2124,c.[3C>T;6T>G;21C>T;36T>C;42C>G;67T>C;68C>T;69T>G;72C>T;120A>G;123T>C;124G>T;125A>G;126C>G;141A>G;165G>A;168G>A;171T>G;174A>G;180G>C;198G>T;207T>C],NA,p.[Ser23Leu;Asp42Trp],-1.2975623136230534,-1.3462452756551364,-1.2522187432660032,0.0377192992812511,-1.6147408,0.0424518065180605,-0.0903373658985196,0.154149169104983
urn:mavedb:00000394-a-1#2125,c.[3C>T;6T>G;21C>T;36T>C;42C>G;67T>C;68C>T;69T>G;72C>T;120A>G;123T>C;124G>T;141A>G;165G>A;171T>G;177G>A],NA,p.[Ser23Leu;Asp42Tyr],-1.4528192260997723,-1.4942589768246852,-1.4047391461925705,0.052398532706703,-1.6066394,-0.4961979091830498,-0.7073451339856133,-0.3041457434887471
urn:mavedb:00000394-a-1#2126,c.[6T>G;9G>A;12C>T;21C>T;36T>C;42C>G;67T>C;68C>T;69T>G;72C>T;120A>G;123T>C;124G>T;125A>T;141A>G;165G>A;171T>G;174A>G;198G>T],NA,p.[Ser23Leu;Asp42Phe],-1.3034958249408013,-1.3492895798931344,-1.2688430269509068,0.0472214471728697,-1.61273,0.0218013976810792,-0.10507995794743,0.1094254463505883
urn:mavedb:00000394-a-1#2127,c.[21C>T;36T>C;42C>G;67T>C;68C>T;69T>G;72C>T;120A>G;124G>C;125A>C;126C>G;165G>A;171T>G;174A>G;195G>A;207T>C],NA,p.[Ser23Leu;Asp42Pro],-1.518232997606909,-1.6010541116121553,-1.4482339386800551,0.0459587068771126,-1.562562,-1.2937004849516796,-25.0,-0.6960157860243888
urn:mavedb:00000394-a-1#2128,c.[3C>T;6T>G;21C>T;36T>C;42C>G;67T>G;68C>T;72C>T;75C>T;78C>T;120A>G;123T>C;124G>C;126C>G;132C>T;135C>T;150C>T],NA,p.[Ser23Val;Asp42Gln],-1.7759188401986226,-1.812930751471252,-1.7217591655269815,0.0465798459844059,-1.5817633,-15.0,-25.0,-5.0
urn:mavedb:00000394-a-1#2129,c.[3C>T;21C>T;36T>C;42C>G;67T>G;68C>T;72C>T;75C>T;102T>C;111G>C;120A>G;123T>C;126C>A;141A>G;171T>G;174A>G],NA,p.[Ser23Val;Asp42Glu],-1.6671024667806662,-1.7326122533462551,-1.5520131339528096,0.0453910698338756,-1.5439444,-15.0,-25.0,-5.0
urn:mavedb:00000394-a-1#2130,c.[21C>T;36T>C;42C>G;67T>G;68C>T;72C>T;75C>T;102T>C;120A>G;123T>C;124G>A;129G>A;135C>T;141A>G;165G>A;168G>A;171T>G;177G>A;180G>C;198G>T],NA,p.[Ser23Val;Asp42Asn],-1.6210296708969751,-1.6772219422643393,-1.5702503628199136,0.0503691328625588,-1.5695176,-15.0,-25.0,-5.0
urn:mavedb:00000394-a-1#2131,c.[21C>T;36T>C;42C>G;67T>G;68C>T;72C>T;75C>T;87T>C;99G>C;102T>C;111G>C;120A>G;123T>C;124G>C;135C>T;141A>G;165G>A;171T>G;174A>G;177G>A],NA,p.[Ser23Val;Asp42His],-1.5242806996942693,-1.6110195732931067,-1.4556213496713382,0.0497700754542503,-1.5657215,-1.3347380610610966,-25.0,-0.7208168660173662
urn:mavedb:00000394-a-1#2132,c.[6T>G;9G>A;21C>T;36T>C;39C>T;42C>G;48C>T;63G>C;67T>G;68C>T;75C>T;90T>C;99G>C;120A>G;123T>C;124G>C;125A>G;126C>T;132C>T;135C>T;141A>G;165G>A;168G>A;171T>G;174A>G;177G>A],NA,p.[Ser23Val;Asp42Arg],-1.8785264525313896,-1.938877258572792,-1.828565199286559,0.0573114641002679,-1.5766916,-15.0,-25.0,-5.0
urn:mavedb:00000394-a-1#2133,c.[21C>T;36T>C;42C>G;67T>G;68C>T;120A>G;123T>C;124G>A;126C>A;135C>T;138T>C;141A>G;150C>T;165G>A;171T>G;174A>G;177G>A;186A>G],NA,p.[Ser23Val;Asp42Lys],-1.7789375062170272,-1.8423078994026016,-1.732576153445391,0.0487725223049146,-1.5658703,-15.0,-25.0,-5.0
urn:mavedb:00000394-a-1#2134,c.[6T>G;9G>A;12C>T;21C>T;36T>C;42C>G;67T>G;68C>T;120A>G;123T>C;124G>A;125A>C;126C>T;132C>T;165G>A;168G>A;174A>G;180G>C],NA,p.[Ser23Val;Asp42Thr],-1.7261169185771803,-1.7871976380290957,-1.668923462876258,0.049696250461345,-1.5775809,-15.0,-25.0,-5.0
urn:mavedb:00000394-a-1#2135,c.[21C>T;36T>C;42C>G;67T>G;68C>T;120A>G;123T>C;124G>T;125A>C;126C>T;141A>G;144C>T;177G>A;180G>C;192C>T;195G>A;207T>C],NA,p.[Ser23Val;Asp42Ser],-1.68054344377602,-1.7216776436004997,-1.6348155225060903,0.047966163320401,-1.5721111,-15.0,-25.0,-5.0
urn:mavedb:00000394-a-1#2136,c.[3C>T;21C>T;36T>C;42C>G;67T>G;68C>T;78C>T;102T>C;120A>G;125A>C;126C>G;138T>C;141A>G;165G>A;171T>G;174A>G;177G>A],NA,p.[Ser23Val;Asp42Ala],-1.6505282013849532,-1.7401064134614277,-1.566791779962848,0.0570230954706728,-1.5821376,-15.0,-25.0,-1.928543156191583
urn:mavedb:00000394-a-1#2137,c.[21C>T;36T>C;42C>G;66G>A;67T>G;68C>T;123T>C;125A>G;126C>T;138T>C;141A>G;165G>A;171T>G;174A>G;177G>A;198G>T],NA,p.[Ser23Val;Asp42Gly],-1.5525641236074577,-1.6210808385251054,-1.4918722126375774,0.0495967419810844,-1.5703564,-1.8411031230454395,-25.0,-0.9390229642835094
urn:mavedb:00000394-a-1#2138,c.[21C>T;36T>C;42C>G;67T>G;68C>T;120A>G;123T>C;124G>A;125A>T;126C>G;165G>A;168G>A;177G>A;198G>T],NA,p.[Ser23Val;Asp42Met],-1.6679429779592132,-1.7104153443877146,-1.5929229753575658,0.054362354694712,-1.6046557,-15.0,-25.0,-2.086678741892147
urn:mavedb:00000394-a-1#2139,c.[6T>G;9G>A;12C>T;21C>T;36T>C;42C>G;57T>G;67T>G;68C>T;72C>T;75C>T;120A>G;123T>C;124G>T;125A>G;129G>A;141A>G;165G>A;171T>G;174A>G;177G>A;198G>T],NA,p.[Ser23Val;Asp42Cys],-0.7241740953573446,-0.7489880506388226,-0.6836972145759147,0.0523963664270024,-1.5869226,1.0669761334815833,1.0283707382041507,1.1292146167385764
urn:mavedb:00000394-a-1#2140,c.[3C>T;6T>G;21C>T;36T>C;42C>G;67T>G;68C>T;120A>G;123T>C;124G>C;125A>T;126C>G;141A>G;171T>G;174A>G;177G>A;198G>T],NA,p.[Ser23Val;Asp42Leu],-1.6330345819534022,-1.7035719903621294,-1.5827929821330682,0.0452865622338271,-1.5965705,-15.0,-25.0,-1.9921249424698808
urn:mavedb:00000394-a-1#2141,c.[21C>T;36T>C;42C>G;67T>G;68C>T;72C>T;75C>T;84C>T;120A>G;123T>C;125A>T;126C>T;138T>C;141A>G;144C>T;165G>A;171T>G;177G>A;198G>T],NA,p.[Ser23Val;Asp42Val],-1.7447155666530954,-1.7849818905315609,-1.6816248074274942,0.0567478316037011,-1.5799522,-15.0,-25.0,-5.0
urn:mavedb:00000394-a-1#2142,c.[21C>T;36T>C;42C>G;51C>T;57T>G;67T>G;68C>T;72C>T;75C>T;120A>G;123T>C;124G>A;125A>T;165G>A;168G>A;171T>G;174A>G;180G>C],NA,p.[Ser23Val;Asp42Ile],-1.669908929356288,-1.7367927077142702,-1.603078871787804,0.0508278218974952,-1.5862331,-15.0,-25.0,-5.0
urn:mavedb:00000394-a-1#2143,c.[3C>T;6T>G;21C>T;36T>C;42C>G;67T>G;68C>T;69T>G;72C>T;78C>T;87T>C;99G>C;102T>C;111G>C;120A>G;124G>T;125A>G;126C>G;135C>T;138T>C;141A>G;165G>A;171T>G;174A>G;177G>A;198G>T;207T>C],NA,p.[Ser23Val;Asp42Trp],-1.2854508361304688,-1.350858773765581,-1.2258298298323556,0.0588417483762684,-1.6077089,0.0554738089336134,-0.1246116541086441,0.1990761020282743
urn:mavedb:00000394-a-1#2144,c.[3C>T;6T>G;21C>T;36T>C;42C>G;67T>G;68C>T;72C>T;75C>T;120A>G;123T>C;124G>T;165G>A;171T>G;195G>A],NA,p.[Ser23Val;Asp42Tyr],-1.5133666151957952,-1.5765869737847344,-1.4385713520176646,0.0435340344274829,-1.5994797,-0.879967592082702,-1.6914817080729212,-0.4650479972106643
urn:mavedb:00000394-a-1#2145,c.[21C>T;36T>C;42C>G;51C>T;67T>G;68C>T;72C>T;75C>T;120A>G;123T>C;124G>T;125A>T;138T>C;141A>G;165G>A;171T>G;174A>G],NA,p.[Ser23Val;Asp42Phe],-1.2941113467331589,-1.3801997064453686,-1.2158133219622496,0.0624002447649894,-1.6056657,0.027871170250604,-0.223090881401435,0.217166262509731
urn:mavedb:00000394-a-1#2146,c.[6T>G;9G>A;12C>T;21C>T;36T>C;42C>G;67T>G;68C>T;69T>G;72C>T;78C>T;120A>G;124G>C;125A>C;126C>A;138T>C;141A>G],NA,p.[Ser23Val;Asp42Pro],-1.5747891428238363,-1.633939558360708,-1.5158653436429723,0.0454928584385345,-1.5547867,-15.0,-25.0,-1.3728245101464644
urn:mavedb:00000394-a-1#2147,c.[3C>T;6T>G;36T>C;42C>G;63G>C;67T>G;68C>T;69T>G;99G>C;120A>G;124G>C;125A>C;126C>G;129G>A;141A>G;153A>G;165G>A;168G>A;177G>A;180G>C;198G>T],NA,p.[Ser23Val;Asp42Pro],-1.5004478862348376,-1.5410850322272494,-1.4732807475576812,0.0291440758935708,-1.5772829,-0.9524754580887193,-1.416747360719107,-0.7581061896744569
urn:mavedb:00000394-a-1#2148,c.[3C>T;15A>G;21C>T;36T>C;42C>G;67T>A;68C>T;120A>G;123T>C;124G>C;126C>G;141A>G;171T>G;198G>T],NA,p.[Ser23Ile;Asp42Gln],-1.6847728958101973,-1.7401999909629553,-1.59494130021589,0.0502452726305585,-1.586874,-15.0,-25.0,-5.0
urn:mavedb:00000394-a-1#2149,c.[21C>T;36T>C;42C>G;66G>A;67T>A;68C>T;69T>C;72C>T;120A>G;123T>C;126C>A;141A>G;177G>A],NA,p.[Ser23Ile;Asp42Glu],-1.655628515999931,-1.694455231289288,-1.5488242623291164,0.0385086126626849,-1.5493903,-15.0,-25.0,-3.8524042911015295
urn:mavedb:00000394-a-1#2150,c.[6T>G;9G>A;12C>T;21C>T;36T>C;42C>G;66G>A;67T>A;68C>T;69T>C;72C>T;120A>G;123T>C;124G>A;141A>G;165G>A;168G>A;171T>G;174A>G;177G>A],NA,p.[Ser23Ile;Asp42Asn],-1.6460142430049816,-1.7531384047929297,-1.547679801605621,0.043971134598851,-1.5747428,-15.0,-25.0,-1.5916050190289148
urn:mavedb:00000394-a-1#2151,c.[21C>T;36T>C;42C>G;66G>A;67T>A;68C>T;69T>C;72C>T;120A>G;123T>C;124G>C;132C>T;138T>C;141A>G;165G>A;171T>G;174A>G;177G>A],NA,p.[Ser23Ile;Asp42His],-1.4261804396086073,-1.502426476173546,-1.3377775652209878,0.066821696758568,-1.570981,-0.5376086764263107,-1.0242972057488,-0.1978934758485475
urn:mavedb:00000394-a-1#2152,c.[6T>G;9G>A;12C>T;21C>T;36T>C;42C>G;67T>A;68C>T;120A>G;124G>C;125A>G;126C>T;141A>G;165G>A;168G>A;174A>G],NA,p.[Ser23Ile;Asp42Arg],-1.856767973599398,-1.931553781065384,-1.791278273526981,0.0578680381553058,-1.58185,-15.0,-25.0,-5.0
urn:mavedb:00000394-a-1#2153,c.[3C>T;6T>G;21C>T;36T>C;42C>G;66G>A;67T>A;68C>T;69T>C;72C>T;120A>G;123T>C;124G>A;126C>A;141A>G;144C>T;165G>A;171T>G;174A>G;180G>C],NA,p.[Ser23Ile;Asp42Lys],-1.8547991187829944,-1.906702553336593,-1.7708484329713117,0.0524439488815068,-1.5711288,-15.0,-25.0,-5.0
urn:mavedb:00000394-a-1#2154,c.[3C>T;6T>G;21C>T;36T>C;42C>G;66G>A;67T>A;68C>T;69T>C;72C>T;120A>G;123T>C;124G>A;125A>C;126C>T;129G>A;141A>G;177G>A],NA,p.[Ser23Ile;Asp42Thr],-1.7089182238578848,-1.8197098916924408,-1.6451127172809956,0.0469447405395375,-1.5827312,-15.0,-25.0,-5.0
urn:mavedb:00000394-a-1#2155,c.[21C>T;36T>C;42C>G;67T>A;68C>T;120A>G;123T>C;124G>T;125A>C;126C>T;132C>T;138T>C;141A>G;165G>A;171T>G;174A>G;177G>A;180G>C],NA,p.[Ser23Ile;Asp42Ser],-1.6007539619447415,-1.6586173491292815,-1.4991486422215576,0.0447700006790916,-1.5773125,-15.0,-25.0,-0.9416163594283944
urn:mavedb:00000394-a-1#2156,c.[6T>G;9G>A;21C>T;36T>C;42C>G;57T>G;66G>A;67T>A;68C>T;69T>C;72C>T;120A>G;125A>C;126C>G;129G>A;141A>G;153A>G;165G>A;168G>A;177G>A],NA,p.[Ser23Ile;Asp42Ala],-1.7972415840715985,-1.8815406500400995,-1.7197656798312095,0.0418182034733111,-1.5872445,-15.0,-25.0,-5.0
urn:mavedb:00000394-a-1#2157,c.[3C>T;6T>G;21C>T;36T>C;42C>G;63G>C;67T>A;68C>T;120A>G;125A>G;138T>C;141A>G;165G>A;171T>G;174A>G;177G>A;198G>T;207T>C],NA,p.[Ser23Ile;Asp42Gly],-1.4812150712152932,-1.5779215159859716,-1.4385829645062114,0.0447983123350864,-1.5755739,-0.8212294293985932,-25.0,-0.5752636675859696
urn:mavedb:00000394-a-1#2158,c.[6T>G;9G>A;21C>T;36T>C;42C>G;57T>G;67T>A;68C>T;72C>T;75C>T;120A>G;123T>C;124G>A;125A>T;126C>G;165G>A;168G>A;174A>G],NA,p.[Ser23Ile;Asp42Met],-1.6249108426141017,-1.691067320800458,-1.5670779515488416,0.0461902430577748,-1.6095347,-15.0,-25.0,-1.3200063108703974
urn:mavedb:00000394-a-1#2159,c.[12C>T;24C>T;27G>A;30G>C;39C>T;42C>G;66G>A;67T>A;68C>T;69T>C;72C>T;87T>C;120A>G;123T>C;124G>T;125A>G;126C>T;135C>T;141A>G;165G>A;171T>G;174A>G;177G>A],NA,p.[Ser23Ile;Asp42Cys],-0.76678496635472,-0.7847494475824996,-0.7477300822280817,0.0257759963380547,-1.5919828,1.008407351269753,0.9800794770630172,1.0382311563328157
urn:mavedb:00000394-a-1#2160,c.[3C>T;6T>G;15A>G;36T>C;42C>G;57T>G;63G>C;67T>A;68C>T;75C>T;120A>G;123T>C;124G>C;125A>T;126C>G;129G>A;141A>G;165G>A;168G>A;174A>G],NA,p.[Ser23Ile;Asp42Leu],-1.7070578636925826,-1.7582807825377702,-1.6581382833204907,0.0488682223342936,-1.6015334,-15.0,-25.0,-5.0
urn:mavedb:00000394-a-1#2161,c.[21C>T;36T>C;42C>G;67T>A;68C>T;123T>C;125A>T;126C>T;138T>C;141A>G;165G>A;171T>G;174A>G;177G>A;183A>G;198G>T],NA,p.[Ser23Ile;Asp42Val],-1.6785091092940343,-1.7239678468965962,-1.6027159043985857,0.0607640685899792,-1.5850801,-15.0,-25.0,-5.0
urn:mavedb:00000394-a-1#2162,c.[21C>T;36T>C;42C>G;66G>A;67T>A;68C>T;69T>C;72C>T;120A>G;123T>C;124G>A;125A>T;141A>G;177G>A],NA,p.[Ser23Ile;Asp42Ile],-1.6835288122537522,-1.7666326992667931,-1.611056008145491,0.0457177377186625,-1.591301,-15.0,-25.0,-5.0
urn:mavedb:00000394-a-1#2163,c.[21C>T;36T>C;42C>G;66G>A;67T>A;68C>T;69T>C;72C>T;120A>G;123T>C;124G>T;125A>G;126C>G;129G>A;141A>G;165G>A;171T>G;174A>G;177G>A],NA,p.[Ser23Ile;Asp42Trp],-1.3229838997811634,-1.365497797248769,-1.2194122449642315,0.0537700009783998,-1.6125546,-0.0309353486039541,-0.1543298322386921,0.2245620036525135
urn:mavedb:00000394-a-1#2164,c.[21C>T;36T>C;42C>G;67T>A;68C>T;120A>G;123T>C;124G>T;126C>T;138T>C;141A>G;144C>T;177G>A;198G>T],NA,p.[Ser23Ile;Asp42Tyr],-1.4561659058873289,-1.5162182432100737,-1.3706120382139206,0.0539309604321231,-1.604413,-0.5215392859893933,-0.8646775011107681,-0.195980823023084
urn:mavedb:00000394-a-1#2165,c.[3C>T;6T>G;21C>T;36T>C;42C>G;67T>A;68C>T;120A>G;123T>C;124G>T;125A>T;165G>A;168G>A;171T>G;174A>G;177G>A],NA,p.[Ser23Ile;Asp42Phe],-1.3270136965256365,-1.3858969219218114,-1.2628695110127155,0.0493794187885441,-1.6105342,-0.0476639670518954,-0.2258285892589069,0.1186173905612816
urn:mavedb:00000394-a-1#2166,c.[21C>T;36T>C;42C>G;67T>A;68C>T;120A>G;124G>C;125A>C;126C>G;141A>G;165G>A;171T>G;180G>C;198G>T],NA,p.[Ser23Ile;Asp42Pro],-1.6757816955436142,-1.7214080991354248,-1.6186329500596293,0.0378181913342231,-1.560142,-15.0,-25.0,-5.0
urn:mavedb:00000394-a-1#2167,c.[3C>T;6T>G;21C>T;36T>C;42C>G;68C>G;69T>G;72C>T;120A>G;123T>C;124G>C;126C>G;141A>G;174A>G;198G>T;207T>C],NA,p.[Ser23Trp;Asp42Gln],-1.4179134253645151,-1.4781951458742628,-1.355094219229519,0.05286356098955,-1.6136875,-0.326420953759823,-0.5827021417686848,-0.1194110371702468
urn:mavedb:00000394-a-1#2168,c.[21C>T;36T>C;42C>G;68C>G;69T>G;120A>G;123T>C;126C>A;138T>C;141A>G;165G>A;168G>A;177G>A;198G>T],NA,p.[Ser23Trp;Asp42Glu],-1.2303620081418574,-1.2918772316825722,-1.1773426804975788,0.0487365143872028,-1.5781035,0.118811344796696,-0.0401448337125814,0.2415568248616249
urn:mavedb:00000394-a-1#2169,c.[3C>T;6T>G;21C>T;36T>C;42C>G;68C>G;69T>G;72C>T;120A>G;123T>C;124G>A;141A>G;165G>A;168G>A;171T>G;174A>G;177G>A;180G>C],NA,p.[Ser23Trp;Asp42Asn],-1.1949976376934508,-1.2160880716577016,-1.144580625880672,0.0481195834467949,-1.6022043,0.2557685487956693,0.2087195293410322,0.3626464257166612
urn:mavedb:00000394-a-1#2170,c.[3C>T;6T>G;21C>T;36T>C;42C>G;68C>G;69T>G;120A>G;123T>C;124G>C;141A>G;171T>G;174A>G;177G>A;198G>T],NA,p.[Ser23Trp;Asp42His],-1.0937276674779433,-1.1630836561762734,-1.0444231146305998,0.043451814093885,-1.5986371,0.4569857668988456,0.3167520279590461,0.5504966744596721
urn:mavedb:00000394-a-1#2171,c.[21C>T;39C>T;42C>G;68C>G;69T>G;120A>G;124G>C;125A>G;126C>T;165G>A;168G>A;171T>G;174A>G;177G>A;180G>C],NA,p.[Ser23Trp;Asp42Arg],-1.736743177281696,-1.817664412896174,-1.6604876351128586,0.0632646504262948,-1.6089363,-15.0,-25.0,-5.0
urn:mavedb:00000394-a-1#2172,c.[6T>G;9G>A;12C>T;21C>T;36T>C;42C>G;68C>G;69T>G;72C>T;120A>G;123T>C;124G>A;126C>A;165G>A;171T>G;174A>G;177G>A;198G>T;207T>C],NA,p.[Ser23Trp;Asp42Lys],-1.5504843745685186,-1.611829837979711,-1.5069774457219185,0.0516803322836785,-1.5987768,-1.2413422275447448,-25.0,-0.8389527644774755
urn:mavedb:00000394-a-1#2173,c.[3C>T;6T>G;21C>T;36T>C;42C>G;68C>G;69T>G;72C>T;102T>C;120A>G;124G>A;125A>C;126C>T;141A>G;165G>A;171T>G;174A>G;177G>A;198G>T],NA,p.[Ser23Trp;Asp42Thr],-1.4637564972996515,-1.5200282639801856,-1.4118309001297678,0.0616842618673174,-1.6097698,-0.531922040587819,-0.8535258903935937,-0.3184872612448441
urn:mavedb:00000394-a-1#2174,c.[6T>G;9G>A;21C>T;36T>C;42C>G;60T>C;68C>G;69T>G;120A>G;123T>C;124G>T;125A>C;126C>T;141A>G;165G>A;171T>G;174A>G;177G>A],NA,p.[Ser23Trp;Asp42Ser],-1.1358105161106655,-1.1640101215795264,-1.09478048136762,0.051695996844057,-1.6046395,0.3854677387441648,0.3274218545902715,0.4665778712395722
urn:mavedb:00000394-a-1#2175,c.[21C>T;39C>T;42C>G;68C>G;69T>G;120A>G;125A>C;126C>G;153A>G;165G>A;168G>A;177G>A],NA,p.[Ser23Trp;Asp42Ala],-1.406947498526733,-1.4650829828811434,-1.3611019152262882,0.0495310923161433,-1.6140375,-0.2856894664185817,-0.5182801923305593,-0.1363893104028756
urn:mavedb:00000394-a-1#2176,c.[3C>T;6T>G;12C>T;21C>T;36T>C;42C>G;68C>G;69T>G;120A>G;123T>C;125A>G;129G>A;141A>G;144C>T;165G>A;171T>G;174A>G;177G>A],NA,p.[Ser23Trp;Asp42Gly],-0.9464084327319184,-1.089292558632706,-0.8746488189911186,0.0534952116545274,-1.6029925,0.7325928604722992,0.4739899046893076,0.8529302325897229
urn:mavedb:00000394-a-1#2177,c.[3C>T;6T>G;21C>T;36T>C;42C>G;68C>G;69T>G;78C>T;120A>G;123T>C;124G>A;125A>T;126C>G;138T>C;141A>G;174A>G],NA,p.[Ser23Trp;Asp42Met],-1.3312834824024662,-1.3983697670880413,-1.2832167172905968,0.0566841053651888,-1.635036,0.0073347428907854,-0.1868356978650961,0.1286453398645342
urn:mavedb:00000394-a-1#2178,c.[6T>G;9G>A;21C>T;36T>C;42C>G;60T>C;68C>G;69T>G;72C>T;84C>T;120A>G;124G>T;125A>G;141A>G;165G>A;171T>G;174A>G;177G>A],NA,p.[Ser23Trp;Asp42Cys],-0.647958034427552,-0.6615633908834905,-0.6307513000602506,0.0291194792993958,-1.6185122,1.2309393755139562,1.2105405167886734,1.256629410602162
urn:mavedb:00000394-a-1#2179,c.[3C>T;6T>G;21C>T;36T>C;42C>G;63G>C;68C>G;69T>G;72C>T;120A>G;123T>C;124G>C;125A>T;126C>G;132C>T;135C>T;141A>G;144C>T;168G>A;174A>G],NA,p.[Ser23Trp;Asp42Leu],-1.267319972314262,-1.2976419309056135,-1.230442731286489,0.0499571920753776,-1.6275139,0.1486411228407385,0.0747297819067709,0.2333424801004121
urn:mavedb:00000394-a-1#2180,c.[3C>T;6T>G;21C>T;36T>C;42C>G;68C>G;69T>G;120A>G;123T>C;125A>T;126C>G;129G>A;138T>C;141A>G;165G>A;168G>A;174A>G;207T>C],NA,p.[Ser23Trp;Asp42Val],-1.4505630101061149,-1.5036796581054193,-1.3964263137237731,0.0561011316295092,-1.6119914,-0.4628096427975113,-0.7315663689464661,-0.2563078551325166
urn:mavedb:00000394-a-1#2181,c.[12C>T;36T>C;42C>G;68C>G;69T>G;72C>T;120A>G;123T>C;124G>A;125A>T;138T>C;141A>G;171T>G;174A>G;177G>A],NA,p.[Ser23Trp;Asp42Ile],-1.352196646925491,-1.44883785417972,-1.2777633981992602,0.060110827877197,-1.6178675,-0.0985509193804164,-0.4307253361282676,0.1001537310750756
urn:mavedb:00000394-a-1#2182,c.[3C>T;21C>T;36T>C;42C>G;68C>G;69T>G;72C>T;120A>G;123T>C;124G>T;125A>G;126C>G;141A>G;165G>A;171T>G;174A>G;177G>A],NA,p.[Ser23Trp;Asp42Trp],-0.8682500113950068,-0.8995494153095818,-0.8051532949317804,0.040912588439509,-1.6378708,0.9200244452626616,0.8692623591084471,1.02017151464829
urn:mavedb:00000394-a-1#2183,c.[3C>T;6T>G;12C>T;21C>T;36T>C;42C>G;68C>G;69T>G;120A>G;123T>C;124G>T;165G>A;168G>A;174A>G],NA,p.[Ser23Trp;Asp42Tyr],-1.0978586934666958,-1.1176286047046249,-1.0636985610449332,0.041367755497083,-1.6302233,0.5095932714018542,0.4718511401881733,0.5731731423687892
urn:mavedb:00000394-a-1#2184,c.[3C>T;6T>G;21C>T;36T>C;42C>G;68C>G;69T>G;120A>G;123T>C;124G>T;125A>T;141A>G;165G>A;168G>A;171T>G;174A>G;177G>A;180G>C],NA,p.[Ser23Trp;Asp42Phe],-1.0686982312361963,-1.1283086423712891,-1.0294030469121442,0.0460632314077253,-1.6359744,0.5745480724285968,0.4623223838497528,0.6453859578445524
urn:mavedb:00000394-a-1#2185,c.[21C>T;36T>C;42C>G;68C>G;69T>G;120A>G;124G>C;125A>C;126C>G;129G>A;138T>C;141A>G;165G>A;171T>G;174A>G;177G>A],NA,p.[Ser23Trp;Asp42Pro],-1.177127278008354,-1.2207696877651524,-1.1205213866563872,0.0399306756426313,-1.5883403,0.2645412675773698,0.1660163236036468,0.3834282068843043
urn:mavedb:00000394-a-1#2186,c.[3C>T;15A>G;21C>T;36T>C;42C>G;66G>A;68C>A;69T>C;72C>T;120A>G;123T>C;124G>C;126C>G;132C>T;141A>G;165G>A;171T>G;174A>G;177G>A],NA,p.[Ser23Tyr;Asp42Gln],-1.7126644286086026,-1.7728217604119532,-1.6409191508774206,0.0514371163264708,-1.5993853,-15.0,-25.0,-5.0
urn:mavedb:00000394-a-1#2187,c.[21C>T;36T>C;42C>G;68C>A;72C>T;75C>T;108G>C;123T>C;126C>A;141A>G;177G>A;192C>T;195G>A;207T>C],NA,p.[Ser23Tyr;Asp42Glu],-1.5172099520442432,-1.596679149869324,-1.4422589920661255,0.0551790028159006,-1.5627575,-1.27714440569244,-25.0,-0.6612212477277407
urn:mavedb:00000394-a-1#2188,c.[3C>T;6T>G;21C>T;36T>C;42C>G;66G>A;68C>A;69T>C;72C>T;120A>G;123T>C;124G>A;141A>G;165G>A;168G>A;174A>G],NA,p.[Ser23Tyr;Asp42Asn],-1.43109325679467,-1.4751463805019425,-1.38736232724985,0.0483536410667716,-1.5875459,-0.4844902245210538,-0.7072306400249154,-0.3103298391615795
urn:mavedb:00000394-a-1#2189,c.[9G>A;15A>G;21C>T;36T>C;42C>G;66G>A;68C>A;69T>C;72C>T;120A>G;123T>C;124G>C;138T>C;141A>G;144C>T;171T>G;174A>G;177G>A],NA,p.[Ser23Tyr;Asp42His],-1.4024613119949585,-1.4717279338687643,-1.338865173520291,0.0486735886582246,-1.5838723,-0.3808951311310139,-0.7087259959858688,-0.1606540141707207
urn:mavedb:00000394-a-1#2190,c.[21C>T;36T>C;42C>G;48C>T;66G>A;68C>A;69T>C;72C>T;120A>G;124G>C;125A>G;126C>T;141A>G;165G>A;171T>G;174A>G;177G>A],NA,p.[Ser23Tyr;Asp42Arg],-1.9305237314697647,-2.012541818990584,-1.8637465264315185,0.053814504728055,-1.5944843,-15.0,-25.0,-5.0
urn:mavedb:00000394-a-1#2191,c.[6T>G;9G>A;12C>T;21C>T;36T>C;42C>G;66G>A;68C>A;69T>C;72C>T;120A>G;123T>C;124G>A;126C>A;129G>A;132C>T;138T>C;141A>G;177G>A;198G>T],NA,p.[Ser23Tyr;Asp42Lys],-1.851103221377056,-1.928947719743901,-1.7676428023131112,0.0533684762532215,-1.5840158,-15.0,-25.0,-5.0
urn:mavedb:00000394-a-1#2192,c.[3C>T;21C>T;36T>C;42C>G;66G>A;68C>A;69T>C;72C>T;102T>C;105C>T;120A>G;123T>C;124G>A;125A>C;126C>T;129G>A;141A>G;144C>T;165G>A;168G>A;177G>A],NA,p.[Ser23Tyr;Asp42Thr],-1.6650881731634053,-1.761501709036632,-1.61016067198744,0.0558844889932626,-1.5953445,-15.0,-25.0,-5.0
urn:mavedb:00000394-a-1#2193,c.[6T>G;9G>A;21C>T;36T>C;42C>G;63G>C;66G>A;68C>A;69T>C;120A>G;123T>C;124G>T;125A>C;126C>T;141A>G;165G>A;171T>G;174A>G;177G>A],NA,p.[Ser23Tyr;Asp42Ser],-1.514941878177455,-1.5746921640362732,-1.400372486155126,0.0639547467730792,-1.5900555,-0.9668022572807482,-1.9278706452920948,-0.3491172638119398
urn:mavedb:00000394-a-1#2194,c.[3C>T;6T>G;21C>T;36T>C;42C>G;66G>A;68C>A;69T>C;72C>T;120A>G;125A>C;126C>G;141A>G;150C>T;165G>A;168G>A;171T>G;174A>G;177G>A],NA,p.[Ser23Tyr;Asp42Ala],-1.6642292285951088,-1.7379352839579432,-1.5990518017250464,0.0473935291652648,-1.5997467,-15.0,-25.0,-3.7333630804628095
urn:mavedb:00000394-a-1#2195,c.[3C>T;6T>G;21C>T;36T>C;42C>G;63G>C;68C>A;120A>G;125A>G;129G>A;141A>G;165G>A;171T>G;174A>G;177G>A],NA,p.[Ser23Tyr;Asp42Gly],-1.3141180260781011,-1.4276617730948622,-1.1972999936573283,0.0699188169943665,-1.5883579,-0.073820364600881,-0.4659621965254839,0.2198858904861431
urn:mavedb:00000394-a-1#2196,c.[3C>T;6T>G;21C>T;36T>C;42C>G;68C>A;72C>T;75C>T;120A>G;123T>C;124G>A;125A>T;126C>G;132C>T;141A>G;174A>G;192C>T;195G>A],NA,p.[Ser23Tyr;Asp42Met],-1.7986372135309427,-1.8465606479447567,-1.7141687454902887,0.0613208813621426,-1.6214538,-15.0,-25.0,-5.0
urn:mavedb:00000394-a-1#2197,c.[3C>T;6T>G;12C>T;21C>T;36T>C;42C>G;66G>A;68C>A;69T>C;72C>T;120A>G;123T>C;124G>T;125A>G;141A>G;174A>G],NA,p.[Ser23Tyr;Asp42Cys],-0.8774503290368378,-0.9028384776068882,-0.8617573478058306,0.0456393171371493,-1.6043663,0.850582728873056,0.8085469939143494,0.8762815227716733
urn:mavedb:00000394-a-1#2198,c.[21C>T;36T>C;42C>G;66G>A;68C>A;69T>C;72C>T;120A>G;123T>C;124G>C;125A>T;126C>G;129G>A;138T>C;141A>G;165G>A;171T>G;174A>G;177G>A],NA,p.[Ser23Tyr;Asp42Leu],-1.6042048203768298,-1.681852511358636,-1.5502442695622465,0.0563491208450811,-1.6136689,-2.212830449046429,-25.0,-1.0729261479477308
urn:mavedb:00000394-a-1#2199,c.[3C>T;6T>G;21C>T;36T>C;42C>G;66G>A;68C>A;69T>C;72C>T;78C>T;120A>G;123T>C;125A>T;126C>G;129G>A;141A>G;165G>A;171T>G;174A>G;177G>A],NA,p.[Ser23Tyr;Asp42Val],-1.6772630536418385,-1.7126297109052333,-1.6291650819745622,0.0387532364545961,-1.5976353,-15.0,-25.0,-5.0
urn:mavedb:00000394-a-1#2200,c.[21C>T;36T>C;42C>G;68C>A;120A>G;123T>C;124G>A;125A>T;138T>C;141A>G;165G>A;171T>G;174A>G;177G>A;183A>G],NA,p.[Ser23Tyr;Asp42Ile],-1.517934380772576,-1.6372522603310986,-1.399732065617402,0.0605777692865609,-1.6037006,-0.8825484057752409,-25.0,-0.2967453087871758
urn:mavedb:00000394-a-1#2201,c.[9G>A;21C>T;36T>C;42C>G;60T>C;66G>A;68C>A;69T>C;72C>T;120A>G;123T>C;124G>T;125A>G;126C>G;141A>G;165G>A;168G>A;174A>G;180G>C],NA,p.[Ser23Tyr;Asp42Trp],-1.2700495098831928,-1.3388765731610015,-1.2375270563945948,0.055745420112282,-1.6243901,0.134699274472184,-0.0421282928424052,0.210406586222059
urn:mavedb:00000394-a-1#2202,c.[15A>G;21C>T;36T>C;42C>G;68C>A;72C>T;75C>T;120A>G;123T>C;124G>T;141A>G;144C>T;177G>A;180G>C;198G>T],NA,p.[Ser23Tyr;Asp42Tyr],-1.4433896299917943,-1.490620405007843,-1.3771663817572883,0.0487606493663277,-1.6164713,-0.4141017354404972,-0.6322783870875676,-0.1784790610755541
urn:mavedb:00000394-a-1#2203,c.[21C>T;36T>C;42C>G;66G>A;68C>A;69T>C;72C>T;120A>G;123T>C;124G>T;125A>T;141A>G;144C>T;165G>A;171T>G;174A>G;177G>A;180G>C;183A>G;186A>G;198G>T],NA,p.[Ser23Tyr;Asp42Phe],-1.336695983520758,-1.399701919888178,-1.2370614730251726,0.0531348188023075,-1.6224251,-0.0415304533126913,-0.2321815837945686,0.2070066731003434
urn:mavedb:00000394-a-1#2204,c.[6T>G;9G>A;12C>T;21C>T;36T>C;42C>G;66G>A;68C>A;69T>C;72C>T;120A>G;124G>C;125A>C;126C>G;129G>A;141A>G;165G>A;168G>A;171T>G;174A>G],NA,p.[Ser23Tyr;Asp42Pro],-1.6087287148187506,-1.6497790799755117,-1.562123272129359,0.0467770333754986,-1.5732765,-15.0,-25.0,-2.116442677423297
urn:mavedb:00000394-a-1#2205,c.[3C>T;6T>G;12C>T;21C>T;68C>T;69T>C;72C>T;120A>G;123T>C;124G>C;126C>G;141A>G;183A>G],NA,p.[Ser23Phe;Asp42Gln],-1.6574138985397289,-1.6976136310973793,-1.588497503088962,0.0579854949422534,-1.6065207,-15.0,-25.0,-1.8334727354486504
urn:mavedb:00000394-a-1#2206,c.[3C>T;6T>G;21C>T;36T>C;42C>G;68C>T;69T>C;72C>T;120A>G;123T>C;126C>A;165G>A;171T>G;174A>G;207T>C],NA,p.[Ser23Phe;Asp42Glu],-1.5294316012713944,-1.5806722895830865,-1.4647042453544783,0.0444149757296845,-1.570404,-1.3416494458442756,-25.0,-0.7475350513557304
urn:mavedb:00000394-a-1#2207,c.[6T>G;9G>A;21C>T;36T>C;42C>G;63G>C;68C>T;69T>C;72C>T;120A>G;123T>C;124G>A;165G>A;171T>G;174A>G;186A>G;198G>T],NA,p.[Ser23Phe;Asp42Asn],-1.4472732073541534,-1.480435590725951,-1.4020975869371668,0.0429455727798817,-1.5948558,-0.5246124491594722,-0.6954889374025366,-0.3375861552747508
urn:mavedb:00000394-a-1#2208,c.[3C>T;6T>G;21C>T;36T>C;42C>G;68C>T;69T>C;72C>T;120A>G;123T>C;124G>C;141A>G;165G>A;168G>A;174A>G],NA,p.[Ser23Phe;Asp42His],-1.397414614888435,-1.4537854790235665,-1.3625774493656295,0.04700658783084,-1.5912342,-0.3336393813769565,-0.5730092423559678,-0.212621745189531
urn:mavedb:00000394-a-1#2209,c.[3C>T;6T>G;21C>T;36T>C;42C>G;54G>A;57T>G;68C>T;69T>C;72C>T;120A>G;123T>C;124G>C;125A>G;126C>T;129G>A;141A>G;165G>A;171T>G;174A>G;177G>A],NA,p.[Ser23Phe;Asp42Arg],-1.7263801295202632,-1.7840608900656678,-1.6703338187556591,0.0639300451421141,-1.6016927,-15.0,-25.0,-5.0
urn:mavedb:00000394-a-1#2210,c.[3C>T;6T>G;21C>T;36T>C;42C>G;68C>T;69T>C;72C>T;120A>G;123T>C;124G>A;126C>A;141A>G;165G>A;171T>G;174A>G;177G>A],NA,p.[Ser23Phe;Asp42Lys],-1.806222840588034,-1.8834112474134483,-1.7645661951844085,0.0529199810605427,-1.5913763,-15.0,-25.0,-5.0
urn:mavedb:00000394-a-1#2211,c.[3C>T;6T>G;9G>A;21C>T;36T>C;39C>T;60T>C;68C>T;69T>C;72C>T;120A>G;123T>C;124G>A;125A>C;126C>T;132C>T;141A>G;177G>A],NA,p.[Ser23Phe;Asp42Thr],-1.688415223469035,-1.7216297919805346,-1.6371306598843005,0.0555050248651599,-1.6025395,-15.0,-25.0,-5.0
urn:mavedb:00000394-a-1#2212,c.[21C>T;36T>C;42C>G;54G>A;68C>T;69T>C;72C>T;120A>G;123T>C;124G>T;125A>C;126C>T;162G>C;165G>A;168G>A;177G>A],NA,p.[Ser23Phe;Asp42Ser],-1.5803422360713228,-1.658344605245679,-1.510836502128728,0.0540133647207788,-1.5973287,-1.8685296248483712,-25.0,-0.8771578848667752
urn:mavedb:00000394-a-1#2213,c.[6T>G;9G>A;12C>T;21C>T;36T>C;42C>G;68C>T;69T>C;72C>T;120A>G;125A>C;126C>G;138T>C;141A>G;165G>A;171T>G],NA,p.[Ser23Phe;Asp42Ala],-1.7376180043163894,-1.802041552122888,-1.6602151267487577,0.0494389518912197,-1.6068754,-15.0,-25.0,-5.0
urn:mavedb:00000394-a-1#2214,c.[21C>T;39C>T;68C>T;69T>C;72C>T;125A>G;126C>T;171T>G;174A>G;177G>A],NA,p.[Ser23Phe;Asp42Gly],-1.4187078053354707,-1.479397635227336,-1.3526854574479463,0.0471296484707433,-1.5956554,-0.3985312572883697,-0.684966888470526,-0.1669864263168179
urn:mavedb:00000394-a-1#2215,c.[3C>T;6T>G;21C>T;36T>C;42C>G;68C>T;72C>T;75C>T;120A>G;123T>C;124G>A;125A>T;126C>G;138T>C;141A>G;165G>A;168G>A;171T>G;174A>G;177G>A],NA,p.[Ser23Phe;Asp42Met],-1.604026646303657,-1.6856947322784166,-1.530905153211388,0.0603655102477127,-1.6282353,-1.6581812931107054,-25.0,-0.8011966811517958
urn:mavedb:00000394-a-1#2216,c.[15A>G;21C>T;36T>C;42C>G;63G>C;68C>T;69T>C;120A>G;123T>C;124G>T;125A>G;135C>T;141A>G;165G>A;168G>A;177G>A],NA,p.[Ser23Phe;Asp42Cys],-0.6469085745258678,-0.7038631957966583,-0.6156109320905017,0.0497141358893752,-1.6114244,1.2219021943736887,1.1358100695140585,1.2686191836799847
urn:mavedb:00000394-a-1#2217,c.[3C>T;6T>G;21C>T;36T>C;42C>G;63G>C;68C>T;69T>C;72C>T;120A>G;123T>C;124G>C;125A>T;126C>G;141A>G;168G>A;171T>G;180G>C],NA,p.[Ser23Phe;Asp42Leu],-1.5770968065182769,-1.6701920615679404,-1.5412482122960744,0.0552583106002211,-1.6205802,-1.3054525249646047,-25.0,-0.9322143964926728
urn:mavedb:00000394-a-1#2218,c.[3C>T;6T>G;21C>T;36T>C;42C>G;57T>G;68C>T;69T>C;72C>T;84C>T;90T>C;120A>G;123T>C;125A>T;126C>T;141A>G;162G>C;165G>A;168G>A;177G>A;198G>T],NA,p.[Ser23Phe;Asp42Val],-1.660545544011688,-1.718823172964458,-1.604360505181462,0.0546749835705593,-1.6047969,-15.0,-25.0,-4.003362785100499
urn:mavedb:00000394-a-1#2219,c.[3C>T;6T>G;21C>T;36T>C;42C>G;68C>T;69T>C;72C>T;120A>G;123T>C;124G>A;125A>T;141A>G;171T>G;177G>A;180G>C],NA,p.[Ser23Phe;Asp42Ile],-1.4945085661571402,-1.5567852846243275,-1.4342942472260347,0.0692165432064335,-1.6107693,-0.6849520852064171,-1.1728481508860382,-0.4004215752993667
urn:mavedb:00000394-a-1#2220,c.[21C>T;39C>T;42C>G;68C>T;69T>C;72C>T;120A>G;123T>C;124G>T;125A>G;126C>G;138T>C;141A>G;165G>A;168G>A;177G>A],NA,p.[Ser23Phe;Asp42Trp],-1.1534383508564292,-1.2131020592853057,-1.11306756104012,0.0526585880884263,-1.6311212,0.4032788510205524,0.2793099293386503,0.4823464700330195
urn:mavedb:00000394-a-1#2221,c.[3C>T;6T>G;21C>T;36T>C;42C>G;68C>T;69T>C;72C>T;120A>G;123T>C;124G>T;141A>G;177G>A;198G>T;207T>C],NA,p.[Ser23Phe;Asp42Tyr],-1.3906572941603126,-1.4537758163870391,-1.3428719582197195,0.0450193586688509,-1.6233363,-0.1995902556982279,-0.428529999357008,-0.0562130795615697
urn:mavedb:00000394-a-1#2222,c.[21C>T;36T>C;42C>G;68C>T;69T>C;72C>T;120A>G;123T>C;124G>T;125A>T;165G>A;171T>G;177G>A],NA,p.[Ser23Phe;Asp42Phe],-1.3513989023082358,-1.380589119096449,-1.3012857414425705,0.048372838590661,-1.6291909,-0.0637419047683773,-0.1495875273582676,0.0697829611416328
urn:mavedb:00000394-a-1#2223,c.[3C>T;6T>G;21C>T;36T>C;42C>G;63G>C;68C>T;69T>C;72C>T;120A>G;124G>C;125A>C;126C>G;129G>A;141A>G;150C>T;165G>A;168G>A;171T>G;177G>A],NA,p.[Ser23Phe;Asp42Pro],-1.5936601860378992,-1.6478744145921185,-1.5328582550955951,0.043181588737608,-1.5807843,-15.0,-25.0,-1.2460063224131437
urn:mavedb:00000394-a-1#2224,c.[6T>G;9G>A;21C>T;36T>C;42C>G;51C>T;57T>G;66G>A;67T>C;69T>G;72C>T;120A>G;123T>C;124G>C;126C>G;135C>T;153A>G;165G>A;171T>G;174A>G],NA,p.[Ser23Pro;Asp42Gln],-1.72517664706715,-1.7835832111664014,-1.6505059684439254,0.0474921121525057,-1.5795097,-15.0,-25.0,-5.0
urn:mavedb:00000394-a-1#2225,c.[3C>T;6T>G;21C>T;36T>C;42C>G;67T>C;69T>A;72C>T;120A>G;123T>C;126C>G;138T>C;141A>G;198G>T],NA,p.[Ser23Pro;Asp42Glu],-1.628875411172955,-1.6908569307815755,-1.560545764652082,0.0385966757197138,-1.5415454,-15.0,-25.0,-5.0
urn:mavedb:00000394-a-1#2226,c.[3C>T;6T>G;21C>T;36T>C;42C>G;63G>C;66G>A;67T>C;69T>G;72C>T;120A>G;123T>C;124G>A;138T>C;141A>G;174A>G;207T>C],NA,p.[Ser23Pro;Asp42Asn],-1.6024806033440568,-1.6619306681087962,-1.5576544766823834,0.0470645909146577,-1.5672145,-15.0,-25.0,-2.206910742847769
urn:mavedb:00000394-a-1#2227,c.[3C>T;6T>G;21C>T;36T>C;42C>G;66G>A;67T>C;69T>G;72C>T;120A>G;123T>C;124G>C;141A>G;144C>T;165G>A;171T>G;174A>G;177G>A],NA,p.[Ser23Pro;Asp42His],-1.5914766621441443,-1.6630202398243914,-1.5302219617224873,0.0478185396776068,-1.5634041,-15.0,-25.0,-1.4692399055602137
urn:mavedb:00000394-a-1#2228,c.[12C>T;21C>T;36T>C;42C>G;67T>C;69T>A;72C>T;120A>G;124G>C;125A>G;126C>T;138T>C;141A>G;144C>T;180G>C],NA,p.[Ser23Pro;Asp42Arg],-1.8097914192151343,-1.8690202350012937,-1.7398324452745442,0.0581648152353709,-1.5744171,-15.0,-25.0,-5.0
urn:mavedb:00000394-a-1#2229,c.[21C>T;36T>C;42C>G;66G>A;67T>C;69T>G;72C>T;120A>G;123T>C;124G>A;126C>A;141A>G;165G>A;171T>G;174A>G;177G>A],NA,p.[Ser23Pro;Asp42Lys],-1.8368256074262903,-1.8685815681115097,-1.779693726066803,0.0491961066448175,-1.5635533,-15.0,-25.0,-5.0
urn:mavedb:00000394-a-1#2230,c.[21C>T;39C>T;42C>G;66G>A;67T>C;69T>G;72C>T;120A>G;123T>C;124G>A;125A>C;126C>T;129G>A;138T>C;141A>G;165G>A;168G>A;171T>G;174A>G],NA,p.[Ser23Pro;Asp42Thr],-1.6863291931547024,-1.781234948141232,-1.5878031536823696,0.0529673890737484,-1.5753102,-15.0,-25.0,-5.0
urn:mavedb:00000394-a-1#2231,c.[6T>G;9G>A;12C>T;21C>T;36T>C;42C>G;66G>A;67T>C;69T>G;72C>T;120A>G;123T>C;124G>T;125A>C;126C>T;135C>T;138T>C;141A>G;165G>A;168G>A;174A>G],NA,p.[Ser23Pro;Asp42Ser],-1.6575254686774192,-1.7575941307455192,-1.60318493882556,0.046816707944707,-1.5698185,-15.0,-25.0,-5.0
urn:mavedb:00000394-a-1#2232,c.[3C>T;6T>G;21C>T;36T>C;42C>G;67T>C;69T>A;72C>T;120A>G;125A>C;126C>G;141A>G;147G>C;156T>C;165G>A;168G>A;174A>G],NA,p.[Ser23Pro;Asp42Ala],-1.787386090505879,-1.8483834025951549,-1.7417857014577838,0.0466085963713657,-1.5798855,-15.0,-25.0,-5.0
urn:mavedb:00000394-a-1#2233,c.[3C>T;12C>T;21C>T;36T>C;42C>G;66G>A;67T>C;69T>G;72C>T;123T>C;125A>G;126C>T;138T>C;141A>G;165G>A;171T>G;174A>G;177G>A;180G>C;183A>G;198G>T],NA,p.[Ser23Pro;Asp42Gly],-1.6047488451433878,-1.682540007044236,-1.5447557708795945,0.0437000169699268,-1.5680566,-15.0,-25.0,-1.6809546483881816
urn:mavedb:00000394-a-1#2234,c.[9G>A;21C>T;36T>C;42C>G;63G>C;67T>C;69T>A;72C>T;120A>G;123T>C;124G>A;125A>T;126C>G;138T>C;141A>G;165G>A;168G>A;174A>G],NA,p.[Ser23Pro;Asp42Met],-1.71573202243694,-1.783454743684457,-1.6365615863057077,0.0476334081970846,-1.6025028,-15.0,-25.0,-5.0
urn:mavedb:00000394-a-1#2235,c.[6T>G;9G>A;12C>T;21C>T;36T>C;42C>G;67T>C;69T>A;72C>T;123T>C;124G>T;125A>G;132C>T;141A>G;174A>G],NA,p.[Ser23Pro;Asp42Cys],-0.9434112627390058,-0.9751598555291788,-0.8615229428294305,0.040664031806923,-1.584691,0.7062404787980741,0.6506552128249065,0.8444249708633255
urn:mavedb:00000394-a-1#2236,c.[3C>T;6T>G;21C>T;36T>C;42C>G;66G>A;67T>C;69T>G;72C>T;120A>G;123T>C;124G>C;125A>T;126C>G;141A>G;165G>A;171T>G;174A>G;177G>A;198G>T],NA,p.[Ser23Pro;Asp42Leu],-1.685905213690252,-1.7435500230408076,-1.62436110006104,0.0412053258643452,-1.5943809,-15.0,-25.0,-5.0
urn:mavedb:00000394-a-1#2237,c.[6T>G;9G>A;12C>T;21C>T;36T>C;42C>G;67T>C;69T>A;72C>T;120A>G;123T>C;125A>T;126C>G;129G>A;141A>G;165G>A;171T>G;174A>G;186A>G;207T>C],NA,p.[Ser23Pro;Asp42Val],-1.8456137581764047,-1.9092412970893384,-1.786575774640976,0.0419589872930233,-1.5776911,-15.0,-25.0,-5.0
urn:mavedb:00000394-a-1#2238,c.[3C>T;6T>G;21C>T;36T>C;42C>G;54G>A;60T>C;63G>C;66G>A;67T>C;69T>G;72C>T;120A>G;123T>C;124G>A;125A>T;141A>G;165G>A;168G>A;177G>A;180G>C;198G>T;207T>C],NA,p.[Ser23Pro;Asp42Ile],-1.7692140272153665,-1.857588586477097,-1.7090687858220843,0.0532867658769666,-1.5839987,-15.0,-25.0,-5.0
urn:mavedb:00000394-a-1#2239,c.[21C>T;27G>A;36T>C;67T>C;69T>A;72C>T;120A>G;123T>C;124G>T;125A>G;126C>G;129G>A;141A>G;165G>A;168G>A],NA,p.[Ser23Pro;Asp42Trp],-1.316075537836057,-1.39125260530671,-1.2127815340345098,0.0607906274067819,-1.6055698,-0.0311437446481867,-0.2605760439333722,0.2237694636023623
urn:mavedb:00000394-a-1#2240,c.[6T>G;9G>A;12C>T;21C>T;36T>C;42C>G;67T>C;69T>A;72C>T;120A>G;123T>C;124G>T;141A>G;171T>G;174A>G;177G>A],NA,p.[Ser23Pro;Asp42Tyr],-1.4693470693593962,-1.5193541953051646,-1.4293732428372343,0.0465641911298178,-1.5973034,-0.6211782363673681,-0.9433616106876072,-0.4352889340104383
urn:mavedb:00000394-a-1#2241,c.[21C>T;36T>C;42C>G;66G>A;67T>C;69T>G;72C>T;120A>G;123T>C;124G>T;125A>T;138T>C;141A>G;177G>A],NA,p.[Ser23Pro;Asp42Phe],-1.3437772616921595,-1.421116789604202,-1.282600957205266,0.0565448408633297,-1.6035175,-0.1160004654348359,-0.3770355953677808,0.0520495689401963
urn:mavedb:00000394-a-1#2242,c.[21C>T;36T>C;42C>G;67T>C;69T>A;72C>T;120A>G;124G>C;125A>C;126C>G;135C>T;141A>G;165G>A;171T>G;174A>G;177G>A],NA,p.[Ser23Pro;Asp42Pro],-1.6359789770249984,-1.686795429347726,-1.583849439749343,0.0470300344415354,-1.5524268,-15.0,-25.0,-5.0
urn:mavedb:00000394-a-1#2243,c.[3C>T;6T>G;21C>T;36T>C;42C>G;49G>C;51C>G;60T>C;120A>G;123T>C;141A>G;165G>A;168G>A;174A>G;181A>C;183A>G;198G>T],NA,p.[Asp17Gln;Lys61Gln],-0.7178498858483289,-0.7364700018453206,-0.702927997647391,0.0273178587226672,-1.5432324,1.0087348019831373,0.9793697244891162,1.0321083152410406
urn:mavedb:00000394-a-1#2244,c.[21C>T;36T>C;42C>G;49G>C;51C>G;54G>A;57T>G;60T>C;120A>G;123T>C;126C>T;138T>C;141A>G;162G>C;165G>A;171T>G;174A>G;177G>A;180G>C;181A>G],NA,p.[Asp17Gln;Lys61Glu],-0.7597139169576981,-0.7800422180451746,-0.7297544507877003,0.0355679087649346,-1.5413303,0.939341825244836,0.9066466583553696,0.9869841135464918
urn:mavedb:00000394-a-1#2245,c.[3C>T;6T>G;21C>T;36T>C;42C>G;49G>C;51C>G;57T>G;120A>G;123T>C;126C>T;141A>G;153A>G;165G>A;168G>A;171T>G;174A>G;177G>A;183A>C],NA,p.[Asp17Gln;Lys61Asn],-1.3694370634535766,-1.4086181356057377,-1.311277597358438,0.0353853913461472,-1.5431066,-0.4117042567173363,-0.5877098962217644,-0.2023159174463677
urn:mavedb:00000394-a-1#2246,c.[6T>G;9G>A;21C>T;36T>C;49G>C;51C>G;57T>G;72C>T;75C>T;120A>G;123T>C;132C>T;177G>A;181A>C;183A>C],NA,p.[Asp17Gln;Lys61His],-1.125254850523149,-1.174150733700861,-1.081199625195771,0.0381952331627797,-1.5425558,0.2777824831675755,0.1679790132432404,0.3703024201487708
urn:mavedb:00000394-a-1#2247,c.[6T>G;9G>A;21C>T;30G>C;39C>T;42C>G;49G>C;51C>G;57T>G;60T>C;72C>T;75C>T;120A>G;123T>C;135C>T;141A>G;144C>T;165G>A;171T>G;174A>G;177G>A;181A>G;183A>C],NA,p.[Asp17Gln;Lys61Asp],-1.309944831287908,-1.3692955912069704,-1.275612427434329,0.0390859759234728,-1.5414872,-0.2032415365754669,-0.4177133605220772,-0.0979402112856729
urn:mavedb:00000394-a-1#2248,c.[3C>T;6T>G;12C>T;21C>T;36T>C;42C>G;49G>C;51C>G;54G>A;66G>A;69T>C;72C>T;99G>C;111G>C;120A>G;123T>C;141A>G;165G>A;168G>A;174A>G;181A>C;182A>G;183A>T],NA,p.[Asp17Gln;Lys61Arg],-1.0238468149515665,-1.0546840278505434,-0.9962563228050896,0.0253478275166005,-1.5741577,0.5432612266773937,0.4850871364319111,0.5939501908630064
urn:mavedb:00000394-a-1#2249,c.[3C>T;6T>G;21C>T;36T>C;42C>G;49G>C;51C>G;60T>C;66G>A;120A>G;123T>C;150C>T;165G>A;171T>G;174A>G;177G>A;180G>C;182A>C;183A>C],NA,p.[Asp17Gln;Lys61Thr],-1.1403981351222896,-1.1766951400344947,-1.0976679659668558,0.0232634052636742,-1.5434284,0.2465887170317101,0.1640683189170027,0.3381567273029408
urn:mavedb:00000394-a-1#2250,c.[3C>T;6T>G;9G>A;12C>T;21C>T;42C>G;49G>C;51C>G;54G>A;108G>C;120A>G;123T>C;132C>T;141A>G;165G>A;168G>A;174A>G;181A>T;182A>C;183A>C],NA,p.[Asp17Gln;Lys61Ser],-1.157123540199794,-1.1915555033052418,-1.0871544294004554,0.0343077794212294,-1.5433493,0.2089840960327475,0.1286064874039409,0.3597329241029751
urn:mavedb:00000394-a-1#2251,c.[21C>T;36T>C;42C>G;49G>C;51C>G;60T>C;66G>A;69T>C;72C>T;120A>G;123T>C;162G>C;165G>A;168G>A;171T>G;181A>G;182A>C;183A>G;207T>C],NA,p.[Asp17Gln;Lys61Ala],-0.7976325804303591,-0.8645354993997415,-0.7654183409172167,0.0465071160683741,-1.5448823,0.8838791246194233,0.7730419453831804,0.9358919674468374
urn:mavedb:00000394-a-1#2252,c.[3C>T;6T>G;12C>T;21C>T;36T>C;42C>G;49G>C;51C>G;54G>A;57T>G;66G>A;120A>G;123T>C;165G>A;168G>A;174A>G;181A>G;182A>G;183A>T;198G>T],NA,p.[Asp17Gln;Lys61Gly],-1.3087810473338002,-1.3467637707768725,-1.2727005933432716,0.0244163249059514,-1.5438232,-0.191994929584378,-0.3216901639118681,-0.0827400000834655
urn:mavedb:00000394-a-1#2253,c.[3C>T;6T>G;21C>T;30G>C;36T>C;42C>G;49G>C;51C>G;78C>T;102T>C;120A>G;123T>C;141A>G;165G>A;171T>G;174A>G;177G>A;182A>T;183A>G],NA,p.[Asp17Gln;Lys61Met],-0.8342451967696848,-0.8850654604421829,-0.7624629449864009,0.0273329358848158,-1.5468736,0.8270321711082097,0.741559544942317,0.9438079627691572
urn:mavedb:00000394-a-1#2254,c.[3C>T;6T>G;21C>T;36T>C;42C>G;49G>C;51C>G;60T>C;66G>A;120A>G;123T>C;141A>G;165G>A;168G>A;174A>G;181A>C;182A>T;183A>C;198G>T],NA,p.[Asp17Gln;Lys61Leu],-0.7342708496821608,-0.7714519777474592,-0.7140479176163235,0.0262613949699862,-1.5458517,0.9869884739340664,0.9277671005830024,1.018807789730494
urn:mavedb:00000394-a-1#2255,c.[3C>T;6T>G;21C>T;36T>C;42C>G;49G>C;51C>G;63G>C;120A>G;123T>C;141A>G;165G>A;171T>G;174A>G;177G>A;181A>G;182A>T;183A>T;186A>G],NA,p.[Asp17Gln;Lys61Val],-1.140501794209681,-1.1788897621042966,-1.091595893359584,0.024319255302452,-1.5450058,0.2498400982235045,0.1626212946948867,0.3540013234003247
urn:mavedb:00000394-a-1#2256,c.[6T>G;9G>A;21C>T;30G>C;42C>G;49G>C;51C>G;57T>G;72C>T;75C>T;120A>G;132C>T;135C>T;141A>G;165G>A;171T>G;174A>G;177G>A;182A>T;183A>C],NA,p.[Asp17Gln;Lys61Ile],-1.030522210454736,-1.0574585286544045,-0.9764637379274148,0.0354737420159599,-1.546535,0.4784596767793,0.4259734962069187,0.5796984614245213
urn:mavedb:00000394-a-1#2257,c.[21C>T;36T>C;42C>G;49G>C;51C>G;63G>C;120A>G;123T>C;132C>T;138T>C;141A>G;165G>A;171T>G;174A>G;177G>A;181A>T;182A>G;183A>G],NA,p.[Asp17Gln;Lys61Trp],-0.6036297353385114,-0.621562054661666,-0.5821505078622919,0.0399655032219684,-1.5508323,1.1959452894504996,1.1688572703403892,1.2282059793219862
urn:mavedb:00000394-a-1#2258,c.[21C>T;36T>C;42C>G;49G>C;51C>G;60T>C;120A>G;123T>C;144C>T;165G>A;171T>G;174A>G;177G>A;181A>T;183A>C],NA,p.[Asp17Gln;Lys61Tyr],-0.8892486637368454,-0.930517695621936,-0.8504371795168933,0.0347928011291274,-1.5482416,0.736745911599536,0.6651382228462979,0.8023631537704153
urn:mavedb:00000394-a-1#2259,c.[3C>T;6T>G;15A>G;21C>T;36T>C;39C>T;42C>G;48C>T;49G>C;51C>G;54G>A;57T>G;60T>C;72C>T;75C>T;102T>C;111G>C;120A>G;123T>C;129G>A;141A>G;147G>C;153A>G;165G>A;171T>G;174A>G;177G>A;181A>T;182A>T;183A>C;186A>G;207T>C],NA,p.[Asp17Gln;Lys61Phe],-0.847531955603831,-0.890236643146263,-0.8150474831893595,0.0282955420176388,-1.5498447,0.8098862766502899,0.737797394933975,0.863548338981245
urn:mavedb:00000394-a-1#2260,c.[3C>T;6T>G;21C>T;36T>C;42C>G;49G>C;51C>G;57T>G;63G>C;84C>T;87T>C;120A>G;123T>C;132C>T;138T>C;141A>G;165G>A;171T>G;174A>G;177G>A;181A>C;182A>C;183A>G;186A>G],NA,p.[Asp17Gln;Lys61Pro],-1.512209163448579,-1.5600546020350097,-1.463165840669023,0.0536452372007222,-1.5445447,-1.484800080130098,-25.0,-0.9160201043314226
urn:mavedb:00000394-a-1#2261,c.[9G>A;21C>T;42C>G;51C>A;57T>G;84C>T;99G>C;120A>G;123T>C;129G>A;153A>G;165G>A;168G>A;171T>G;174A>G;181A>C;183A>G],NA,p.[Asp17Glu;Lys61Gln],-0.5356879526688023,-0.5495522099599939,-0.5237155191654954,0.0371757628325205,-1.5186472,1.249582158967731,1.228861671302467,1.2674139739516652
urn:mavedb:00000394-a-1#2262,c.[21C>T;36T>C;42C>G;48C>T;51C>A;57T>G;66G>A;72C>T;75C>T;120A>G;123T>C;138T>C;141A>G;144C>T;165G>A;168G>A;181A>G;183A>G],NA,p.[Asp17Glu;Lys61Glu],-0.8780857474973114,-0.9084643480800688,-0.8527592491230785,0.040175704086292,-1.5166779,0.7016183343664704,0.6483533780006625,0.7451792935923381
urn:mavedb:00000394-a-1#2263,c.[12C>T;15A>G;21C>T;36T>C;42C>G;51C>G;60T>C;72C>T;75C>T;102T>C;111G>C;120A>G;123T>C;135C>T;141A>G;165G>A;171T>G;174A>G;177G>A;183A>C],NA,p.[Asp17Glu;Lys61Asn],-1.1903811512962026,-1.235771181001964,-1.1332077133974738,0.0323535182143135,-1.518517,0.0703907857620127,-0.0498038239585044,0.2069120101298834
urn:mavedb:00000394-a-1#2264,c.[3C>T;9G>A;21C>T;36T>C;42C>G;51C>A;57T>G;120A>G;123T>C;141A>G;147G>C;165G>A;168G>A;171T>G;174A>G;181A>C;183A>C;198G>T;207T>C],NA,p.[Asp17Glu;Lys61His],-0.9804340476697158,-1.003456296562804,-0.9599594245190268,0.0323377445585418,-1.5179462,0.5193456300194143,0.4755429939907371,0.5575099632221224
urn:mavedb:00000394-a-1#2265,c.[3C>T;9G>A;21C>T;36T>C;42C>G;51C>G;54G>A;57T>G;60T>C;66G>A;120A>G;123T>C;138T>C;141A>G;165G>A;168G>A;174A>G;181A>G;183A>C;198G>T;207T>C],NA,p.[Asp17Glu;Lys61Asp],-1.3218078275222114,-1.388575484678203,-1.2663735072920956,0.0292829886221847,-1.5168405,-0.3291363144598892,-0.6195517493586061,-0.1438650541482294
urn:mavedb:00000394-a-1#2266,c.[21C>T;42C>G;51C>G;54G>A;60T>C;66G>A;72C>T;75C>T;123T>C;150C>T;171T>G;174A>G;177G>A;181A>C;182A>G;183A>T],NA,p.[Asp17Glu;Lys61Arg],-0.5872237340463646,-0.6163033379746141,-0.5689982503093396,0.0456443283452465,-1.5507255,1.220443827100554,1.176654597900107,1.2477060651162122
urn:mavedb:00000394-a-1#2267,c.[6T>G;9G>A;12C>T;21C>T;36T>C;42C>G;51C>G;57T>G;120A>G;126C>T;129G>A;150C>T;168G>A;174A>G;182A>C;183A>C],NA,p.[Asp17Glu;Lys61Thr],-0.9146112516661308,-0.9360535064800088,-0.8658384908669973,0.029789426725264,-1.5188498,0.6412944810990712,0.6028454740562518,0.7265068684024786
urn:mavedb:00000394-a-1#2268,c.[3C>T;21C>T;36T>C;42C>G;51C>A;54G>A;120A>G;123T>C;141A>G;147G>C;165G>A;171T>G;174A>G;181A>T;182A>C;183A>T],NA,p.[Asp17Glu;Lys61Ser],-1.0170520714949576,-1.0488223796131777,-0.9759032901188996,0.0208404596760608,-1.5187683,0.4507993876088623,0.3877552838628979,0.5293919724962105
urn:mavedb:00000394-a-1#2269,c.[21C>T;36T>C;42C>G;51C>G;63G>C;66G>A;69T>C;72C>T;120A>G;123T>C;138T>C;141A>G;144C>T;165G>A;171T>G;174A>G;177G>A;181A>G;182A>C;183A>G],NA,p.[Asp17Glu;Lys61Ala],-0.610986986525808,-0.6309799911765659,-0.5830824549980237,0.0560372521378535,-1.5203552,1.1386497909351911,1.108076511964008,1.1809960115347522
urn:mavedb:00000394-a-1#2270,c.[21C>T;36T>C;42C>G;48C>T;51C>A;57T>G;120A>G;123T>C;144C>T;165G>A;168G>A;177G>A;180G>C;181A>G;182A>G;183A>T],NA,p.[Asp17Glu;Lys61Gly],-1.1031536191167175,-1.1475863570590317,-1.036163865508697,0.0295552682409356,-1.5192585,0.2752004002292533,0.1755953310748894,0.4141195418733323
urn:mavedb:00000394-a-1#2271,c.[3C>T;6T>G;12C>T;21C>T;36T>C;42C>G;51C>G;69T>C;72C>T;120A>G;123T>C;141A>G;165G>A;168G>A;174A>G;180G>C;182A>T;183A>G],NA,p.[Asp17Glu;Lys61Met],-0.6042351581212332,-0.6321339937634936,-0.5903426255948218,0.0340667401616265,-1.522418,1.1520639606481746,1.1094686275505978,1.1731340881360777
urn:mavedb:00000394-a-1#2272,c.[3C>T;6T>G;18C>T;21C>T;36T>C;42C>G;51C>A;54G>A;69T>C;72C>T;120A>G;123T>C;141A>G;147G>C;171T>G;174A>G;177G>A;181A>C;182A>T;183A>G],NA,p.[Asp17Glu;Lys61Leu],-0.5270605846361283,-0.5571571927402044,-0.5169858264959679,0.0337098131378036,-1.5213585,1.266468013621102,1.2215260168262272,1.2814332204236452
urn:mavedb:00000394-a-1#2273,c.[3C>T;6T>G;21C>T;36T>C;42C>G;51C>G;57T>G;69T>C;72C>T;120A>G;123T>C;138T>C;141A>G;150C>T;165G>A;171T>G;174A>G;177G>A;181A>G;182A>T;183A>T;186A>G],NA,p.[Asp17Glu;Lys61Val],-0.9233409874630848,-0.9761932861776552,-0.8991721126089711,0.0397324410425603,-1.5204835,0.6286409731466654,0.5320577513041762,0.6714596449787361
urn:mavedb:00000394-a-1#2274,c.[6T>G;9G>A;12C>T;21C>T;36T>C;42C>G;51C>A;57T>G;60T>C;63G>C;120A>G;123T>C;132C>T;138T>C;141A>G;147G>C;165G>A;168G>A;177G>A;182A>T;183A>C],NA,p.[Asp17Glu;Lys61Ile],-0.209130837840558,-0.2671124978186364,-0.1719234525282332,0.1289657421870045,-1.5220671,1.7256346333060832,1.6438065971916835,1.777856687273066
urn:mavedb:00000394-a-1#2275,c.[9G>A;15A>G;21C>T;36T>C;39C>T;51C>A;54G>A;60T>C;63G>C;69T>C;72C>T;120A>G;123T>C;150C>T;156T>C;168G>A;171T>G;177G>A;181A>T;182A>G;183A>G;198G>T],NA,p.[Asp17Glu;Lys61Trp],0.1632802445009554,0.0788742419438957,0.2435667316617177,0.1423121634858792,-1.5265183,2.2474319935252147,2.131633615144669,2.357237526038161
urn:mavedb:00000394-a-1#2276,c.[3C>T;6T>G;18C>T;21C>T;42C>G;51C>A;54G>A;72C>T;75C>T;111G>C;120A>G;126C>T;135C>T;141A>G;147G>C;165G>A;171T>G;174A>G;177G>A;181A>T;183A>C],NA,p.[Asp17Glu;Lys61Tyr],-0.6688612127348025,-0.6796964531927627,-0.6586335225029349,0.0336939637151836,-1.5238342,1.0549709046166138,1.0381075970188491,1.0708263494868946
urn:mavedb:00000394-a-1#2277,c.[3C>T;6T>G;18C>T;21C>T;36T>C;42C>G;51C>A;54G>A;69T>C;72C>T;99G>C;120A>G;123T>C;141A>G;147G>C;165G>A;171T>G;174A>G;181A>T;182A>T;183A>T;186A>G;207T>C],NA,p.[Asp17Glu;Lys61Phe],-0.704649227711449,-0.7257661057336335,-0.6687733879501476,0.0348092729127081,-1.5254955,1.0016161039550655,0.9682321650227288,1.057685205954751
urn:mavedb:00000394-a-1#2278,c.[6T>G;9G>A;12C>T;21C>T;36T>C;42C>G;51C>G;63G>C;120A>G;123T>C;144C>T;165G>A;171T>G;174A>G;181A>C;182A>C;183A>G],NA,p.[Asp17Glu;Lys61Pro],-1.6106641513111413,-1.65382272769327,-1.5638706280455477,0.038974044501984,-1.5200062,-15.0,-25.0,-5.0
urn:mavedb:00000394-a-1#2279,c.[3C>T;6T>G;21C>T;36T>C;42C>G;49G>A;120A>G;123T>C;141A>G;165G>A;168G>A;171T>G;174A>G;177G>A;180G>C;181A>C;183A>G;192C>T],NA,p.[Asp17Asn;Lys61Gln],-0.621150663169278,-0.6366953634726776,-0.5949159221662619,0.0372149940183323,-1.5357242,1.1465613006727444,1.1228487934966405,1.186318801900191
urn:mavedb:00000394-a-1#2280,c.[6T>G;9G>A;12C>T;21C>T;36T>C;42C>G;49G>A;69T>C;72C>T;120A>G;123T>C;181A>G;198G>T],NA,p.[Asp17Asn;Lys61Glu],-0.815078986409549,-0.8492296020217072,-0.7921197042806347,0.0405671270812595,-1.5338011,0.8371219407920517,0.7801725385412179,0.8748127456661947
urn:mavedb:00000394-a-1#2281,c.[9G>A;15A>G;21C>T;36T>C;42C>G;49G>A;120A>G;123T>C;141A>G;171T>G;174A>G;183A>T;195G>A;207T>C],NA,p.[Asp17Asn;Lys61Asn],-1.252040358939592,-1.285763047799935,-1.174544834134316,0.0228670692247385,-1.5355973,-0.0475461918947993,-0.1457993170728561,0.1506972725509786
urn:mavedb:00000394-a-1#2282,c.[6T>G;9G>A;12C>T;21C>T;36T>C;42C>G;49G>A;120A>G;123T>C;165G>A;171T>G;174A>G;177G>A;181A>C;183A>C],NA,p.[Asp17Asn;Lys61His],-0.967636651894179,-0.9940474934575798,-0.9278348051542112,0.0276888486958826,-1.5350399,0.5748218521383776,0.5258759006610533,0.6465554736572848
urn:mavedb:00000394-a-1#2283,c.[21C>T;36T>C;42C>G;49G>A;120A>G;123T>C;165G>A;171T>G;174A>G;177G>A;180G>C;181A>G;183A>C],NA,p.[Asp17Asn;Lys61Asp],-1.2131392475365388,-1.2409907913172384,-1.1940319174727627,0.0350944289534276,-1.5339594,0.051819713269361,-0.0216302665255853,0.0997398589307453
urn:mavedb:00000394-a-1#2284,c.[3C>T;6T>G;21C>T;36T>C;42C>G;49G>A;120A>G;123T>C;141A>G;180G>C;181A>C;182A>G;183A>C;198G>T],NA,p.[Asp17Asn;Lys61Arg],-0.5118316726020902,-0.5524064326303958,-0.4887178222077636,0.0410064904920971,-1.5670123,1.3562874585108342,1.296538079291406,1.39008276854421
urn:mavedb:00000394-a-1#2285,c.[21C>T;36T>C;42C>G;49G>A;120A>G;123T>C;147G>C;171T>G;174A>G;182A>C;183A>C],NA,p.[Asp17Asn;Lys61Thr],-1.0392915174059416,-1.0726675848712586,-0.9953067172262476,0.040837138929618,-1.5359216,0.4408478394573603,0.3741744241327933,0.5251673695804338
urn:mavedb:00000394-a-1#2286,c.[21C>T;36T>C;42C>G;49G>A;120A>G;123T>C;126C>T;141A>G;165G>A;171T>G;174A>G;177G>A;181A>T;182A>C;183A>T],NA,p.[Asp17Asn;Lys61Ser],-1.0247718356953204,-1.0464210226147672,-1.0021006728881672,0.0188791820448706,-1.5358429,0.4689451777524899,0.4266601694898888,0.5122318753587868
urn:mavedb:00000394-a-1#2287,c.[3C>T;6T>G;12C>T;21C>T;39C>T;42C>G;49G>A;120A>G;123T>C;126C>T;141A>G;153A>G;168G>A;177G>A;180G>C;181A>G;182A>C;183A>G;195G>A],NA,p.[Asp17Asn;Lys61Ala],-0.6590479519457153,-0.6748198048652444,-0.6457735153758485,0.0311132779877068,-1.5373921,1.0911034093168377,1.066745071144514,1.111500618256014
urn:mavedb:00000394-a-1#2288,c.[3C>T;6T>G;21C>T;36T>C;42C>G;49G>A;120A>G;123T>C;141A>G;174A>G;181A>G;182A>G;183A>T],NA,p.[Asp17Asn;Lys61Gly],-1.1784630744674232,-1.2119270904160238,-1.1210966005507526,0.0247367721962961,-1.5363212,0.1431179446362956,0.0609248286493743,0.273286067028836
urn:mavedb:00000394-a-1#2289,c.[3C>T;6T>G;18C>T;21C>T;30G>C;42C>G;49G>A;120A>G;123T>C;141A>G;182A>T;183A>G;186A>G],NA,p.[Asp17Asn;Lys61Met],-0.618179601969739,-0.6407594543593905,-0.5934292812007955,0.0279310580998041,-1.5394063,1.1566705485223512,1.1222609995389172,1.1941107499200918
urn:mavedb:00000394-a-1#2290,c.[21C>T;42C>G;49G>A;72C>T;75C>T;120A>G;123T>C;129G>A;171T>G;177G>A;181A>C;182A>T;183A>G],NA,p.[Asp17Asn;Lys61Leu],-0.4176112052987893,-0.4423597262909211,-0.395386994732555,0.0429917813468792,-1.538372,1.451804442342287,1.415920677294536,1.4838874084858713
urn:mavedb:00000394-a-1#2291,c.[3C>T;6T>G;21C>T;36T>C;42C>G;49G>A;120A>G;123T>C;132C>T;141A>G;174A>G;181A>G;182A>T;183A>T],NA,p.[Asp17Asn;Lys61Val],-0.9926532877032508,-1.0127141446448262,-0.962784974751371,0.020992940988054,-1.5375175,0.5331232449630189,0.4952793087945848,0.5882050954446637
urn:mavedb:00000394-a-1#2292,c.[21C>T;39C>T;42C>G;49G>A;69T>C;72C>T;120A>G;123T>C;138T>C;141A>G;165G>A;168G>A;177G>A;182A>T;183A>C],NA,p.[Asp17Asn;Lys61Ile],-0.9431496923103296,-0.981804427850066,-0.90508813413638,0.0339102817512819,-1.539063,0.6264330163290753,0.5561551041340216,0.6935843869670566
urn:mavedb:00000394-a-1#2293,c.[3C>T;6T>G;18C>T;36T>C;42C>G;49G>A;54G>A;57T>G;108G>C;141A>G;162G>C;165G>A;168G>A;171T>G;174A>G;180G>C;181A>T;182A>G;183A>G],NA,p.[Asp17Asn;Lys61Trp],-0.4867405239473319,-0.499090677713767,-0.4679507530616523,0.0308709719144596,-1.5434089,1.358499468905592,1.3403771756008949,1.3859776800822403
urn:mavedb:00000394-a-1#2294,c.[21C>T;36T>C;42C>G;49G>A;120A>G;123T>C;141A>G;165G>A;171T>G;174A>G;177G>A;181A>T;183A>C;198G>T],NA,p.[Asp17Asn;Lys61Tyr],-0.5784278698862292,-0.5993136213646435,-0.5536027338733222,0.0412672420747262,-1.5407887,1.2187435923217,1.187319777798192,1.2558569961803194
urn:mavedb:00000394-a-1#2295,c.[3C>T;6T>G;18C>T;49G>A;57T>G;60T>C;69T>C;72C>T;75C>T;120A>G;123T>C;126C>T;141A>G;165G>A;168G>A;171T>G;174A>G;177G>A;181A>T;182A>T;183A>C;186A>G;189G>A],NA,p.[Asp17Asn;Lys61Phe],-0.7358293677444583,-0.7683065466619398,-0.7130656768660023,0.036369576810322,-1.5424099,0.9790824218695124,0.9272935393899736,1.0149545499220796
urn:mavedb:00000394-a-1#2296,c.[3C>T;15A>G;21C>T;36T>C;42C>G;49G>A;120A>G;123T>C;141A>G;165G>A;171T>G;174A>G;181A>C;182A>C;183A>G],NA,p.[Asp17Asn;Lys61Pro],-1.6202733220986336,-1.6812689641875118,-1.5721521218979992,0.0370603447281244,-1.5370512,-15.0,-25.0,-5.0
urn:mavedb:00000394-a-1#2297,c.[3C>T;6T>G;21C>T;36T>C;42C>G;49G>C;120A>G;123T>C;141A>G;165G>A;171T>G;174A>G;177G>A;181A>C;183A>G],NA,p.[Asp17His;Lys61Gln],-0.6292195240265563,-0.6448015752102271,-0.612958390383367,0.020200151618283,-1.5320358,1.1286409999661262,1.104779065305102,1.153413424516435
urn:mavedb:00000394-a-1#2298,c.[9G>A;12C>T;21C>T;36T>C;42C>G;49G>C;72C>T;75C>T;99G>C;105C>T;120A>G;123T>C;141A>G;165G>A;171T>G;174A>G;177G>A;181A>G],NA,p.[Asp17His;Lys61Glu],-0.6579198087647825,-0.6800973498427816,-0.6324029023193128,0.0299580451791634,-1.5301018,1.0816094765775224,1.047241166178541,1.1208199582541571
urn:mavedb:00000394-a-1#2299,c.[21C>T;49G>C;72C>T;75C>T;120A>G;123T>C;132C>T;138T>C;141A>G;165G>A;168G>A;171T>G;174A>G;177G>A;183A>C],NA,p.[Asp17His;Lys61Asn],-1.2781898296599412,-1.3319591655146237,-1.194716231434272,0.0460543655622745,-1.531908,-0.1340076643305653,-0.3111688637902416,0.0929912384828722
urn:mavedb:00000394-a-1#2300,c.[21C>T;39C>T;42C>G;49G>C;72C>T;75C>T;102T>C;111G>C;120A>G;123T>C;135C>T;165G>A;168G>A;171T>G;174A>G;181A>C;183A>C],NA,p.[Asp17His;Lys61His],-1.002244735449462,-1.0496386811371454,-0.9700110312659268,0.0251708531298071,-1.5313473,0.5034532628400239,0.4113545254414669,0.5636807960081872
urn:mavedb:00000394-a-1#2301,c.[3C>T;6T>G;12C>T;21C>T;27G>A;30G>C;49G>C;51C>T;57T>G;63G>C;69T>C;78C>T;84C>T;120A>G;123T>C;129G>A;138T>C;141A>G;153A>G;162G>C;165G>A;168G>A;171T>G;177G>A;181A>G;183A>T;195G>A],NA,p.[Asp17His;Lys61Asp],-1.1780312417295873,-1.2750673709343192,-1.0740185949802616,0.054656048660793,-1.530261,0.1296585579172495,-0.1295629354894811,0.3598351637278494
urn:mavedb:00000394-a-1#2302,c.[15A>G;27G>A;30G>C;39C>T;49G>C;69T>C;72C>T;120A>G;123T>C;141A>G;144C>T;156T>C;165G>A;168G>A;177G>A;180G>C;181A>C;182A>G;183A>T],NA,p.[Asp17His;Lys61Arg],-0.8053323489292412,-0.8264030536366357,-0.7884453258818261,0.0247975952420488,-1.5634975,0.9015808642652096,0.8672993423385109,0.928802459259101
urn:mavedb:00000394-a-1#2303,c.[9G>A;12C>T;21C>T;36T>C;42C>G;49G>C;120A>G;123T>C;150C>T;153A>G;165G>A;168G>A;174A>G;182A>C;183A>C],NA,p.[Asp17His;Lys61Thr],-1.0817977069595823,-1.1201319413565047,-1.0321013706493545,0.0268029800996868,-1.5322347,0.3478658577162716,0.2664985656855567,0.4477048009371758
urn:mavedb:00000394-a-1#2304,c.[3C>T;6T>G;12C>T;21C>T;39C>T;42C>G;49G>C;72C>T;75C>T;102T>C;111G>C;120A>G;123T>C;141A>G;147G>C;165G>A;168G>A;181A>T;182A>C;183A>C;198G>T;207T>C],NA,p.[Asp17His;Lys61Ser],-1.01812744127419,-1.04073370384823,-0.9965560387439936,0.0232506629355034,-1.5321541,0.4746454842934491,0.4306064005016761,0.5157347044112256
urn:mavedb:00000394-a-1#2305,c.[9G>A;15A>G;21C>T;36T>C;42C>G;49G>C;120A>G;123T>C;141A>G;174A>G;180G>C;181A>G;182A>C;183A>G],NA,p.[Asp17His;Lys61Ala],-0.8120087320717133,-0.8295934885151008,-0.7661015599143255,0.0279143892402587,-1.5337124,0.842042567286616,0.8129051230210443,0.91685484139374
urn:mavedb:00000394-a-1#2306,c.[3C>T;6T>G;12C>T;21C>T;36T>C;42C>G;49G>C;72C>T;75C>T;78C>T;120A>G;123T>C;126C>T;141A>G;177G>A;181A>G;182A>G;183A>T],NA,p.[Asp17His;Lys61Gly],-1.207826559738571,-1.2585613199761243,-1.172994307901778,0.0215255039037915,-1.5326347,0.0619762827246679,-0.0742832466254047,0.1473530548392756
urn:mavedb:00000394-a-1#2307,c.[21C>T;36T>C;42C>G;49G>C;120A>G;123T>C;138T>C;141A>G;165G>A;171T>G;174A>G;180G>C;182A>T;183A>G],NA,p.[Asp17His;Lys61Met],-0.6012671113686425,-0.6244669845845318,-0.5668057984686854,0.0366111609087147,-1.535737,1.1767423689286365,1.1415319148421923,1.2285964415473662
urn:mavedb:00000394-a-1#2308,c.[6T>G;9G>A;12C>T;21C>T;36T>C;42C>G;49G>C;72C>T;75C>T;120A>G;123T>C;135C>T;177G>A;181A>C;182A>T;183A>G],NA,p.[Asp17His;Lys61Leu],-0.6515400347618234,-0.6709432137720477,-0.62830488019519,0.0285183638273653,-1.534697,1.0985119770487513,1.0685769953225548,1.1340969559260352
urn:mavedb:00000394-a-1#2309,c.[6T>G;9G>A;12C>T;21C>T;36T>C;42C>G;49G>C;120A>G;123T>C;132C>T;138T>C;141A>G;174A>G;181A>G;182A>T;183A>T],NA,p.[Asp17His;Lys61Val],-0.9657227761315303,-0.9965564520912448,-0.9322790682736716,0.0270925328808573,-1.5338383,0.576126773781122,0.5189053529942645,0.6365176726381808
urn:mavedb:00000394-a-1#2310,c.[3C>T;6T>G;21C>T;36T>C;42C>G;49G>C;120A>G;123T>C;141A>G;162G>C;165G>A;168G>A;174A>G;182A>T;183A>C],NA,p.[Asp17His;Lys61Ile],-0.9082078939207104,-0.9449703083281906,-0.840684184374092,0.0261164714778902,-1.5353918,0.6817411410364069,0.6165851129306131,0.7971911895185534
urn:mavedb:00000394-a-1#2311,c.[21C>T;36T>C;42C>G;49G>C;120A>G;123T>C;165G>A;168G>A;171T>G;174A>G;180G>C;181A>T;182A>G;183A>G;198G>T],NA,p.[Asp17His;Lys61Trp],-0.5977710906346326,-0.6245937735835758,-0.5822385847423589,0.0337134231066353,-1.5397611,1.1880979083591636,1.1474606734887465,1.2114819180667578
urn:mavedb:00000394-a-1#2312,c.[15A>G;21C>T;36T>C;42C>G;49G>C;72C>T;75C>T;120A>G;123T>C;138T>C;141A>G;165G>A;168G>A;177G>A;180G>C;181A>T;183A>C],NA,p.[Asp17His;Lys61Tyr],-0.607529198791971,-0.6351945589525428,-0.578640088111829,0.0300536535718197,-1.537127,1.1693674532213465,1.127285808262385,1.2129332991166055
urn:mavedb:00000394-a-1#2313,c.[3C>T;6T>G;21C>T;36T>C;42C>G;49G>C;120A>G;123T>C;141A>G;165G>A;168G>A;174A>G;181A>T;182A>T;183A>T],NA,p.[Asp17His;Lys61Phe],-0.7740625069367066,-0.8028110180365007,-0.7227349106572257,0.0316464897410868,-1.5387573,0.9121495429060604,0.8654367895036265,0.9940051454755172
urn:mavedb:00000394-a-1#2314,c.[21C>T;36T>C;42C>G;49G>C;120A>G;123T>C;138T>C;141A>G;165G>A;171T>G;174A>G;181A>C;182A>C;183A>G],NA,p.[Asp17His;Lys61Pro],-1.5508391870568283,-1.6000723223226043,-1.5073359860803637,0.0381427717103059,-1.5333695,-15.0,-25.0,-1.614788376729774
urn:mavedb:00000394-a-1#2315,c.[9G>A;12C>T;21C>T;36T>C;42C>G;49G>C;50A>G;51C>T;120A>G;123T>C;138T>C;141A>G;162G>C;165G>A;168G>A;171T>G;174A>G;177G>A;180G>C;181A>C;183A>G;192C>T;207T>C],NA,p.[Asp17Arg;Lys61Gln],-0.9952734812324388,-1.023888298698868,-0.961135397931592,0.0442208817036529,-1.5773892,0.6015875559772699,0.5491832227894836,0.6625349616733817
urn:mavedb:00000394-a-1#2316,c.[6T>G;9G>A;12C>T;21C>T;36T>C;42C>G;49G>C;50A>G;51C>T;72C>T;75C>T;120A>G;123T>C;138T>C;141A>G;174A>G;181A>G],NA,p.[Asp17Arg;Lys61Glu],-0.9230316130020586,-0.9558954146330172,-0.9091387282352856,0.0449348935224075,-1.5755906,0.7256991459694455,0.6685927330845043,0.7494641279413186
urn:mavedb:00000394-a-1#2317,c.[3C>T;18C>T;21C>T;36T>C;42C>G;49G>C;50A>G;51C>T;78C>T;120A>G;123T>C;141A>G;144C>T;177G>A;183A>C],NA,p.[Asp17Arg;Lys61Asn],-1.4273119291990533,-1.4745023884572108,-1.3893303023761825,0.0442266449970887,-1.5772715,-0.5136645983005933,-0.765879882507244,-0.3557131083614031
urn:mavedb:00000394-a-1#2318,c.[12C>T;21C>T;27G>A;39C>T;49G>C;50A>G;51C>T;72C>T;75C>T;78C>T;120A>G;123T>C;141A>G;150C>T;165G>A;171T>G;174A>G;181A>C;183A>C],NA,p.[Asp17Arg;Lys61His],-1.2536134479660208,-1.2873277055125123,-1.1775786357875972,0.0356759913082524,-1.5767508,0.0577206237193387,-0.0313330455479965,0.2380316157577331
urn:mavedb:00000394-a-1#2319,c.[21C>T;36T>C;42C>G;49G>C;50A>G;51C>T;72C>T;75C>T;102T>C;111G>C;120A>G;123T>C;138T>C;141A>G;165G>A;171T>G;174A>G;177G>A;180G>C;181A>G;183A>C],NA,p.[Asp17Arg;Lys61Asp],-1.24240428953136,-1.314132813505179,-1.1786289270107422,0.0332432768778099,-1.5757389,0.0834024039354752,-0.1104732321455055,0.2334426388280353
urn:mavedb:00000394-a-1#2320,c.[21C>T;36T>C;39C>T;42C>G;49G>C;50A>G;51C>T;72C>T;75C>T;84C>T;108G>C;120A>G;123T>C;165G>A;171T>G;174A>G;177G>A;181A>C;182A>G;183A>T;186A>G],NA,p.[Asp17Arg;Lys61Arg],-0.9296454656494746,-1.0450126303222291,-0.8755038907174009,0.0447710329709433,-1.6065226,0.7671445326201869,0.5639693739812165,0.8573204354383899
urn:mavedb:00000394-a-1#2321,c.[21C>T;36T>C;42C>G;49G>C;50A>G;51C>T;120A>G;123T>C;141A>G;165G>A;171T>G;174A>G;180G>C;182A>C;183A>T;186A>G],NA,p.[Asp17Arg;Lys61Thr],-1.296938534299077,-1.3510074701322352,-1.2542224351959164,0.0342172284396186,-1.5775752,-0.0557201578444262,-0.2194590985140218,0.058268519199595
urn:mavedb:00000394-a-1#2322,c.[9G>A;21C>T;36T>C;42C>G;49G>C;50A>G;51C>T;63G>C;72C>T;75C>T;120A>G;123T>C;126C>T;129G>A;135C>T;138T>C;141A>G;144C>T;174A>G;181A>T;182A>C;183A>T],NA,p.[Asp17Arg;Lys61Ser],-1.230780221905599,-1.3275516398977687,-1.1768573444106938,0.030583949206434,-1.5774999,0.1163321596823421,-0.1454600294139469,0.2412948333068081
urn:mavedb:00000394-a-1#2323,c.[21C>T;36T>C;42C>G;49G>C;50A>G;51C>T;120A>G;123T>C;141A>G;165G>A;168G>A;177G>A;180G>C;181A>G;182A>C;183A>G],NA,p.[Asp17Arg;Lys61Ala],-1.09213746426494,-1.1069691931442365,-1.0780343931024248,0.0290097979385641,-1.5789495,0.421480074112718,0.3918394339620882,0.4492137655612674
urn:mavedb:00000394-a-1#2324,c.[15A>G;18C>T;21C>T;24C>T;39C>T;42C>G;49G>C;50A>G;51C>T;102T>C;105C>T;111G>C;114C>T;120A>G;123T>C;126C>T;132C>T;135C>T;147G>C;165G>A;168G>A;177G>A;181A>G;182A>G;183A>T],NA,p.[Asp17Arg;Lys61Gly],-1.4485176801780448,-1.4797570396299498,-1.4011164917709955,0.0379562819715945,-1.5779481,-0.6134987613255142,-0.7954857919493634,-0.3989913646467544
urn:mavedb:00000394-a-1#2325,c.[3C>T;6T>G;18C>T;21C>T;30G>C;42C>G;49G>C;50A>G;51C>T;120A>G;123T>C;138T>C;141A>G;165G>A;171T>G;174A>G;177G>A;182A>T;183A>G;198G>T],NA,p.[Asp17Arg;Lys61Met],-0.9476506250825628,-0.9972116682464128,-0.8814055063624237,0.0377612585444401,-1.5808315,0.6921814796871818,0.6043060082153832,0.8050528994749826
urn:mavedb:00000394-a-1#2326,c.[12C>T;15A>G;21C>T;36T>C;42C>G;49G>C;50A>G;51C>T;120A>G;123T>C;141A>G;177G>A;181A>C;182A>T;183A>G],NA,p.[Asp17Arg;Lys61Leu],-0.973960382450137,-1.0198605759629011,-0.940945642606596,0.0253695529257662,-1.579865,0.64422584880904,0.5612061352750988,0.7021529169098416
urn:mavedb:00000394-a-1#2327,c.[3C>T;6T>G;21C>T;36T>C;42C>G;49G>C;50A>G;51C>T;120A>G;123T>C;135C>T;141A>G;174A>G;180G>C;181A>G;182A>T;183A>T],NA,p.[Asp17Arg;Lys61Val],-1.21828396520394,-1.247522818190635,-1.2022988873941778,0.0288998399912771,-1.5790658,0.1500451442988508,0.0789278253270017,0.1873610014832138
urn:mavedb:00000394-a-1#2328,c.[21C>T;36T>C;42C>G;49G>C;50A>G;51C>T;120A>G;123T>C;165G>A;171T>G;174A>G;177G>A;182A>T;183A>C;198G>T],NA,p.[Asp17Arg;Lys61Ile],-1.081218726503265,-1.1161207704533174,-1.0241933050665162,0.0352513333459512,-1.5805111,0.4460435770480611,0.3764719205405353,0.5543984192427698
urn:mavedb:00000394-a-1#2329,c.[6T>G;9G>A;12C>T;21C>T;36T>C;42C>G;49G>C;50A>G;51C>T;72C>T;75C>T;102T>C;111G>C;120A>G;123T>C;141A>G;165G>A;171T>G;174A>G;180G>C;181A>T;182A>G;183A>G;198G>T],NA,p.[Asp17Arg;Lys61Trp],-0.7681774412242613,-0.8039522030407718,-0.7436062056400382,0.042827313407826,-1.5845699,0.994553909214814,0.9377126024850374,1.033104798050953
urn:mavedb:00000394-a-1#2330,c.[6T>G;9G>A;12C>T;21C>T;36T>C;42C>G;49G>C;50A>G;51C>T;120A>G;123T>C;165G>A;168G>A;174A>G;181A>T;183A>C],NA,p.[Asp17Arg;Lys61Tyr],-1.0108812026563538,-1.0343027435463974,-0.9795251779914824,0.0237833922559919,-1.5821238,0.5818229324867663,0.5386230701263695,0.6383463485594667
urn:mavedb:00000394-a-1#2331,c.[18C>T;21C>T;36T>C;42C>G;49G>C;50A>G;51C>T;72C>T;75C>T;120A>G;123T>C;138T>C;141A>G;168G>A;177G>A;180G>C;181A>T;182A>T;183A>C],NA,p.[Asp17Arg;Lys61Phe],-0.975195139331753,-1.0062313695554523,-0.9461512193777862,0.0356034186501119,-1.5836372,0.6487260770451723,0.593046248570531,0.6996642232081264
urn:mavedb:00000394-a-1#2332,c.[3C>T;6T>G;21C>T;36T>C;42C>G;49G>C;50A>G;51C>T;120A>G;123T>C;141A>G;165G>A;168G>A;174A>G;181A>C;182A>C;183A>G],NA,p.[Asp17Arg;Lys61Pro],-1.604652165177058,-1.6389510203878253,-1.5612958621804904,0.0439578613920219,-1.5786309,-15.0,-25.0,-1.8565116460496256
urn:mavedb:00000394-a-1#2333,c.[3C>T;6T>G;12C>T;21C>T;36T>C;42C>G;49G>A;51C>A;54G>A;72C>T;75C>T;120A>G;123T>C;132C>T;141A>G;153A>G;162G>C;165G>A;171T>G;174A>G;177G>A;181A>C;183A>G],NA,p.[Asp17Lys;Lys61Gln],-1.1444773098744667,-1.1748050154020082,-1.1075383873196616,0.0272637152122442,-1.5445352,0.2400077001190802,0.1710699803005462,0.3198106167532222
urn:mavedb:00000394-a-1#2334,c.[12C>T;21C>T;36T>C;42C>G;49G>A;51C>A;57T>G;66G>A;72C>T;75C>T;120A>G;123T>C;132C>T;138T>C;165G>A;168G>A;180G>C;181A>G],NA,p.[Asp17Lys;Lys61Glu],-0.6644014377904517,-0.6799458363885319,-0.6366212265310496,0.0246002942280575,-1.5426369,1.0909311891867408,1.0669243564913544,1.13351478440894
urn:mavedb:00000394-a-1#2335,c.[3C>T;6T>G;12C>T;21C>T;36T>C;42C>G;49G>A;51C>A;54G>A;69T>C;72C>T;120A>G;123T>C;132C>T;141A>G;153A>G;168G>A;171T>G;174A>G;177G>A;183A>C],NA,p.[Asp17Lys;Lys61Asn],-1.4306861228352226,-1.477021067959143,-1.382477402148939,0.0381239895362443,-1.5444102,-0.6995062364387497,-1.0350366815379584,-0.4606314673340584
urn:mavedb:00000394-a-1#2336,c.[21C>T;36T>C;42C>G;49G>A;51C>G;57T>G;120A>G;123T>C;162G>C;165G>A;171T>G;174A>G;177G>A;181A>C;183A>C],NA,p.[Asp17Lys;Lys61His],-1.3445146681104667,-1.3866821905230582,-1.294260961760771,0.036750619081395,-1.5438595,-0.3133601208968448,-0.4812896769430098,-0.1465210346785872
urn:mavedb:00000394-a-1#2337,c.[9G>A;21C>T;27G>A;49G>A;51C>G;57T>G;72C>T;75C>T;120A>G;123T>C;126C>T;168G>A;171T>G;174A>G;181A>G;183A>C],NA,p.[Asp17Lys;Lys61Asp],-1.3271911448607172,-1.3886989810939518,-1.2781167136343206,0.0375138663559118,-1.5427933,-0.2561686081991625,-0.4949609866671726,-0.1014415329295005
urn:mavedb:00000394-a-1#2338,c.[12C>T;15A>G;21C>T;36T>C;42C>G;49G>A;51C>A;54G>A;60T>C;69T>C;72C>T;120A>G;123T>C;138T>C;141A>G;165G>A;168G>A;171T>G;174A>G;177G>A;181A>C;182A>G;183A>C],NA,p.[Asp17Lys;Lys61Arg],-1.3425248991222645,-1.4020045701176371,-1.2996253302366558,0.0495485719080463,-1.5753965,-0.1989615874728445,-0.412835459322999,-0.0694580368013074
urn:mavedb:00000394-a-1#2339,c.[3C>T;6T>G;12C>T;21C>T;36T>C;42C>G;49G>A;51C>G;57T>G;78C>T;93C>T;111G>C;120A>G;129G>A;135C>T;141A>G;165G>A;171T>G;174A>G;177G>A;182A>C;183A>T],NA,p.[Asp17Lys;Lys61Thr],-1.2897389472295029,-1.3507593091992314,-1.2315600898968284,0.0438521467688563,-1.5447307,-0.130173096949134,-0.333068067050266,0.0320942350808002
urn:mavedb:00000394-a-1#2340,c.[21C>T;27G>A;39C>T;42C>G;49G>A;51C>A;57T>G;66G>A;69T>C;72C>T;120A>G;123T>C;141A>G;144C>T;165G>A;168G>A;181A>T;182A>C;183A>T],NA,p.[Asp17Lys;Lys61Ser],-1.3683192901550625,-1.4034480489832388,-1.2884327233701016,0.0296515228756857,-1.5446515,-0.4009819824169862,-0.5547287696000494,-0.126489283086575
urn:mavedb:00000394-a-1#2341,c.[3C>T;15A>G;21C>T;36T>C;42C>G;49G>A;51C>A;57T>G;63G>C;72C>T;75C>T;120A>G;123T>C;135C>T;141A>G;165G>A;168G>A;171T>G;174A>G;177G>A;181A>G;182A>C;183A>G],NA,p.[Asp17Lys;Lys61Ala],-1.2212900187116904,-1.2476386102191566,-1.1973986226480349,0.0239484935731843,-1.5461817,0.0621846450126592,-0.0065579387566304,0.1213420191329719
urn:mavedb:00000394-a-1#2342,c.[3C>T;6T>G;12C>T;21C>T;36T>C;49G>A;51C>A;57T>G;72C>T;75C>T;120A>G;123T>C;126C>T;141A>G;165G>A;168G>A;171T>G;174A>G;177G>A;181A>G;182A>G;183A>T],NA,p.[Asp17Lys;Lys61Gly],-1.5582050806815964,-1.6024435568418045,-1.523069611893093,0.0340557898901032,-1.5451245,-15.0,-25.0,-1.7136649031680435
urn:mavedb:00000394-a-1#2343,c.[3C>T;6T>G;15A>G;21C>T;36T>C;42C>G;49G>A;51C>A;54G>A;120A>G;123T>C;126C>T;135C>T;141A>G;147G>C;150C>T;153A>G;156T>C;168G>A;180G>C;182A>T;183A>G;195G>A;207T>C],NA,p.[Asp17Lys;Lys61Met],-1.094780576348795,-1.132076925417078,-1.0356964391913663,0.0368273006445412,-1.5481696,0.3539571958578599,0.2751646320837798,0.4716459026657659
urn:mavedb:00000394-a-1#2344,c.[3C>T;6T>G;12C>T;21C>T;36T>C;42C>G;49G>A;51C>A;57T>G;120A>G;123T>C;138T>C;141A>G;168G>A;171T>G;174A>G;177G>A;181A>C;182A>T;183A>G;198G>T],NA,p.[Asp17Lys;Lys61Leu],-1.0558444551741315,-1.0869757674113678,-1.0166905106597517,0.0340923796014542,-1.5471492,0.430372687784355,0.3678847242287243,0.5060172181913222
urn:mavedb:00000394-a-1#2345,c.[3C>T;6T>G;12C>T;21C>T;39C>T;42C>G;49G>A;51C>G;72C>T;75C>T;120A>G;123T>C;132C>T;138T>C;141A>G;165G>A;168G>A;174A>G;181A>G;182A>T;183A>T],NA,p.[Asp17Lys;Lys61Val],-1.2706876282267645,-1.308078673106515,-1.192429151898488,0.0343964298851605,-1.5463047,-0.0698895983219522,-0.1818727070184072,0.1336045798822118
urn:mavedb:00000394-a-1#2346,c.[21C>T;36T>C;42C>G;49G>A;51C>A;54G>A;84C>T;102T>C;120A>G;123T>C;141A>G;165G>A;171T>G;174A>G;177G>A;182A>T;183A>C],NA,p.[Asp17Lys;Lys61Ile],-1.1150461480797738,-1.153086797172324,-1.0643335968230792,0.0364758504215031,-1.547831,0.3109164881366804,0.2281678269551184,0.4149101308301449
urn:mavedb:00000394-a-1#2347,c.[3C>T;6T>G;21C>T;36T>C;42C>G;49G>A;51C>A;57T>G;66G>A;120A>G;132C>T;141A>G;165G>A;168G>A;177G>A;180G>C;181A>T;182A>G;183A>G],NA,p.[Asp17Lys;Lys61Trp],-0.901646603402758,-0.9402093940070037,-0.8774487978319829,0.0338691891451714,-1.5521197,0.7221245703788877,0.6548802879674939,0.7634378393319656
urn:mavedb:00000394-a-1#2348,c.[21C>T;36T>C;42C>G;49G>A;51C>A;54G>A;69T>C;72C>T;78C>T;120A>G;123T>C;129G>A;168G>A;171T>G;174A>G;177G>A;181A>T;183A>C],NA,p.[Asp17Lys;Lys61Tyr],-1.0755833449981145,-1.1016077832557536,-1.0108878688220986,0.0267915602127957,-1.5495343,0.395816953374643,0.3426571360831563,0.5214652379240754
urn:mavedb:00000394-a-1#2349,c.[3C>T;6T>G;15A>G;21C>T;36T>C;42C>G;49G>A;51C>G;54G>A;66G>A;120A>G;123T>C;141A>G;165G>A;168G>A;174A>G;181A>T;182A>T;183A>T;189G>A],NA,p.[Asp17Lys;Lys61Phe],-1.116395926234421,-1.1520508227475166,-1.0826187621038543,0.0266255745240222,-1.5511341,0.3150458465112971,0.237841506890727,0.3848506792582198
urn:mavedb:00000394-a-1#2350,c.[3C>T;6T>G;21C>T;36T>C;49G>A;51C>A;54G>A;63G>C;66G>A;69T>C;72C>T;120A>G;123T>C;129G>A;138T>C;141A>G;171T>G;177G>A;181A>C;182A>C;183A>G;207T>C],NA,p.[Asp17Lys;Lys61Pro],-1.5428178871534317,-1.6348095072495494,-1.46412560387664,0.0449149486416412,-1.545845,-2.8782707595135046,-25.0,-0.9133637425648876
urn:mavedb:00000394-a-1#2351,c.[18C>T;21C>T;30G>C;42C>G;49G>A;50A>C;51C>T;75C>T;108G>C;120A>G;123T>C;126C>T;171T>G;174A>G;177G>A;181A>C;183A>G],NA,p.[Asp17Thr;Lys61Gln],-0.9960506405350376,-1.0303328742079956,-0.9574033498005918,0.0214964702083043,-1.5431924,0.5373725636467047,0.4723927256160437,0.6082396087681384
urn:mavedb:00000394-a-1#2352,c.[15A>G;21C>T;36T>C;42C>G;49G>A;50A>C;51C>T;69T>C;72C>T;120A>G;123T>C;144C>T;165G>A;171T>G;174A>G;177G>A;181A>G],NA,p.[Asp17Thr;Lys61Glu],-1.1256758602089474,-1.1396974786534857,-1.1055405580179458,0.0206190829959497,-1.5412903,0.2741300947070456,0.2434106421248025,0.3171838554011996
urn:mavedb:00000394-a-1#2353,c.[3C>T;6T>G;12C>T;21C>T;36T>C;42C>G;49G>A;50A>C;51C>T;120A>G;123T>C;141A>G;165G>A;168G>A;174A>G;180G>C;183A>C],NA,p.[Asp17Thr;Lys61Asn],-1.431200611577821,-1.4608811671301831,-1.3909508933616248,0.0310535237853876,-1.5430675,-0.7103500485011092,-0.9097370410658532,-0.5038515752677473
urn:mavedb:00000394-a-1#2354,c.[3C>T;6T>G;15A>G;21C>T;36T>C;42C>G;49G>A;50A>C;51C>T;66G>A;69T>C;120A>G;123T>C;141A>G;165G>A;171T>G;177G>A;180G>C;181A>C;183A>C;198G>T;207T>C],NA,p.[Asp17Thr;Lys61His],-1.2881515674550783,-1.348383388181727,-1.2401346489063076,0.0329949838197902,-1.5425158,-0.1320616062042689,-0.3324708416502478,0.0037088573757486
urn:mavedb:00000394-a-1#2355,c.[3C>T;6T>G;12C>T;21C>T;36T>C;42C>G;49G>A;50A>C;51C>T;120A>G;123T>C;141A>G;177G>A;181A>G;183A>C],NA,p.[Asp17Thr;Lys61Asp],-1.3373075285934175,-1.3759415156030683,-1.3079841986665224,0.0273963437409921,-1.5414472,-0.2961243832563611,-0.4454369864619675,-0.1970535108591822
urn:mavedb:00000394-a-1#2356,c.[6T>G;9G>A;15A>G;18C>T;21C>T;30G>C;36T>C;49G>A;50A>C;51C>T;72C>T;75C>T;78C>T;120A>G;123T>C;141A>G;153A>G;165G>A;168G>A;171T>G;174A>G;181A>C;182A>G;183A>T],NA,p.[Asp17Thr;Lys61Arg],-1.2555483689020988,-1.2823454032468102,-1.227461351045057,0.042581218253879,-1.5741196,0.0460448830582146,-0.0248956722139683,0.1161837981116929
urn:mavedb:00000394-a-1#2357,c.[12C>T;21C>T;42C>G;49G>A;50A>C;51C>T;54G>A;57T>G;84C>T;108G>C;120A>G;123T>C;126C>T;138T>C;141A>G;165G>A;168G>A;171T>G;174A>G;180G>C;182A>C;183A>T],NA,p.[Asp17Thr;Lys61Thr],-1.0626108270166237,-1.1748630801835125,-0.973977639303198,0.081998714373799,-1.5433884,0.4094933600784584,0.1682596225586493,0.5784923526877185
urn:mavedb:00000394-a-1#2358,c.[6T>G;9G>A;12C>T;21C>T;36T>C;42C>G;49G>A;50A>C;51C>T;69T>C;72C>T;120A>G;123T>C;138T>C;141A>G;174A>G;181A>T;182A>C;183A>T],NA,p.[Asp17Thr;Lys61Ser],-1.344811624511764,-1.3989487063131063,-1.2963934099308283,0.0374288020959598,-1.5433097,-0.3164375238601525,-0.5396773701496113,-0.1547488349081106
urn:mavedb:00000394-a-1#2359,c.[6T>G;9G>A;12C>T;21C>T;36T>C;39C>T;42C>G;49G>A;50A>C;51C>T;87T>C;120A>G;123T>C;138T>C;141A>G;165G>A;171T>G;174A>G;181A>G;182A>C;183A>G],NA,p.[Asp17Thr;Lys61Ala],-1.09943712420184,-1.1214548272474707,-1.041407864656931,0.0303973333122415,-1.5448427,0.3374174427393964,0.2908928926651642,0.4541372858764564
urn:mavedb:00000394-a-1#2360,c.[9G>A;27G>A;39C>T;49G>A;50A>C;51C>T;57T>G;120A>G;123T>C;141A>G;165G>A;168G>A;177G>A;181A>G;182A>G;183A>T],NA,p.[Asp17Thr;Lys61Gly],-1.3272067254486013,-1.4000599333849424,-1.2766511999554702,0.0323863598599313,-1.5437832,-0.2528491273577254,-0.5426947718427052,-0.0942794535098902
urn:mavedb:00000394-a-1#2361,c.[3C>T;6T>G;12C>T;21C>T;30G>C;39C>T;49G>A;50A>C;51C>T;72C>T;75C>T;102T>C;126C>T;135C>T;141A>G;165G>A;171T>G;174A>G;177G>A;182A>T;183A>G],NA,p.[Asp17Thr;Lys61Met],-0.99607765353938,-1.0141802693920547,-0.97163258974371,0.0262858294389971,-1.5468345,0.5441016076057745,0.5101718066053541,0.5890552094754783
urn:mavedb:00000394-a-1#2362,c.[3C>T;6T>G;18C>T;21C>T;36T>C;42C>G;49G>A;50A>C;51C>T;120A>G;123T>C;141A>G;177G>A;181A>C;182A>T;183A>G],NA,p.[Asp17Thr;Lys61Leu],-0.9688225296392452,-1.0086809910347925,-0.905882204883215,0.0336922116478172,-1.5458117,0.5923057223523754,0.5186158655707938,0.7039212045978777
urn:mavedb:00000394-a-1#2363,c.[3C>T;21C>T;39C>T;42C>G;49G>A;50A>C;51C>T;69T>C;72C>T;120A>G;123T>C;135C>T;138T>C;141A>G;150C>T;171T>G;177G>A;181A>G;182A>T;183A>T],NA,p.[Asp17Thr;Lys61Val],-1.0811554499877878,-1.1247486475881188,-1.028747125903526,0.0303405630065869,-1.5449657,0.3753036920412536,0.2840770043421139,0.4788556431641008
urn:mavedb:00000394-a-1#2364,c.[3C>T;6T>G;12C>T;21C>T;36T>C;39C>T;49G>A;50A>C;51C>T;60T>C;72C>T;75C>T;120A>G;123T>C;126C>T;138T>C;141A>G;177G>A;182A>T;183A>C],NA,p.[Asp17Thr;Lys61Ile],-1.167984738191889,-1.1996000143313588,-1.116982360294436,0.0269563388872717,-1.546495,0.1913787544100853,0.1167658484252761,0.3039731710050142
urn:mavedb:00000394-a-1#2365,c.[21C>T;36T>C;42C>G;49G>A;50A>C;51C>T;63G>C;120A>G;123T>C;129G>A;138T>C;141A>G;144C>T;165G>A;168G>A;177G>A;181A>T;182A>G;183A>G],NA,p.[Asp17Thr;Lys61Trp],-0.8269185318732265,-0.8601875891909082,-0.7930561207630739,0.0377973831568616,-1.5507927,0.8456086914821092,0.790305770158571,0.900895668839266
urn:mavedb:00000394-a-1#2366,c.[3C>T;6T>G;18C>T;21C>T;36T>C;42C>G;49G>A;50A>C;51C>T;120A>G;123T>C;141A>G;165G>A;168G>A;174A>G;181A>T;183A>C],NA,p.[Asp17Thr;Lys61Tyr],-1.0631216987608778,-1.0906194477425617,-1.0436106207513969,0.0223352282894399,-1.548202,0.4180557724201863,0.3625795089142555,0.4563857606338591
urn:mavedb:00000394-a-1#2367,c.[12C>T;21C>T;36T>C;42C>G;49G>A;50A>C;51C>T;120A>G;123T>C;138T>C;141A>G;165G>A;168G>A;177G>A;180G>C;181A>T;182A>T;183A>C],NA,p.[Asp17Thr;Lys61Phe],-1.027267839664908,-1.061162797964046,-0.9986564813634412,0.0359763301411778,-1.5498047,0.4909526575698123,0.4251130347138786,0.5448276852138362
urn:mavedb:00000394-a-1#2368,c.[6T>G;9G>A;12C>T;15A>G;21C>T;36T>C;42C>G;49G>A;50A>C;51C>T;54G>A;120A>G;123T>C;141A>G;168G>A;174A>G;181A>C;182A>C;183A>G],NA,p.[Asp17Thr;Lys61Pro],-1.6009094764293792,-1.6541841729983624,-1.5660734435894863,0.0445677944976016,-1.5445046,-15.0,-25.0,-5.0
urn:mavedb:00000394-a-1#2369,c.[9G>A;12C>T;21C>T;36T>C;42C>G;49G>T;50A>C;51C>T;78C>T;105C>T;120A>G;135C>T;141A>G;174A>G;181A>C;183A>G;186A>G],NA,p.[Asp17Ser;Lys61Gln],-0.996487527123664,-1.037018620622448,-0.9551416926745776,0.027445012826861,-1.5428162,0.5358558640554494,0.4587312875164077,0.6116387275816463
urn:mavedb:00000394-a-1#2370,c.[3C>T;6T>G;12C>T;21C>T;36T>C;42C>G;49G>T;50A>C;51C>T;69T>C;72C>T;120A>G;123T>C;138T>C;141A>G;156T>C;165G>A;171T>G;174A>G;177G>A;181A>G;183A>G],NA,p.[Asp17Ser;Lys61Glu],-0.9297715784090184,-0.9640180039223836,-0.8813841011584872,0.037705685766936,-1.5409126,0.6535253455607654,0.5921361000239579,0.7376662179582428
urn:mavedb:00000394-a-1#2371,c.[15A>G;30G>C;36T>C;42C>G;49G>T;50A>C;51C>T;69T>C;78C>T;87T>C;120A>G;123T>C;126C>T;141A>G;165G>A;171T>G;183A>C],NA,p.[Asp17Ser;Lys61Asn],-1.359416434266552,-1.3997003863683657,-1.2966833279628902,0.0265829100651231,-1.5426908,-0.3736293517734627,-0.5461759656348101,-0.1575515815612028
urn:mavedb:00000394-a-1#2372,c.[12C>T;21C>T;36T>C;39C>T;42C>G;49G>T;50A>C;51C>T;54G>A;78C>T;120A>G;141A>G;181A>C;183A>T;195G>A],NA,p.[Asp17Ser;Lys61His],-1.196303288650387,-1.2372354712595008,-1.154435939323829,0.0277841045163616,-1.542139,0.1141925722791828,0.010406696181227,0.2123301962361966
urn:mavedb:00000394-a-1#2373,c.[3C>T;6T>G;12C>T;21C>T;36T>C;39C>T;49G>T;50A>C;51C>T;57T>G;63G>C;75C>T;108G>C;120A>G;123T>C;132C>T;141A>G;168G>A;174A>G;181A>G;183A>C],NA,p.[Asp17Ser;Lys61Asp],-1.1986222595898752,-1.2722145537140634,-1.1043713092658072,0.0442166691761843,-1.5410695,0.1059227381389011,-0.0892815124829224,0.3191829025568796
urn:mavedb:00000394-a-1#2374,c.[6T>G;9G>A;12C>T;21C>T;36T>C;42C>G;49G>T;50A>C;51C>T;63G>C;69T>C;72C>T;78C>T;120A>G;123T>C;138T>C;141A>G;147G>C;171T>G;174A>G;177G>A;181A>C;182A>G;183A>T;192C>T;195G>A],NA,p.[Asp17Ser;Lys61Arg],-1.118198729552876,-1.1716372986850818,-1.060480803985003,0.0502056817262588,-1.5737615,0.3584237613387734,0.2445769347996315,0.473192728078575
urn:mavedb:00000394-a-1#2375,c.[3C>T;6T>G;18C>T;21C>T;36T>C;42C>G;49G>T;50A>C;51C>T;54G>A;78C>T;102T>C;111G>C;120A>G;123T>C;126C>T;135C>T;141A>G;147G>C;165G>A;171T>G;174A>G;177G>A;182A>C;183A>C;186A>G],NA,p.[Asp17Ser;Lys61Thr],-1.2546632342651085,-1.2838765890315502,-1.2148237614114448,0.0368915692508993,-1.5430117,-0.0342797573609731,-0.1177850653832292,0.0705154964407431
urn:mavedb:00000394-a-1#2376,c.[3C>T;15A>G;21C>T;36T>C;42C>G;49G>T;50A>C;51C>T;120A>G;123T>C;132C>T;141A>G;165G>A;171T>G;174A>G;177G>A;181A>T;182A>C;183A>T],NA,p.[Asp17Ser;Lys61Ser],-1.2534434574328477,-1.2885674354798236,-1.2255057284507902,0.0332466149243486,-1.5429335,-0.0311415825216734,-0.1320561773507224,0.0431107141456763
urn:mavedb:00000394-a-1#2377,c.[3C>T;6T>G;12C>T;21C>T;36T>C;42C>G;49G>T;50A>C;51C>T;69T>C;72C>T;120A>G;123T>C;141A>G;156T>C;165G>A;171T>G;174A>G;177G>A;180G>C;181A>G;182A>C;183A>G;198G>T],NA,p.[Asp17Ser;Lys61Ala],-1.0220630982348495,-1.0496779959985538,-1.005566810401099,0.0333918241341715,-1.5444674,0.490701730272698,0.4372322007173465,0.5219449863905214
urn:mavedb:00000394-a-1#2378,c.[21C>T;36T>C;42C>G;49G>T;50A>C;51C>T;57T>G;69T>C;72C>T;120A>G;123T>C;138T>C;141A>G;156T>C;165G>A;168G>A;177G>A;181A>G;182A>G;183A>T],NA,p.[Asp17Ser;Lys61Gly],-1.327035289353682,-1.3711949631549805,-1.2761349553762071,0.02843762478447,-1.5434074,-0.2535443999337127,-0.4176287261920653,-0.0938711450714674
urn:mavedb:00000394-a-1#2379,c.[3C>T;6T>G;21C>T;30G>C;42C>G;49G>T;50A>C;51C>T;72C>T;75C>T;120A>G;123T>C;129G>A;141A>G;171T>G;177G>A;182A>T;183A>G],NA,p.[Asp17Ser;Lys61Met],-0.962956009935859,-0.9956485217055348,-0.9043686657023576,0.0364915213707207,-1.5464602,0.6041122130601548,0.5442036842094972,0.707664847548452
urn:mavedb:00000394-a-1#2380,c.[3C>T;6T>G;18C>T;21C>T;36T>C;42C>G;49G>T;50A>C;51C>T;54G>A;69T>C;72C>T;120A>G;123T>C;141A>G;174A>G;181A>C;182A>T;183A>G],NA,p.[Asp17Ser;Lys61Leu],-0.8528009319861736,-0.8784675276687991,-0.8384414127290938,0.0304902285402775,-1.5454364,0.7937140644186512,0.7503607114413331,0.8176828941942674
urn:mavedb:00000394-a-1#2381,c.[12C>T;21C>T;30G>C;36T>C;49G>T;50A>C;51C>T;57T>G;60T>C;75C>T;84C>T;102T>C;120A>G;123T>C;126C>T;141A>G;156T>C;165G>A;171T>G;174A>G;177G>A;181A>G;182A>T;183A>T;186A>G;198G>T;207T>C],NA,p.[Asp17Ser;Lys61Val],-1.0771442451480508,-1.1059796724280122,-1.033340981616424,0.0336710090918597,-1.54459,0.3826869292983634,0.3232041626544487,0.4692853296073869
urn:mavedb:00000394-a-1#2382,c.[3C>T;15A>G;21C>T;36T>C;42C>G;49G>T;50A>C;51C>T;54G>A;120A>G;123T>C;141A>G;171T>G;174A>G;182A>T;183A>C],NA,p.[Asp17Ser;Lys61Ile],-1.143104952532442,-1.1948550714619752,-1.107520514083779,0.0405932336032742,-1.5461206,0.2465556065769729,0.1273341605777444,0.3231821394278846
urn:mavedb:00000394-a-1#2383,c.[3C>T;6T>G;18C>T;36T>C;42C>G;49G>T;50A>C;51C>T;63G>C;99G>C;105C>T;108G>C;114C>T;120A>G;132C>T;141A>G;165G>A;171T>G;174A>G;177G>A;181A>T;182A>G;183A>G],NA,p.[Asp17Ser;Lys61Trp],-0.5582683526136074,-0.6481027736225293,-0.5120088049237471,0.0677137326505678,-1.5504203,1.26324024332353,1.127861294441593,1.3316827880084663
urn:mavedb:00000394-a-1#2384,c.[3C>T;15A>G;21C>T;27G>A;42C>G;49G>T;50A>C;51C>T;78C>T;108G>C;120A>G;123T>C;132C>T;141A>G;165G>A;168G>A;171T>G;174A>G;181A>T;183A>C],NA,p.[Asp17Ser;Lys61Tyr],-0.8031542167018216,-0.8474709184684592,-0.7581047379633737,0.0724022807527765,-1.5478282,0.8796830474086967,0.8066263391169247,0.9522910134946307
urn:mavedb:00000394-a-1#2385,c.[3C>T;12C>T;18C>T;21C>T;36T>C;39C>T;49G>T;50A>C;51C>T;75C>T;78C>T;87T>C;108G>C;120A>G;123T>C;141A>G;165G>A;168G>A;171T>G;174A>G;181A>T;182A>T;183A>C;186A>G],NA,p.[Asp17Ser;Lys61Phe],-0.8439555001708678,-0.8850521516550165,-0.8000483158845403,0.0569815810486161,-1.5494328,0.8151564129114002,0.7459485232642562,0.8873480336433127
urn:mavedb:00000394-a-1#2386,c.[3C>T;6T>G;21C>T;36T>C;42C>G;48C>T;49G>T;50A>C;51C>T;63G>C;66G>A;84C>T;87T>C;102T>C;111G>C;120A>G;123T>C;135C>T;141A>G;165G>A;171T>G;174A>G;177G>A;180G>C;181A>C;182A>C;183A>G],NA,p.[Asp17Ser;Lys61Pro],-1.4992337762585204,-1.5575266611850536,-1.4241968354088712,0.0538483571631436,-1.5441294,-1.285946476109021,-25.0,-0.6643442484821386
urn:mavedb:00000394-a-1#2387,c.[3C>T;12C>T;21C>T;36T>C;42C>G;48C>T;50A>C;51C>G;54G>A;60T>C;63G>C;120A>G;123T>C;141A>G;165G>A;171T>G;174A>G;177G>A;181A>C;183A>G;198G>T],NA,p.[Asp17Ala;Lys61Gln],-0.6948726502906657,-0.7556861959868492,-0.6307957003756542,0.0614100469230873,-1.5440655,1.0459659714440068,0.9501492812982678,1.144568758540626
urn:mavedb:00000394-a-1#2388,c.[3C>T;12C>T;21C>T;36T>C;42C>G;50A>C;51C>G;54G>A;120A>G;123T>C;141A>G;150C>T;162G>C;165G>A;168G>A;177G>A;181A>G],NA,p.[Asp17Ala;Lys61Glu],-1.0793474770062566,-1.1425695939904583,-1.031074448393006,0.0279219097223736,-1.5421653,0.3732836103301959,0.2389824993543574,0.4689808831958055
urn:mavedb:00000394-a-1#2389,c.[21C>T;36T>C;42C>G;48C>T;50A>C;51C>G;63G>C;66G>A;120A>G;123T>C;165G>A;171T>G;174A>G;183A>C],NA,p.[Asp17Ala;Lys61Asn],-1.4254512759120763,-1.463875728179535,-1.3736328022047437,0.036203639376845,-1.5439391,-0.672382514693829,-0.9263781127203576,-0.4254409669227594
urn:mavedb:00000394-a-1#2390,c.[3C>T;6T>G;12C>T;21C>T;36T>C;42C>G;50A>C;51C>G;54G>A;63G>C;72C>T;75C>T;120A>G;141A>G;165G>A;168G>A;174A>G;181A>C;183A>C],NA,p.[Asp17Ala;Lys61His],-1.307222147381046,-1.338177581695666,-1.2584753618740814,0.0276853193396643,-1.5433888,-0.1884079123235135,-0.29231652357392,-0.0437757718505815
urn:mavedb:00000394-a-1#2391,c.[6T>G;9G>A;12C>T;21C>T;36T>C;42C>G;48C>T;50A>C;51C>G;72C>T;75C>T;120A>G;123T>C;126C>T;141A>G;171T>G;177G>A;181A>G;183A>C],NA,p.[Asp17Ala;Lys61Asp],-1.2954031493658222,-1.3341741082233016,-1.2603279227023791,0.0310530299283352,-1.5423222,-0.1547401217180148,-0.2819578706851213,-0.0519092270137521
urn:mavedb:00000394-a-1#2392,c.[12C>T;21C>T;36T>C;42C>G;50A>C;51C>G;54G>A;66G>A;69T>C;72C>T;120A>G;123T>C;132C>T;135C>T;138T>C;141A>G;165G>A;168G>A;171T>G;174A>G;181A>C;182A>G;183A>T],NA,p.[Asp17Ala;Lys61Arg],-1.2817340246773783,-1.3184879583207885,-1.2222485109627694,0.034619078860051,-1.5749488,-0.0209698301707841,-0.1257704464002913,0.1307772921724293
urn:mavedb:00000394-a-1#2393,c.[21C>T;36T>C;42C>G;48C>T;50A>C;51C>G;63G>C;120A>G;123T>C;132C>T;141A>G;165G>A;171T>G;174A>G;177G>A;182A>C;183A>T],NA,p.[Asp17Ala;Lys61Thr],-1.209074098490744,-1.2439018467891192,-1.1810226811538689,0.044921986956018,-1.54426,0.0880163309718989,-0.0016912723911007,0.1558540421445076
urn:mavedb:00000394-a-1#2394,c.[21C>T;36T>C;42C>G;50A>C;51C>G;54G>A;78C>T;120A>G;141A>G;171T>G;174A>G;177G>A;180G>C;182A>C;183A>T],NA,p.[Asp17Ala;Lys61Thr],-1.2471987409812997,-1.3132054524686276,-1.1289563784958967,0.0491874707245799,-1.5671425,0.0495681529256607,-0.1333547033066562,0.3223054022717774
urn:mavedb:00000394-a-1#2395,c.[15A>G;21C>T;36T>C;42C>G;50A>C;51C>G;54G>A;57T>G;60T>C;120A>G;123T>C;144C>T;165G>A;171T>G;174A>G;177G>A;181A>T;182A>C;183A>T],NA,p.[Asp17Ala;Lys61Ser],-1.364473632168591,-1.3944650918088148,-1.343656938999281,0.0228492570742471,-1.5441818,-0.3875740154117313,-0.5147707721977469,-0.309088536977243
urn:mavedb:00000394-a-1#2396,c.[3C>T;6T>G;18C>T;21C>T;36T>C;42C>G;50A>C;51C>T;120A>G;123T>C;135C>T;141A>G;165G>A;171T>G;174A>G;177G>A;181A>G;182A>C;183A>G],NA,p.[Asp17Ala;Lys61Ala],-1.013072798266263,-1.0505567395258717,-0.989160401200427,0.0291194279007825,-1.545713,0.5101457476512515,0.4379522690997076,0.5548471344350959
urn:mavedb:00000394-a-1#2397,c.[15A>G;21C>T;36T>C;42C>G;50A>C;51C>G;54G>A;66G>A;69T>C;72C>T;120A>G;123T>C;138T>C;141A>G;144C>T;165G>A;171T>G;174A>G;177G>A;181A>G;182A>G;183A>T],NA,p.[Asp17Ala;Lys61Gly],-1.4261148417392766,-1.4764396030861433,-1.3814446277229382,0.0286790833183107,-1.5446548,-0.6720910843271835,-1.0274041546246733,-0.4551679652175133
urn:mavedb:00000394-a-1#2398,c.[3C>T;6T>G;12C>T;21C>T;36T>C;42C>G;50A>C;51C>T;72C>T;75C>T;102T>C;111G>C;120A>G;123T>C;135C>T;141A>G;165G>A;171T>G;174A>G;177G>A;180G>C;182A>T;183A>G],NA,p.[Asp17Ala;Lys61Met],-0.9577536245554876,-0.9887712430326244,-0.926457175366617,0.0247361102375154,-1.5477023,0.6157292923848957,0.55923984989357,0.6713292387610702
urn:mavedb:00000394-a-1#2399,c.[21C>T;39C>T;42C>G;50A>C;51C>G;54G>A;66G>A;78C>T;108G>C;120A>G;123T>C;129G>A;138T>C;141A>G;168G>A;171T>G;174A>G;177G>A;181A>C;182A>T;183A>G],NA,p.[Asp17Ala;Lys61Leu],-0.7729732242297094,-0.8428136784324084,-0.7330323701376914,0.0534335124348208,-1.5466805,0.9266541922393198,0.8124773518597469,0.9902526728022468
urn:mavedb:00000394-a-1#2400,c.[3C>T;6T>G;15A>G;21C>T;36T>C;42C>G;50A>C;51C>T;120A>G;123T>C;141A>G;165G>A;171T>G;174A>G;177G>A;181A>G;182A>T;183A>G],NA,p.[Asp17Ala;Lys61Val],-1.1324011801004032,-1.1501734964133314,-1.0807159490647835,0.035249992024549,-1.5458355,0.2693936498486899,0.2302202123106836,0.3779660654107058
urn:mavedb:00000394-a-1#2401,c.[3C>T;6T>G;12C>T;21C>T;36T>C;42C>G;50A>C;51C>G;54G>A;57T>G;63G>C;66G>A;75C>T;78C>T;120A>G;123T>C;129G>A;135C>T;150C>T;171T>G;174A>G;177G>A;180G>C;182A>T;183A>C],NA,p.[Asp17Ala;Lys61Ile],-1.0298182983164197,-1.069108077461791,-0.9538776076117432,0.039357173776654,-1.5473628,0.4814000654692637,0.4044509551342011,0.6220794721543341
urn:mavedb:00000394-a-1#2402,c.[18C>T;21C>T;27G>A;39C>T;48C>T;50A>C;51C>G;57T>G;63G>C;120A>G;123T>C;141A>G;165G>A;168G>A;177G>A;181A>T;182A>G;183A>G;207T>C],NA,p.[Asp17Ala;Lys61Trp],-0.8361396773018251,-0.8762276294186309,-0.81299941301317,0.0301478694362663,-1.5516548,0.8318091951172268,0.7647191483841476,0.8698590651491028
urn:mavedb:00000394-a-1#2403,c.[6T>G;9G>A;21C>T;36T>C;42C>G;50A>C;51C>T;57T>G;66G>A;120A>G;123T>C;126C>T;135C>T;177G>A;180G>C;181A>T;183A>C],NA,p.[Asp17Ala;Lys61Tyr],-1.072165719000176,-1.109350907200732,-1.0065797935547682,0.0195749305448608,-1.5490675,0.4017410019264065,0.3255252236864841,0.5286723954369155
urn:mavedb:00000394-a-1#2404,c.[6T>G;9G>A;12C>T;21C>T;36T>C;42C>G;50A>C;51C>T;57T>G;69T>C;75C>T;102T>C;111G>C;120A>G;123T>C;138T>C;141A>G;165G>A;171T>G;181A>T;182A>T;183A>C;186A>G;198G>T],NA,p.[Asp17Ala;Lys61Phe],-1.0413292882938745,-1.0884108580332656,-1.01231355376574,0.0434581129621811,-1.5506687,0.465592483254392,0.3721391855087742,0.5209172111703162
urn:mavedb:00000394-a-1#2405,c.[3C>T;6T>G;12C>T;21C>T;36T>C;42C>G;50A>C;51C>T;120A>G;123T>C;141A>G;165G>A;171T>G;174A>G;181A>C;182A>C],NA,p.[Asp17Ala;Lys61Pro],-1.6615595545965185,-1.7116497554643064,-1.6045378693751493,0.0466384284827293,-1.5453758,-15.0,-25.0,-5.0
urn:mavedb:00000394-a-1#2406,c.[21C>T;36T>C;42C>G;50A>G;54G>A;60T>C;120A>G;123T>C;141A>G;165G>A;171T>G;174A>G;177G>A;181A>C],NA,p.[Asp17Gly;Lys61Gln],-1.436785014418383,-1.4963789539849774,-1.3654491616405309,0.0400534593057924,-1.5389094,-0.7699718408998719,-1.3189416030135606,-0.4125519867849766
urn:mavedb:00000394-a-1#2407,c.[15A>G;21C>T;36T>C;42C>G;50A>G;54G>A;63G>C;69T>C;72C>T;120A>G;123T>C;138T>C;141A>G;165G>A;168G>A;181A>G],NA,p.[Asp17Gly;Lys61Glu],-1.2019016840176988,-1.2713921110254385,-1.1346687582135786,0.0518290816334602,-1.5369949,0.0877880420570597,-0.0987329154648336,0.2450344760853675
urn:mavedb:00000394-a-1#2408,c.[15A>G;21C>T;36T>C;42C>G;48C>T;50A>G;51C>T;54G>A;120A>G;123T>C;138T>C;141A>G;162G>C;165G>A;171T>G;174A>G;177G>A;183A>C;198G>T],NA,p.[Asp17Gly;Lys61Asn],-1.543286825855454,-1.6172598878890485,-1.5046833695799875,0.0469592080852912,-1.5387831,-15.0,-25.0,-1.4527949013089612
urn:mavedb:00000394-a-1#2409,c.[3C>T;6T>G;21C>T;36T>C;42C>G;48C>T;50A>G;51C>T;120A>G;123T>C;141A>G;168G>A;171T>G;174A>G;177G>A;180G>C;181A>C;183A>T;198G>T],NA,p.[Asp17Gly;Lys61His],-1.349503992733686,-1.4003911767094015,-1.30928191852458,0.0439016235299771,-1.538228,-0.35273474813107,-0.5710925910808543,-0.2116678263246434
urn:mavedb:00000394-a-1#2410,c.[3C>T;6T>G;12C>T;21C>T;36T>C;42C>G;48C>T;50A>G;120A>G;123T>C;141A>G;165G>A;168G>A;181A>G;183A>C],NA,p.[Asp17Gly;Lys61Asp],-1.4314512423265442,-1.4692380337486572,-1.382205713489275,0.0255148067661026,-1.5371528,-0.7475188983270168,-1.0301690357468718,-0.491155818681016
urn:mavedb:00000394-a-1#2411,c.[3C>T;6T>G;9G>A;15A>G;36T>C;42C>G;48C>T;50A>G;51C>T;54G>A;72C>T;75C>T;78C>T;120A>G;123T>C;126C>T;135C>T;141A>G;165G>A;168G>A;171T>G;174A>G;181A>C;182A>G;183A>T],NA,p.[Asp17Gly;Lys61Arg],-1.4845983938518463,-1.5388845618389173,-1.441730641437905,0.0418682154136743,-1.5700445,-0.88493357533918,-1.5070774920451746,-0.6193053462311395
urn:mavedb:00000394-a-1#2412,c.[12C>T;21C>T;36T>C;42C>G;48C>T;50A>G;72C>T;75C>T;120A>G;123T>C;138T>C;141A>G;165G>A;168G>A;177G>A;182A>C;183A>T],NA,p.[Asp17Gly;Lys61Thr],-1.4729125062519413,-1.5076308845247202,-1.4266158917202254,0.0288883383357256,-1.5391064,-1.0462340829051735,-1.5010157774849815,-0.7066906743178162
urn:mavedb:00000394-a-1#2413,c.[3C>T;21C>T;39C>T;48C>T;50A>G;72C>T;75C>T;84C>T;120A>G;141A>G;165G>A;171T>G;174A>G;177G>A;181A>T;182A>C;183A>T],NA,p.[Asp17Gly;Lys61Ser],-1.4121036861428862,-1.4734074500856116,-1.366589790959699,0.0473038760174851,-1.5390272,-0.6265933546370785,-1.051679902322089,-0.4167105636044175
urn:mavedb:00000394-a-1#2414,c.[12C>T;18C>T;21C>T;36T>C;42C>G;48C>T;50A>G;51C>T;60T>C;120A>G;123T>C;141A>G;165G>A;171T>G;174A>G;180G>C;181A>G;182A>C;183A>T],NA,p.[Asp17Gly;Lys61Ala],-1.3624809874651578,-1.4055064203701328,-1.3287118471579002,0.0262921557604083,-1.5405703,-0.3939771050465995,-0.5848290427848972,-0.2690325323244762
urn:mavedb:00000394-a-1#2415,c.[3C>T;18C>T;21C>T;36T>C;42C>G;48C>T;50A>G;51C>T;120A>G;123T>C;141A>G;181A>G;182A>G;183A>T;195G>A;207T>C],NA,p.[Asp17Gly;Lys61Gly],-1.536335574775615,-1.5805617624566168,-1.4895835616878643,0.0385200359528848,-1.5395036,-2.851786269524152,-25.0,-1.2210014339072106
urn:mavedb:00000394-a-1#2416,c.[15A>G;21C>T;30G>C;36T>C;42C>G;48C>T;50A>G;51C>T;54G>A;78C>T;87T>C;120A>G;123T>C;135C>T;138T>C;141A>G;165G>A;171T>G;174A>G;177G>A;182A>T;183A>G],NA,p.[Asp17Gly;Lys61Met],-1.036883220788631,-1.088909877036431,-0.9633891770269584,0.0418841121493311,-1.5425744,0.4585247814062306,0.3545269457236421,0.5962940429854501
urn:mavedb:00000394-a-1#2417,c.[3C>T;6T>G;36T>C;42C>G;50A>G;54G>A;108G>C;120A>G;123T>C;126C>T;132C>T;138T>C;141A>G;144C>T;150C>T;165G>A;168G>A;177G>A;181A>C;182A>T;183A>C],NA,p.[Asp17Gly;Lys61Leu],-0.9478931449933156,-0.9868379876433409,-0.903365848595462,0.0489582734670652,-1.5415449,0.622380860509249,0.5514331485691315,0.7008881632518655
urn:mavedb:00000394-a-1#2418,c.[6T>G;9G>A;21C>T;36T>C;42C>G;50A>G;54G>A;60T>C;66G>A;69T>C;72C>T;120A>G;123T>C;129G>A;141A>G;165G>A;171T>G;174A>G;177G>A;181A>G;182A>T;183A>T],NA,p.[Asp17Gly;Lys61Val],-1.357161649790625,-1.3959038702854685,-1.317102946244232,0.0345649188869783,-1.5406938,-0.37262949370274,-0.5376537874162913,-0.2292823402592695
urn:mavedb:00000394-a-1#2419,c.[3C>T;6T>G;12C>T;21C>T;36T>C;42C>G;50A>G;54G>A;57T>G;114C>T;120A>G;123T>C;129G>A;132C>T;135C>T;147G>C;150C>T;165G>A;168G>A;171T>G;174A>G;177G>A;182A>T;183A>C;195G>A],NA,p.[Asp17Gly;Lys61Ile],-1.1305642109391916,-1.19465233419557,-1.0825995524254284,0.0449426998959708,-1.5422325,0.2655481598701245,0.1184295085345696,0.366781172949451
urn:mavedb:00000394-a-1#2420,c.[6T>G;9G>A;12C>T;21C>T;50A>G;54G>A;57T>G;63G>C;69T>C;72C>T;120A>G;123T>C;129G>A;135C>T;153A>G;165G>A;168G>A;171T>G;174A>G;177G>A;181A>T;182A>G;183A>G;207T>C],NA,p.[Asp17Gly;Lys61Trp],-0.7844401785926204,-0.8449618157045449,-0.6997606239624121,0.0604024511440509,-1.5465584,0.9079843213711066,0.8086943281476073,1.0422342316416346
urn:mavedb:00000394-a-1#2421,c.[12C>T;21C>T;27G>A;48C>T;50A>G;51C>T;120A>G;123T>C;138T>C;141A>G;165G>A;168G>A;181A>T;183A>C],NA,p.[Asp17Gly;Lys61Tyr],-1.1266732530284496,-1.1757581392006569,-1.091073087814458,0.0491191874385528,-1.543951,0.2777318479186233,0.1674828845334321,0.3529046550779403
urn:mavedb:00000394-a-1#2422,c.[21C>T;30G>C;39C>T;42C>G;48C>T;50A>G;51C>T;69T>C;72C>T;120A>G;123T>C;138T>C;141A>G;165G>A;168G>A;171T>G;177G>A;180G>C;181A>T;182A>T;183A>T],NA,p.[Asp17Gly;Lys61Phe],-1.035801058555959,-1.1041129434157786,-0.9845662510720928,0.0391209485904424,-1.5455647,0.4664149453962993,0.3291624666968785,0.5630523009615076
urn:mavedb:00000394-a-1#2423,c.[9G>A;21C>T;36T>C;42C>G;50A>G;54G>A;60T>C;63G>C;69T>C;72C>T;78C>T;111G>C;114C>T;120A>G;123T>C;132C>T;144C>T;147G>C;150C>T;162G>C;165G>A;168G>A;177G>A;181A>C;182A>C],NA,p.[Asp17Gly;Lys61Pro],0.1277186083733484,0.0622988878095989,0.2297094951358614,0.1410509986115413,-1.5402308,2.2174171633782374,2.1276300116926667,2.3569394179445697
urn:mavedb:00000394-a-1#2424,c.[3C>T;6T>G;12C>T;21C>T;36T>C;42C>G;49G>A;50A>T;51C>G;72C>T;75C>T;120A>G;123T>C;144C>T;165G>A;168G>A;171T>G;177G>A;181A>C;183A>G],NA,p.[Asp17Met;Lys61Gln],-0.991601798128492,-1.013023187200844,-0.963368562134846,0.0304097426808298,-1.565844,0.5872996580285487,0.5479265126849056,0.638134368863057
urn:mavedb:00000394-a-1#2425,c.[9G>A;36T>C;39C>T;42C>G;49G>A;50A>T;51C>G;57T>G;78C>T;108G>C;111G>C;120A>G;138T>C;141A>G;165G>A;168G>A;174A>G;181A>G],NA,p.[Asp17Met;Lys61Glu],-1.0965716744564036,-1.1652599616619894,-1.0283938769434655,0.0387038052965914,-1.5640087,0.3826625233065436,0.2370941196966076,0.5157532204960618
urn:mavedb:00000394-a-1#2426,c.[3C>T;6T>G;21C>T;36T>C;42C>G;49G>A;50A>T;51C>G;120A>G;123T>C;141A>G;165G>A;168G>A;177G>A;183A>C],NA,p.[Asp17Met;Lys61Asn],-1.340452353653116,-1.388062977869548,-1.2991610601994843,0.0397544844130724,-1.5657234,-0.2237266492085557,-0.3956860379071591,-0.0959416292139257
urn:mavedb:00000394-a-1#2427,c.[3C>T;6T>G;21C>T;36T>C;42C>G;49G>A;50A>T;51C>G;60T>C;120A>G;123T>C;132C>T;141A>G;165G>A;171T>G;174A>G;177G>A;181A>C;183A>C],NA,p.[Asp17Met;Lys61His],-1.1921796084994465,-1.2325392099310288,-1.1496588065534934,0.0366273786543377,-1.5651913,0.1786899728899279,0.0817025863709159,0.2739450295880062
urn:mavedb:00000394-a-1#2428,c.[18C>T;21C>T;27G>A;49G>A;50A>T;51C>G;54G>A;120A>G;123T>C;138T>C;141A>G;165G>A;168G>A;177G>A;181A>G;183A>C],NA,p.[Asp17Met;Lys61Asp],-1.317836322893112,-1.3434607628144748,-1.2731122142763287,0.0464759480094666,-1.5641599,-0.1565802847883187,-0.2389325004345867,-0.0268785803141874
urn:mavedb:00000394-a-1#2429,c.[3C>T;6T>G;15A>G;36T>C;42C>G;49G>A;50A>T;51C>G;63G>C;69T>C;72C>T;99G>C;105C>T;108G>C;111G>C;120A>G;123T>C;126C>T;132C>T;135C>T;141A>G;153A>G;165G>A;171T>G;177G>A;180G>C;181A>C;182A>G;183A>T],NA,p.[Asp17Met;Lys61Arg],-0.9494674167820294,-1.0253522620604412,-0.911626922050157,0.0867416524143559,-1.5956116,0.7146433185968513,0.5800214693752879,0.7791496679361329
urn:mavedb:00000394-a-1#2430,c.[12C>T;21C>T;36T>C;42C>G;49G>A;50A>T;51C>G;72C>T;75C>T;120A>G;123T>C;138T>C;141A>G;147G>C;153A>G;165G>A;171T>G;174A>G;177G>A;182A>C;183A>C],NA,p.[Asp17Met;Lys61Thr],-1.2562296686745735,-1.319242588113236,-1.2097281351620066,0.0359938401639289,-1.5660329,0.0233029709681507,-0.1551416297075969,0.1394085799659998
urn:mavedb:00000394-a-1#2431,c.[3C>T;6T>G;12C>T;21C>T;36T>C;42C>G;49G>A;50A>T;51C>G;54G>A;57T>G;66G>A;78C>T;99G>C;102T>C;108G>C;120A>G;123T>C;135C>T;141A>G;165G>A;171T>G;174A>G;177G>A;181A>T;182A>C;183A>T],NA,p.[Asp17Met;Lys61Ser],-1.1214033832846784,-1.1902482906795413,-1.055637194415935,0.0446942962130582,-1.5659571,0.3356355989653162,0.1849257806710323,0.4674824968419455
urn:mavedb:00000394-a-1#2432,c.[6T>G;9G>A;12C>T;21C>T;36T>C;42C>G;49G>A;50A>T;51C>G;57T>G;69T>C;72C>T;120A>G;123T>C;141A>G;165G>A;168G>A;174A>G;180G>C;181A>G;182A>C;183A>G],NA,p.[Asp17Met;Lys61Ala],-0.9882649381631944,-1.0011171822920708,-0.9547885720531676,0.0260952144661947,-1.5674362,0.5962576141864773,0.5728206299973643,0.6561761617157061
urn:mavedb:00000394-a-1#2433,c.[3C>T;6T>G;12C>T;21C>T;36T>C;42C>G;49G>A;50A>T;51C>G;72C>T;75C>T;102T>C;111G>C;120A>G;123T>C;138T>C;141A>G;165G>A;171T>G;174A>G;177G>A;181A>G;182A>G;183A>T],NA,p.[Asp17Met;Lys61Gly],-1.3935794720081218,-1.4647432231043185,-1.341031973217288,0.0317806173729482,-1.5664139,-0.4150988347085865,-0.7728733351740612,-0.223360935668781
urn:mavedb:00000394-a-1#2434,c.[9G>A;12C>T;21C>T;27G>A;42C>G;49G>A;50A>T;51C>G;63G>C;84C>T;105C>T;120A>G;123T>C;126C>T;135C>T;141A>G;144C>T;165G>A;171T>G;174A>G;177G>A;180G>C;182A>T;183A>G;186A>G],NA,p.[Asp17Met;Lys61Met],-0.8635572106921515,-0.9019540602098848,-0.8287710906645811,0.0309926660504611,-1.5693569,0.8156809604779811,0.7510864050866921,0.8730011816729296
urn:mavedb:00000394-a-1#2435,c.[3C>T;6T>G;12C>T;21C>T;36T>C;42C>G;49G>A;50A>T;51C>G;54G>A;66G>A;120A>G;123T>C;141A>G;162G>C;165G>A;171T>G;174A>G;177G>A;181A>C;182A>T;183A>G],NA,p.[Asp17Met;Lys61Leu],-0.7008644544856124,-0.7286526037808628,-0.6852234660867157,0.0368763620844708,-1.5683708,1.0743530755924906,1.031172242200406,1.0984666225897397
urn:mavedb:00000394-a-1#2436,c.[3C>T;6T>G;21C>T;36T>C;42C>G;49G>A;50A>T;51C>G;60T>C;120A>G;123T>C;141A>G;156T>C;168G>A;177G>A;181A>G;182A>T;183A>G],NA,p.[Asp17Met;Lys61Val],-1.087440259245355,-1.147685567976276,-1.025253875713822,0.0383959165416518,-1.567555,0.4081617601776493,0.2833209547882468,0.5283153977503589
urn:mavedb:00000394-a-1#2437,c.[3C>T;21C>T;36T>C;42C>G;49G>A;50A>T;51C>G;72C>T;75C>T;102T>C;120A>G;123T>C;141A>G;165G>A;171T>G;174A>G;177G>A;182A>T;183A>C],NA,p.[Asp17Met;Lys61Ile],-1.0150696075099903,-1.0720100625573248,-0.9846596204418696,0.0439570196121756,-1.5690298,0.5500380292591173,0.4415993171935836,0.6056667299062537
urn:mavedb:00000394-a-1#2438,c.[21C>T;36T>C;42C>G;49G>A;50A>T;51C>G;54G>A;57T>G;60T>C;120A>G;123T>C;132C>T;141A>G;165G>A;171T>G;174A>G;177G>A;181A>T;182A>G;183A>G],NA,p.[Asp17Met;Lys61Trp],-0.7399178523162384,-0.7554844953791425,-0.6802689043476645,0.0421051549395797,-1.5731721,1.0210583481588047,0.9966038335647996,1.1134367176984783
urn:mavedb:00000394-a-1#2439,c.[3C>T;12C>T;21C>T;36T>C;42C>G;49G>A;50A>T;51C>G;60T>C;69T>C;72C>T;120A>G;123T>C;141A>G;165G>A;168G>A;171T>G;174A>G;177G>A;181A>T;183A>C],NA,p.[Asp17Met;Lys61Tyr],-0.7836752083839644,-0.8191675485191747,-0.7563399729690649,0.0399476173942324,-1.5706754,0.9479285747415244,0.8907838470918668,0.9913192251205664
urn:mavedb:00000394-a-1#2440,c.[3C>T;12C>T;21C>T;36T>C;49G>A;50A>T;51C>G;60T>C;72C>T;75C>T;120A>G;123T>C;126C>T;132C>T;135C>T;138T>C;141A>G;165G>A;171T>G;174A>G;177G>A;181A>T;182A>T;183A>T],NA,p.[Asp17Met;Lys61Phe],-0.8650516761247109,-0.8930628734208005,-0.83031248720778,0.0327687946649226,-1.5722208,0.8179564346304733,0.771018628572525,0.8751579341649838
urn:mavedb:00000394-a-1#2441,c.[3C>T;6T>G;9G>A;21C>T;36T>C;42C>G;49G>A;50A>T;51C>G;54G>A;63G>C;69T>C;72C>T;120A>G;123T>C;141A>G;165G>A;168G>A;174A>G;181A>C;182A>C;183A>G],NA,p.[Asp17Met;Lys61Pro],-1.4943257379949777,-1.5683143881477666,-1.413300344322639,0.0557167577986417,-1.5671105,-0.9866660155683246,-25.0,-0.496236609098214
urn:mavedb:00000394-a-1#2442,c.[3C>T;6T>G;21C>T;36T>C;42C>G;49G>C;50A>T;51C>G;120A>G;123T>C;141A>G;144C>T;165G>A;168G>A;177G>A;180G>C;181A>C;183A>G],NA,p.[Asp17Leu;Lys61Gln],-1.148553481346038,-1.1767904751210845,-1.1275577532973495,0.0225169458026282,-1.5592752,0.2634771338493989,0.2004712727407044,0.3086511456949459
urn:mavedb:00000394-a-1#2443,c.[3C>T;6T>G;21C>T;36T>C;42C>G;49G>C;50A>T;51C>G;57T>G;60T>C;120A>G;123T>C;141A>G;165G>A;171T>G;174A>G;177G>A;180G>C;181A>G],NA,p.[Asp17Leu;Lys61Glu],-1.1429108439377789,-1.1960944565730065,-1.078364919530532,0.0262837698491068,-1.5574198,0.271725948657576,0.1513367043694559,0.4060477510250506
urn:mavedb:00000394-a-1#2444,c.[3C>T;6T>G;21C>T;36T>C;42C>G;49G>C;50A>T;51C>G;63G>C;120A>G;123T>C;141A>G;165G>A;171T>G;174A>G;177G>A;183A>T;198G>T;207T>C],NA,p.[Asp17Leu;Lys61Asn],-1.4373484049835292,-1.4880859020944752,-1.396072831131819,0.035099507748133,-1.5591531,-0.6540545008648063,-1.0016945410142089,-0.455724472294459
urn:mavedb:00000394-a-1#2445,c.[6T>G;9G>A;12C>T;15A>G;21C>T;36T>C;42C>G;49G>C;50A>T;51C>G;63G>C;120A>G;123T>C;138T>C;141A>G;165G>A;168G>A;171T>G;174A>G;181A>C;183A>C;198G>T;207T>C],NA,p.[Asp17Leu;Lys61His],-1.216928255678356,-1.2572745471658886,-1.155191286813159,0.0330940653416026,-1.5586162,0.104057604561906,0.0009335732660235,0.2474556614415229
urn:mavedb:00000394-a-1#2446,c.[3C>T;12C>T;21C>T;36T>C;42C>G;49G>C;50A>T;51C>G;72C>T;75C>T;120A>G;123T>C;135C>T;141A>G;144C>T;171T>G;174A>G;177G>A;180G>C;181A>G;183A>C],NA,p.[Asp17Leu;Lys61Asp],-1.3421447013609078,-1.396105754841183,-1.298117733001568,0.033226128244639,-1.5575733,-0.2567640486600469,-0.4626325321731038,-0.1168361850304566
urn:mavedb:00000394-a-1#2447,c.[21C>T;36T>C;42C>G;49G>C;50A>T;51C>G;63G>C;102T>C;120A>G;123T>C;141A>G;165G>A;168G>A;181A>C;182A>G;183A>T],NA,p.[Asp17Leu;Lys61Arg],-1.1633702418233778,-1.2104746046338903,-1.1280388801082508,0.0419115750543368,-1.5893898,0.2965133856631763,0.1922965014880254,0.3702761370044248
urn:mavedb:00000394-a-1#2448,c.[21C>T;36T>C;42C>G;49G>C;50A>T;51C>G;57T>G;63G>C;120A>G;123T>C;165G>A;171T>G;174A>G;182A>C;183A>T],NA,p.[Asp17Leu;Lys61Thr],-1.2400021784755086,-1.3329717708718989,-1.1919677720617292,0.0384166858145904,-1.5594664,0.0483407734384337,-0.2196958332788982,0.1658555246712563
urn:mavedb:00000394-a-1#2449,c.[21C>T;36T>C;42C>G;49G>C;50A>T;51C>G;57T>G;120A>G;123T>C;138T>C;141A>G;156T>C;165G>A;168G>A;171T>G;174A>G;177G>A;181A>T;182A>C;183A>C],NA,p.[Asp17Leu;Lys61Ser],-1.2248638932625382,-1.257426894452106,-1.2000436118635718,0.0395652622487033,-1.5593901,0.0863730681681606,0.0025913303477867,0.1466484125057951
urn:mavedb:00000394-a-1#2450,c.[3C>T;21C>T;42C>G;49G>C;50A>T;51C>G;72C>T;75C>T;111G>C;120A>G;123T>C;135C>T;141A>G;165G>A;168G>A;177G>A;180G>C;181A>G;182A>C;183A>T],NA,p.[Asp17Leu;Lys61Ala],-1.1799542975018007,-1.228731176401272,-1.1361585580167517,0.0344173818103872,-1.5608845,0.1969201385207622,0.0804581211433078,0.2937550504881621
urn:mavedb:00000394-a-1#2451,c.[21C>T;36T>C;42C>G;49G>C;50A>T;51C>G;120A>G;123T>C;141A>G;165G>A;171T>G;174A>G;181A>G;182A>G;183A>T],NA,p.[Asp17Leu;Lys61Gly],-1.4182056849249645,-1.4628944340849954,-1.3690563545425702,0.0375383084522065,-1.5598516,-0.5526051267536962,-0.8036727576751198,-0.3449240915350476
urn:mavedb:00000394-a-1#2452,c.[3C>T;6T>G;21C>T;36T>C;42C>G;49G>C;50A>T;51C>G;120A>G;123T>C;141A>G;168G>A;177G>A;180G>C;182A>T;183A>G],NA,p.[Asp17Leu;Lys61Met],-0.909971029344684,-0.9509011715207358,-0.8787917380768443,0.0406106434569101,-1.5628271,0.7262161170819764,0.6549027794127237,0.779252688839324
urn:mavedb:00000394-a-1#2453,c.[21C>T;36T>C;42C>G;49G>C;50A>T;51C>G;57T>G;69T>C;72C>T;120A>G;123T>C;138T>C;141A>G;177G>A;181A>C;182A>T;183A>G],NA,p.[Asp17Leu;Lys61Leu],-0.802243051083712,-0.837232549330461,-0.7711365000478292,0.0340756834013399,-1.5618296,0.9038817117198198,0.8467922249389624,0.9538270229130426
urn:mavedb:00000394-a-1#2454,c.[3C>T;6T>G;21C>T;36T>C;42C>G;49G>C;50A>T;51C>G;57T>G;66G>A;69T>C;72C>T;120A>G;123T>C;141A>G;165G>A;168G>A;171T>G;174A>G;177G>A;180G>C;181A>G;182A>T;183A>T;198G>T],NA,p.[Asp17Leu;Lys61Val],-1.1095484894179943,-1.1474940785925176,-1.0736981254075868,0.0434889017368227,-1.5610051,0.3499644770836249,0.2695558478642594,0.4224669058208788
urn:mavedb:00000394-a-1#2455,c.[3C>T;6T>G;15A>G;21C>T;36T>C;42C>G;49G>C;50A>T;51C>G;63G>C;120A>G;123T>C;141A>G;156T>C;165G>A;168G>A;171T>G;174A>G;177G>A;182A>T;183A>C;198G>T],NA,p.[Asp17Leu;Lys61Ile],-0.990170603661526,-1.090620081024406,-0.8870934919796428,0.0376450790202652,-1.5624962,0.5838076878898768,0.3916349582272643,0.7646717052433486
urn:mavedb:00000394-a-1#2456,c.[21C>T;36T>C;42C>G;49G>C;50A>T;51C>G;57T>G;69T>C;72C>T;120A>G;123T>C;150C>T;156T>C;165G>A;168G>A;171T>G;177G>A;181A>T;182A>G;183A>G],NA,p.[Asp17Leu;Lys61Trp],-0.8475911116159183,-0.8947499119364297,-0.8055527323595082,0.0361717198836165,-1.5666852,0.8377157564486233,0.7587909880987826,0.9063778990162612
urn:mavedb:00000394-a-1#2457,c.[3C>T;6T>G;12C>T;21C>T;36T>C;42C>G;49G>C;50A>T;51C>G;120A>G;123T>C;165G>A;171T>G;174A>G;177G>A;181A>T;183A>C;198G>T],NA,p.[Asp17Leu;Lys61Tyr],-0.9263380712716834,-0.9776754484064036,-0.8778380946430197,0.0387585853354593,-1.5641599,0.7002566661339635,0.609484265386952,0.7831011926437543
urn:mavedb:00000394-a-1#2458,c.[21C>T;36T>C;42C>G;49G>C;50A>T;51C>G;54G>A;57T>G;63G>C;69T>C;72C>T;120A>G;123T>C;138T>C;141A>G;165G>A;171T>G;181A>T;182A>T;183A>T;189G>A;198G>T;207T>C],NA,p.[Asp17Leu;Lys61Phe],-0.2157287550372856,-0.2542013155603956,-0.1956618655523775,0.1152662345221272,-1.5657234,1.7775297031021766,1.7235373473793203,1.805605174890664
urn:mavedb:00000394-a-1#2459,c.[3C>T;6T>G;15A>G;36T>C;42C>G;49G>C;50A>T;51C>G;57T>G;66G>A;114C>T;120A>G;123T>C;126C>T;132C>T;135C>T;141A>G;150C>T;165G>A;168G>A;181A>C;182A>C;183A>G;198G>T],NA,p.[Asp17Leu;Lys61Pro],-1.510242920807502,-1.5441270814659456,-1.4694852223126451,0.0375659150969687,-1.5605555,-1.2161941049866962,-1.8882748428075256,-0.8440763169844681
urn:mavedb:00000394-a-1#2460,c.[3C>T;6T>G;12C>T;21C>T;36T>C;42C>G;50A>T;51C>T;72C>T;75C>T;87T>C;105C>T;120A>G;123T>C;126C>T;135C>T;138T>C;141A>G;144C>T;153A>G;165G>A;168G>A;177G>A;181A>C;183A>G],NA,p.[Asp17Val;Lys61Gln],-0.9109046005169488,-0.940467625584207,-0.8870202578947576,0.0261199245122498,-1.5469708,0.697216752098446,0.6453039339463073,0.7383847117567873
urn:mavedb:00000394-a-1#2461,c.[15A>G;21C>T;30G>C;36T>C;42C>G;50A>T;51C>T;84C>T;102T>C;120A>G;126C>T;138T>C;141A>G;165G>A;171T>G;174A>G;177G>A;181A>G],NA,p.[Asp17Val;Lys61Glu],-1.03806901029183,-1.093672078534904,-0.997868984552418,0.031556513161153,-1.5450792,0.4610833478719831,0.3498675303912468,0.5374994181335528
urn:mavedb:00000394-a-1#2462,c.[3C>T;6T>G;18C>T;21C>T;36T>C;42C>G;50A>T;51C>G;120A>G;123T>C;141A>G;171T>G;174A>G;183A>C],NA,p.[Asp17Val;Lys61Asn],-1.3948737851932222,-1.4537641285668814,-1.3504274858052163,0.0353893655920989,-1.5468464,-0.5045032764921078,-0.8300087715728764,-0.3240390254700115
urn:mavedb:00000394-a-1#2463,c.[9G>A;12C>T;18C>T;24C>T;36T>C;42C>G;50A>T;51C>T;72C>T;75C>T;78C>T;84C>T;120A>G;123T>C;144C>T;177G>A;181A>C;183A>C],NA,p.[Asp17Val;Lys61His],-1.2573123140608204,-1.2979868062569977,-1.2303743999056085,0.0227876575964745,-1.546298,-0.0325277548779881,-0.150462320577411,0.0392291553647941
urn:mavedb:00000394-a-1#2464,c.[15A>G;36T>C;42C>G;48C>T;50A>T;51C>T;120A>G;123T>C;141A>G;177G>A;180G>C;181A>G;183A>C],NA,p.[Asp17Val;Lys61Asp],-1.398609057598518,-1.4404497246201895,-1.3588283883863406,0.0307846719983565,-1.5452356,-0.5290485597058898,-0.7532027825172489,-0.361558748349308
urn:mavedb:00000394-a-1#2465,c.[6T>G;9G>A;21C>T;36T>C;50A>T;51C>T;54G>A;57T>G;69T>C;72C>T;84C>T;108G>C;120A>G;123T>C;126C>T;132C>T;138T>C;171T>G;174A>G;177G>A;181A>C;182A>G;183A>T],NA,p.[Asp17Val;Lys61Arg],-1.173635314701091,-1.3671599038490545,-1.0358819252193596,0.0492016937079828,-1.5777125,0.2488894223486073,-0.2735682858760536,0.5274297978356622
urn:mavedb:00000394-a-1#2466,c.[12C>T;21C>T;30G>C;42C>G;50A>T;51C>T;72C>T;75C>T;87T>C;99G>C;120A>G;180G>C;182A>C;183A>C],NA,p.[Asp17Val;Lys61Thr],-1.249228268811406,-1.2965484806333192,-1.2108742073250598,0.0307384461549947,-1.5471659,-0.0081859860044132,-0.1434134353166744,0.0907587501272491
urn:mavedb:00000394-a-1#2467,c.[12C>T;21C>T;36T>C;42C>G;48C>T;50A>T;51C>T;69T>C;72C>T;120A>G;123T>C;138T>C;141A>G;165G>A;171T>G;174A>G;181A>T;182A>C;183A>T;195G>A],NA,p.[Asp17Val;Lys61Ser],-1.1999975103755518,-1.2491924302360629,-1.1527249968754203,0.0296131814283663,-1.5470877,0.1172395498762735,-0.0082999447773074,0.2273143251592557
urn:mavedb:00000394-a-1#2468,c.[12C>T;21C>T;39C>T;50A>T;51C>T;54G>A;75C>T;87T>C;90T>C;108G>C;120A>G;123T>C;129G>A;177G>A;180G>C;181A>G;182A>C;183A>G],NA,p.[Asp17Val;Lys61Ala],-0.8696750676619369,-0.9270037924300444,-0.8226429386576217,0.0447324995984344,-1.5486121,0.7706584811862259,0.6719664057541802,0.8490587334296429
urn:mavedb:00000394-a-1#2469,c.[3C>T;6T>G;9G>A;21C>T;36T>C;42C>G;50A>T;51C>G;60T>C;69T>C;72C>T;90T>C;120A>G;123T>C;141A>G;165G>A;171T>G;181A>G;182A>G;183A>C;195G>A;207T>C],NA,p.[Asp17Val;Lys61Gly],-1.3897647132279751,-1.413879115975645,-1.3537877537189438,0.0262553245742042,-1.5475578,-0.4785863875124008,-0.5917821142900525,-0.3338154124250957
urn:mavedb:00000394-a-1#2470,c.[6T>G;9G>A;12C>T;21C>T;30G>C;36T>C;42C>G;50A>T;51C>T;69T>C;72C>T;84C>T;120A>G;123T>C;126C>T;174A>G;182A>T;183A>G],NA,p.[Asp17Val;Lys61Met],-0.8490723346578415,-0.8639023474564362,-0.8314184692767335,0.037012730520036,-1.5505924,0.8085643087269031,0.7837283693980066,0.837857437209651
urn:mavedb:00000394-a-1#2471,c.[3C>T;6T>G;21C>T;36T>C;42C>G;50A>T;51C>T;69T>C;72C>T;87T>C;120A>G;123T>C;141A>G;171T>G;174A>G;177G>A;181A>C;182A>T;183A>G],NA,p.[Asp17Val;Lys61Leu],-0.816097369851074,-0.8555277547986376,-0.7833909044934168,0.0435399379318078,-1.5495753,0.8613872881531003,0.796077450683963,0.9145444841022164
urn:mavedb:00000394-a-1#2472,c.[3C>T;6T>G;21C>T;36T>C;42C>G;50A>T;51C>T;69T>C;72C>T;87T>C;120A>G;123T>C;141A>G;165G>A;168G>A;174A>G;180G>C;181A>G;182A>T;183A>T;198G>T],NA,p.[Asp17Val;Lys61Val],-1.1344295592215174,-1.1710211137389186,-1.0926754814692954,0.0409547503915065,-1.5487347,0.2712858738853612,0.1895476201832608,0.3594523826758671
urn:mavedb:00000394-a-1#2473,c.[18C>T;21C>T;36T>C;42C>G;50A>T;51C>T;69T>C;72C>T;84C>T;102T>C;111G>C;120A>G;123T>C;135C>T;141A>G;165G>A;171T>G;174A>G;177G>A;182A>T;183A>C],NA,p.[Asp17Val;Lys61Ile],-1.0437037760054382,-1.089206950784331,-0.980571539275684,0.0403914809290383,-1.5502548,0.4601907483060186,0.3696702376549029,0.5789875568552041
urn:mavedb:00000394-a-1#2474,c.[3C>T;6T>G;15A>G;21C>T;36T>C;42C>G;48C>T;50A>T;51C>T;57T>G;60T>C;72C>T;75C>T;120A>G;123T>C;138T>C;141A>G;165G>A;168G>A;174A>G;180G>C;181A>T;182A>G;183A>G],NA,p.[Asp17Val;Lys61Trp],-0.7499598702518651,-0.7957381345558143,-0.7266804884440075,0.0415170485564171,-1.5545273,0.9758844362781306,0.902596682161786,1.0125953346069585
urn:mavedb:00000394-a-1#2475,c.[9G>A;21C>T;36T>C;39C>T;50A>T;51C>T;63G>C;78C>T;87T>C;111G>C;120A>G;123T>C;129G>A;141A>G;165G>A;168G>A;174A>G;181A>T;183A>C],NA,p.[Asp17Val;Lys61Tyr],-0.8883951956301352,-0.9145063893941074,-0.8659980672563775,0.0369924926124196,-1.5519519,0.7445417395830933,0.6996096915378208,0.7824889871319249
urn:mavedb:00000394-a-1#2476,c.[3C>T;6T>G;9G>A;12C>T;21C>T;39C>T;42C>G;50A>T;51C>T;54G>A;78C>T;87T>C;141A>G;165G>A;168G>A;174A>G;180G>C;181A>T;182A>T;183A>C;186A>G],NA,p.[Asp17Val;Lys61Phe],-0.9106352275500138,-0.9331742155115654,-0.8772321512191228,0.0367130632050184,-1.5535455,0.7090775049571358,0.6697914957710114,0.7662184316123943
urn:mavedb:00000394-a-1#2477,c.[3C>T;6T>G;21C>T;36T>C;42C>G;50A>T;51C>G;57T>G;63G>C;66G>A;120A>G;123T>C;141A>G;165G>A;171T>G;174A>G;181A>C;182A>C],NA,p.[Asp17Val;Lys61Pro],-1.5819372558150695,-1.6309822526092232,-1.5357284044815176,0.0385587445088804,-1.548276,-15.0,-25.0,-2.0471801440422466
urn:mavedb:00000394-a-1#2478,c.[9G>A;12C>T;18C>T;24C>T;36T>C;42C>G;49G>A;50A>T;72C>T;75C>T;120A>G;123T>C;165G>A;168G>A;177G>A;181A>C;183A>G],NA,p.[Asp17Ile;Lys61Gln],-0.984786544223,-1.0203396630783643,-0.9624280051134262,0.0261672138302266,-1.5553379,0.580571844139325,0.5145941321241797,0.6210439932537068
urn:mavedb:00000394-a-1#2479,c.[21C>T;36T>C;42C>G;49G>A;50A>T;120A>G;123T>C;138T>C;141A>G;177G>A;181A>G],NA,p.[Asp17Ile;Lys61Glu],-1.1293570393552788,-1.16731904510922,-1.095478542422668,0.0359695494292941,-1.5534706,0.2924458196422099,0.2088128875726236,0.3634173007821714
urn:mavedb:00000394-a-1#2480,c.[21C>T;27G>A;39C>T;49G>A;50A>T;72C>T;75C>T;120A>G;123T>C;129G>A;171T>G;174A>G;177G>A;183A>C],NA,p.[Asp17Ile;Lys61Asn],-1.330281170708214,-1.408059847306977,-1.2637635333604107,0.05092556355798,-1.5552149,-0.224838412161344,-0.5265905365997434,-0.0257730906513372
urn:mavedb:00000394-a-1#2481,c.[6T>G;9G>A;21C>T;36T>C;42C>G;49G>A;50A>T;57T>G;66G>A;120A>G;123T>C;177G>A;180G>C;181A>C;183A>C],NA,p.[Asp17Ile;Lys61His],-1.2038777274667347,-1.255505269591213,-1.1656179030089926,0.0321371832348927,-1.5546737,0.1262005839418184,-0.0048810908566429,0.2153832466522764
urn:mavedb:00000394-a-1#2482,c.[21C>T;36T>C;42C>G;49G>A;50A>T;75C>T;120A>G;123T>C;129G>A;138T>C;141A>G;165G>A;171T>G;174A>G;181A>G;183A>C],NA,p.[Asp17Ile;Lys61Asp],-1.1994390570215137,-1.2648787149893037,-1.15373026711888,0.0413629342655745,-1.5536242,0.1343444094943526,-0.0331898403455565,0.2396411202625754
urn:mavedb:00000394-a-1#2483,c.[3C>T;6T>G;12C>T;36T>C;42C>G;49G>A;50A>T;54G>A;66G>A;72C>T;75C>T;120A>G;123T>C;129G>A;141A>G;165G>A;168G>A;174A>G;181A>C;182A>G;183A>T],NA,p.[Asp17Ile;Lys61Arg],-1.259396701188931,-1.3032900656674744,-1.2251608597036194,0.022320136709646,-1.5856566,0.0656395384672708,-0.0508782639323896,0.1493661068013893
urn:mavedb:00000394-a-1#2484,c.[21C>T;36T>C;42C>G;49G>A;50A>T;69T>C;72C>T;120A>G;123T>C;141A>G;165G>A;171T>G;174A>G;182A>C;183A>T;186A>G],NA,p.[Asp17Ile;Lys61Thr],-1.2935205525374411,-1.3565867832798406,-1.2564414282881005,0.0337945385915802,-1.5555296,-0.1092802501228682,-0.3148221421354818,-0.0050966259571496
urn:mavedb:00000394-a-1#2485,c.[3C>T;6T>G;12C>T;21C>T;36T>C;49G>A;50A>T;57T>G;69T>C;72C>T;78C>T;108G>C;120A>G;123T>C;135C>T;138T>C;141A>G;165G>A;168G>A;171T>G;174A>G;177G>A;181A>T;182A>C;183A>T],NA,p.[Asp17Ile;Lys61Ser],-0.963179939353248,-1.0615666828545838,-0.8932810919774036,0.0704654357671763,-1.5554523,0.6199000089002759,0.4354517849620967,0.7421749355475448
urn:mavedb:00000394-a-1#2486,c.[3C>T;6T>G;12C>T;21C>T;36T>C;49G>A;50A>T;57T>G;120A>G;123T>C;126C>T;129G>A;138T>C;141A>G;153A>G;168G>A;177G>A;180G>C;181A>G;182A>C;183A>G;195G>A;207T>C],NA,p.[Asp17Ile;Lys61Ala],-0.97030274617862,-1.035179313275054,-0.8764819559184394,0.0590695916122767,-1.5569572,0.6097939985125794,0.4895005021524259,0.7732519308318228
urn:mavedb:00000394-a-1#2487,c.[6T>G;9G>A;12C>T;21C>T;36T>C;42C>G;49G>A;50A>T;120A>G;123T>C;165G>A;171T>G;174A>G;177G>A;181A>G;182A>G;183A>T],NA,p.[Asp17Ile;Lys61Gly],-1.4250686869579998,-1.4580070684814688,-1.3991946279301837,0.0345939219616893,-1.5559173,-0.606180312077044,-0.79733843533934,-0.4832937337307876
urn:mavedb:00000394-a-1#2488,c.[3C>T;6T>G;21C>T;36T>C;42C>G;49G>A;50A>T;120A>G;123T>C;141A>G;165G>A;171T>G;174A>G;177G>A;180G>C;182A>T;183A>G;198G>T],NA,p.[Asp17Ile;Lys61Met],-0.8606555612164277,-0.8980088194447549,-0.8428487598388505,0.044064467969719,-1.5589118,0.8031117950757759,0.7400065078625829,0.832711167449198
urn:mavedb:00000394-a-1#2489,c.[3C>T;6T>G;21C>T;36T>C;42C>G;49G>A;50A>T;120A>G;123T>C;141A>G;165G>A;168G>A;174A>G;181A>C;182A>T;183A>G;186A>G;198G>T],NA,p.[Asp17Ile;Lys61Leu],-0.8433541013481312,-0.8877771064990596,-0.7767103726583664,0.0352451109440866,-1.557908,0.830214580505749,0.7557316827991759,0.9386594809900848
urn:mavedb:00000394-a-1#2490,c.[3C>T;6T>G;21C>T;36T>C;42C>G;49G>A;50A>T;69T>C;72C>T;120A>G;123T>C;135C>T;141A>G;153A>G;180G>C;181A>G;182A>T;183A>T],NA,p.[Asp17Ile;Lys61Val],-1.0899205929304148,-1.12571548022533,-1.0497507457022268,0.041291420886,-1.5570784,0.3820989735399561,0.3078999241302523,0.4616942791756782
urn:mavedb:00000394-a-1#2491,c.[3C>T;6T>G;21C>T;36T>C;42C>G;49G>A;50A>T;54G>A;69T>C;72C>T;120A>G;123T>C;126C>T;135C>T;138T>C;144C>T;150C>T;165G>A;168G>A;171T>G;174A>G;177G>A;182A>T;183A>C],NA,p.[Asp17Ile;Lys61Ile],-0.9439365376126329,-0.9905244235147266,-0.8904413217904436,0.0417378746582466,-1.5585785,0.6597016702614437,0.5760032853706425,0.7523417286224592
urn:mavedb:00000394-a-1#2492,c.[21C>T;36T>C;42C>G;49G>A;50A>T;69T>C;72C>T;78C>T;102T>C;111G>C;120A>G;123T>C;135C>T;138T>C;141A>G;165G>A;171T>G;174A>G;177G>A;181A>T;182A>G;183A>G],NA,p.[Asp17Ile;Lys61Trp],-0.5975255758166538,-0.6361437993340097,-0.548949704924708,0.0539327112148853,-1.5627956,1.223081747988328,1.1648778171546617,1.2954185005617131
urn:mavedb:00000394-a-1#2493,c.[3C>T;6T>G;21C>T;36T>C;42C>G;49G>A;50A>T;120A>G;123T>C;141A>G;165G>A;168G>A;174A>G;181A>T;183A>C],NA,p.[Asp17Ile;Lys61Tyr],-0.9428676187886512,-0.9738629239768878,-0.9152642587687672,0.0292365162762202,-1.5602531,0.6645365268001897,0.6093160202576736,0.7126662855096635
urn:mavedb:00000394-a-1#2494,c.[3C>T;6T>G;9G>A;21C>T;36T>C;42C>G;49G>A;50A>T;63G>C;69T>C;72C>T;75C>T;120A>G;123T>C;141A>G;165G>A;168G>A;177G>A;181A>T;182A>T;183A>T],NA,p.[Asp17Ile;Lys61Phe],-0.8435679386217131,-0.9083530233029482,-0.7752347490795262,0.0579393964725075,-1.5618262,0.8363381786146555,0.7272766077684204,0.9472820254055634
urn:mavedb:00000394-a-1#2495,c.[3C>T;36T>C;42C>G;49G>A;50A>T;102T>C;105C>T;108G>C;120A>G;123T>C;129G>A;141A>G;144C>T;165G>A;168G>A;177G>A;180G>C;181A>C;182A>C],NA,p.[Asp17Ile;Lys61Pro],-1.1073325540854948,-1.1662647499862433,-1.0353318123569415,0.0675151138814104,-1.5566263,0.3454903199442844,0.2183270023054472,0.4885769613875835
urn:mavedb:00000394-a-1#2496,c.[3C>T;6T>G;18C>T;21C>T;39C>T;42C>G;49G>T;50A>G;51C>G;63G>C;72C>T;75C>T;120A>G;168G>A;171T>G;174A>G;177G>A;181A>C;183A>G],NA,p.[Asp17Trp;Lys61Gln],-0.7887386853589862,-0.8975830561934339,-0.7497334968838729,0.0353302363979037,-1.558178,0.9197823775459312,0.7394804017203248,0.9820204452132268
urn:mavedb:00000394-a-1#2497,c.[21C>T;36T>C;42C>G;49G>T;50A>G;51C>G;57T>G;69T>C;120A>G;123T>C;141A>G;162G>C;165G>A;171T>G;177G>A;180G>C;181A>G;198G>T],NA,p.[Asp17Trp;Lys61Glu],-1.1147838907061618,-1.155921050985681,-1.0785642711612176,0.0342043628500229,-1.5563197,0.329334860700019,0.2407601035838273,0.4034483909993326
urn:mavedb:00000394-a-1#2498,c.[21C>T;36T>C;49G>T;50A>G;51C>G;63G>C;120A>G;123T>C;165G>A;171T>G;174A>G;177G>A;180G>C;183A>T;198G>T],NA,p.[Asp17Trp;Lys61Asn],-1.1377751142718997,-1.2034902752599357,-1.0623342790963444,0.0373149721956942,-1.5580559,0.284210214108032,0.1352543026166817,0.4390575432208341
urn:mavedb:00000394-a-1#2499,c.[3C>T;6T>G;12C>T;21C>T;36T>C;42C>G;49G>T;50A>G;51C>G;120A>G;123T>C;138T>C;141A>G;165G>A;171T>G;174A>G;181A>C;183A>C],NA,p.[Asp17Trp;Lys61His],-0.8336826821983954,-0.8931910559812759,-0.8033891654537724,0.0397477471929442,-1.5575175,0.8455396786616239,0.7458516804065422,0.8950447935019834
urn:mavedb:00000394-a-1#2500,c.[3C>T;6T>G;21C>T;36T>C;42C>G;49G>T;50A>G;51C>G;60T>C;66G>A;120A>G;123T>C;141A>G;165G>A;171T>G;174A>G;177G>A;180G>C;181A>G;183A>C],NA,p.[Asp17Trp;Lys61Asp],-1.236368082923963,-1.276794861103976,-1.200133639981191,0.0288986823911867,-1.5564728,0.0499830508973999,-0.0584091295149002,0.1394931680613853
urn:mavedb:00000394-a-1#2501,c.[6T>G;9G>A;12C>T;21C>T;36T>C;42C>G;49G>T;50A>G;51C>G;78C>T;111G>C;120A>G;123T>C;129G>A;138T>C;141A>G;153A>G;168G>A;171T>G;174A>G;181A>C;182A>G;183A>T],NA,p.[Asp17Trp;Lys61Arg],-0.4740230747476485,-0.5125339911364372,-0.4601908594296228,0.0345148079470404,-1.5883503,1.4424172981302454,1.386438895205783,1.46242189234681
urn:mavedb:00000394-a-1#2502,c.[15A>G;21C>T;36T>C;49G>T;50A>G;51C>G;78C>T;120A>G;123T>C;165G>A;168G>A;182A>C;183A>T],NA,p.[Asp17Trp;Lys61Thr],-1.0117566518058625,-1.077774192222539,-0.9488299211806936,0.0434255019819185,-1.5583696,0.5363798130500841,0.4091244736052482,0.6506824663838572
urn:mavedb:00000394-a-1#2503,c.[21C>T;36T>C;42C>G;49G>T;50A>G;51C>G;60T>C;120A>G;123T>C;165G>A;171T>G;174A>G;181A>T;182A>C;183A>T],NA,p.[Asp17Trp;Lys61Ser],-1.1116413905084932,-1.1686612431884191,-1.0683639597285433,0.0354181438623845,-1.5582924,0.3400044679496302,0.2166803250184181,0.4276525645298288
urn:mavedb:00000394-a-1#2504,c.[3C>T;6T>G;12C>T;21C>T;36T>C;42C>G;49G>T;50A>G;51C>G;69T>C;72C>T;120A>G;123T>C;141A>G;171T>G;174A>G;181A>G;182A>C;183A>G],NA,p.[Asp17Trp;Lys61Ala],-0.7818604496032173,-0.798696294250582,-0.7622118601179532,0.0278159986071471,-1.5597906,0.9334228028835216,0.906320816639774,0.964789246697843
urn:mavedb:00000394-a-1#2505,c.[3C>T;6T>G;21C>T;36T>C;42C>G;49G>T;50A>G;51C>G;60T>C;69T>C;72C>T;120A>G;123T>C;138T>C;141A>G;165G>A;168G>A;171T>G;174A>G;181A>G;182A>G;183A>C],NA,p.[Asp17Trp;Lys61Gly],-1.2357601779643057,-1.3052439371388156,-1.1875026689489292,0.0463334115106887,-1.5587559,0.0573644572080162,-0.1346361060413566,0.1746106490487786
urn:mavedb:00000394-a-1#2506,c.[21C>T;36T>C;49G>T;50A>G;51C>G;63G>C;66G>A;72C>T;75C>T;99G>C;102T>C;108G>C;120A>G;126C>T;135C>T;138T>C;141A>G;165G>A;171T>G;180G>C;182A>T;183A>G],NA,p.[Asp17Trp;Lys61Met],-0.5589544636115652,-0.5739084841993881,-0.5114771522509556,0.046186607141151,-1.5617371,1.2790245077705311,1.2567902806194624,1.3490777574170831
urn:mavedb:00000394-a-1#2507,c.[21C>T;36T>C;42C>G;49G>T;50A>G;51C>G;57T>G;120A>G;123T>C;162G>C;165G>A;171T>G;174A>G;177G>A;181A>C;182A>T;183A>G],NA,p.[Asp17Trp;Lys61Leu],-0.5583472609834444,-0.5756478897681748,-0.5472619071326634,0.0464618680085173,-1.5607371,1.2784427337582958,1.252708995952204,1.294872325549821
urn:mavedb:00000394-a-1#2508,c.[21C>T;36T>C;42C>G;49G>T;50A>G;51C>G;60T>C;120A>G;123T>C;132C>T;141A>G;165G>A;171T>G;174A>G;177G>A;181A>G;182A>T;183A>T],NA,p.[Asp17Trp;Lys61Val],-0.908836975499248,-0.9366796491341596,-0.8794938613890774,0.0401246335439529,-1.5599113,0.7231548062726503,0.6748087904391282,0.773152683747143
urn:mavedb:00000394-a-1#2509,c.[6T>G;9G>A;12C>T;21C>T;36T>C;42C>G;49G>T;50A>G;51C>G;72C>T;75C>T;120A>G;123T>C;126C>T;138T>C;141A>G;165G>A;168G>A;174A>G;182A>T;183A>C],NA,p.[Asp17Trp;Lys61Ile],-0.7282344772626095,-0.7746829969507945,-0.6977630757209328,0.0366824421266605,-1.5614047,1.0209359296998062,0.9474903522731448,1.068380002629195
urn:mavedb:00000394-a-1#2510,c.[21C>T;36T>C;42C>G;49G>T;50A>G;51C>G;60T>C;72C>T;75C>T;102T>C;111G>C;120A>G;123T>C;126C>T;138T>C;141A>G;165G>A;171T>G;174A>G;177G>A;181A>T;182A>G;183A>G],NA,p.[Asp17Trp;Lys61Trp],-0.5357306789167784,-0.5641767711520984,-0.5119844193141634,0.0367586760340624,-1.5656013,1.319084618054147,1.2770042514651918,1.353996796392903
urn:mavedb:00000394-a-1#2511,c.[21C>T;36T>C;42C>G;49G>T;50A>G;51C>G;57T>G;63G>C;120A>G;123T>C;138T>C;141A>G;165G>A;171T>G;174A>G;177G>A;180G>C;181A>T;183A>C;198G>T;207T>C],NA,p.[Asp17Trp;Lys61Tyr],-0.6065869611965027,-0.635773831226729,-0.5324915346518572,0.0424307172208483,-1.5630717,1.2098977703938338,1.165856781775576,1.320133698504811
urn:mavedb:00000394-a-1#2512,c.[21C>T;36T>C;42C>G;49G>T;50A>G;51C>G;63G>C;120A>G;123T>C;165G>A;171T>G;174A>G;177G>A;180G>C;181A>T;182A>T;183A>C;198G>T],NA,p.[Asp17Trp;Lys61Phe],-0.6255036912947456,-0.6570803584987437,-0.5904101155858589,0.0320393340187594,-1.5646372,1.1837602896926456,1.1358447020199756,1.2364881167795596
urn:mavedb:00000394-a-1#2513,c.[3C>T;6T>G;21C>T;36T>C;42C>G;48C>T;49G>T;50A>G;51C>G;54G>A;66G>A;72C>T;75C>T;120A>G;126C>T;135C>T;138T>C;141A>G;174A>G;181A>C;182A>C;183A>G],NA,p.[Asp17Trp;Lys61Pro],-1.4135102667182269,-1.4577090018780117,-1.3805109403237523,0.040358513670369,-1.5594611,-0.5322065496966946,-0.772351521432526,-0.3905693948797095
urn:mavedb:00000394-a-1#2514,c.[9G>A;12C>T;21C>T;36T>C;42C>G;49G>T;69T>C;72C>T;78C>T;102T>C;111G>C;120A>G;123T>C;135C>T;138T>C;141A>G;165G>A;171T>G;174A>G;177G>A;181A>C;183A>G],NA,p.[Asp17Tyr;Lys61Gln],-0.7390857024607889,-0.7897287593940332,-0.7026633533092119,0.0356937495788083,-1.5525322,0.9899298202174804,0.909086944314038,1.0470108632696955
urn:mavedb:00000394-a-1#2515,c.[6T>G;9G>A;12C>T;21C>T;36T>C;42C>G;49G>T;120A>G;123T>C;141A>G;177G>A;181A>G],NA,p.[Asp17Tyr;Lys61Glu],-0.9779574730830028,-0.9971460219260282,-0.9410336052519988,0.0426549285791522,-1.5506568,0.5844945226636614,0.549212560731029,0.6508340731290009
urn:mavedb:00000394-a-1#2516,c.[21C>T;36T>C;39C>T;49G>T;72C>T;75C>T;111G>C;120A>G;123T>C;126C>T;132C>T;135C>T;138T>C;141A>G;165G>A;171T>G;174A>G;177G>A;183A>C],NA,p.[Asp17Tyr;Lys61Asn],-1.2255816623705045,-1.2727844658745882,-1.2031642562926064,0.0290637441898952,-1.5524087,0.0670807771549514,-0.0585592978212817,0.1224560973425
urn:mavedb:00000394-a-1#2517,c.[12C>T;21C>T;36T>C;42C>G;49G>T;72C>T;75C>T;120A>G;123T>C;126C>T;165G>A;168G>A;171T>G;174A>G;177G>A;181A>C;183A>C],NA,p.[Asp17Tyr;Lys61His],-0.9036649867737911,-0.9180774594394872,-0.8856289267104679,0.0245744810074543,-1.5518646,0.7182097449338131,0.6932510749204163,0.7491086138118193
urn:mavedb:00000394-a-1#2518,c.[21C>T;36T>C;42C>G;49G>T;72C>T;75C>T;102T>C;111G>C;120A>G;123T>C;138T>C;141A>G;165G>A;168G>A;171T>G;174A>G;180G>C;181A>G;183A>C],NA,p.[Asp17Tyr;Lys61Asp],-1.2067042018492915,-1.2885906379205143,-1.0854290588871056,0.0418233669780352,-1.5508108,0.1099767578770236,-0.1086569693607795,0.378497032638341
urn:mavedb:00000394-a-1#2519,c.[3C>T;6T>G;21C>T;36T>C;42C>G;49G>T;99G>C;120A>G;123T>C;138T>C;141A>G;174A>G;181A>C;182A>G;183A>T],NA,p.[Asp17Tyr;Lys61Arg],-0.5526606897861863,-0.569158955551222,-0.5381005697980868,0.0375675668227384,-1.5829935,1.3197449476904737,1.295378135221098,1.3411708492722794
urn:mavedb:00000394-a-1#2520,c.[21C>T;36T>C;42C>G;49G>T;57T>G;120A>G;123T>C;138T>C;141A>G;144C>T;153A>G;162G>C;165G>A;168G>A;171T>G;174A>G;177G>A;180G>C;182A>C;183A>T],NA,p.[Asp17Tyr;Lys61Thr],-1.1240174707420874,-1.2019959795418724,-1.0821971612377903,0.0277623685537118,-1.5527248,0.3022575412775727,0.1260392312013595,0.3889178680622284
urn:mavedb:00000394-a-1#2521,c.[21C>T;36T>C;42C>G;49G>T;69T>C;72C>T;120A>G;123T>C;141A>G;165G>A;171T>G;174A>G;181A>T;182A>C;183A>T],NA,p.[Asp17Tyr;Lys61Ser],-1.1709818216610122,-1.2016992167516596,-1.141846878138027,0.0262940969713901,-1.5526471,0.1986025738889986,0.1265672239212487,0.2636505725230628
urn:mavedb:00000394-a-1#2522,c.[21C>T;36T>C;42C>G;49G>T;72C>T;75C>T;102T>C;111G>C;120A>G;123T>C;138T>C;141A>G;156T>C;165G>A;171T>G;177G>A;180G>C;181A>G;182A>C;183A>T],NA,p.[Asp17Tyr;Lys61Ala],-0.8269725952049407,-0.8619285312398234,-0.7947973534367877,0.0312763100859401,-1.5541587,0.8510567227664776,0.7930295372461503,0.903522605756845
urn:mavedb:00000394-a-1#2523,c.[21C>T;36T>C;42C>G;49G>T;120A>G;123T>C;141A>G;180G>C;181A>G;182A>G;183A>T;198G>T;207T>C],NA,p.[Asp17Tyr;Lys61Gly],-1.3078100513652835,-1.3334433576241818,-1.2722946175995369,0.0212325140521969,-1.5531139,-0.15972910486288,-0.2423846722766445,-0.0552024665356114
urn:mavedb:00000394-a-1#2524,c.[3C>T;6T>G;12C>T;21C>T;30G>C;42C>G;49G>T;78C>T;108G>C;120A>G;123T>C;126C>T;132C>T;135C>T;138T>C;141A>G;165G>A;171T>G;174A>G;177G>A;182A>T;183A>G;186A>G],NA,p.[Asp17Tyr;Lys61Met],-0.3563873966236125,-0.4126214327902912,-0.3259906295361629,0.0604018210264987,-1.5561218,1.5652274777015307,1.4846002498158888,1.608517056544544
urn:mavedb:00000394-a-1#2525,c.[21C>T;36T>C;42C>G;49G>T;54G>A;60T>C;72C>T;75C>T;102T>C;111G>C;120A>G;123T>C;138T>C;141A>G;162G>C;165G>A;171T>G;174A>G;177G>A;181A>C;182A>T;183A>G],NA,p.[Asp17Tyr;Lys61Leu],-0.2991987599649791,-0.3270836665457468,-0.2878065317046866,0.0363204986921026,-1.5551138,1.6450939492435572,1.6055329841688015,1.6612140504217592
urn:mavedb:00000394-a-1#2526,c.[3C>T;6T>G;21C>T;36T>C;42C>G;49G>T;120A>G;123T>C;132C>T;141A>G;165G>A;168G>A;171T>G;174A>G;180G>C;181A>G;182A>T;183A>T],NA,p.[Asp17Tyr;Lys61Val],-1.0145141544164795,-1.041678593423345,-0.9940961423914018,0.0284486868876318,-1.5542803,0.5235667493868127,0.4718913969674995,0.56154809499085
urn:mavedb:00000394-a-1#2527,c.[3C>T;6T>G;9G>A;21C>T;36T>C;42C>G;49G>T;57T>G;60T>C;72C>T;75C>T;120A>G;123T>C;141A>G;165G>A;168G>A;174A>G;182A>T;183A>C],NA,p.[Asp17Tyr;Lys61Ile],-0.8859560128694699,-0.9200941051377682,-0.8483090525052825,0.0271718838239219,-1.555788,0.7552249325191691,0.6965652379682774,0.8184810346037598
urn:mavedb:00000394-a-1#2528,c.[6T>G;9G>A;12C>T;21C>T;36T>C;42C>G;49G>T;120A>G;123T>C;141A>G;165G>A;168G>A;174A>G;180G>C;181A>T;182A>G;183A>G;195G>A],NA,p.[Asp17Tyr;Lys61Trp],-0.5268878881791931,-0.5349944488080506,-0.5116378387924583,0.0393138733844806,-1.5600228,1.3239020930594303,1.3119487026464929,1.346328075054955
urn:mavedb:00000394-a-1#2529,c.[21C>T;39C>T;42C>G;49G>T;69T>C;72C>T;120A>G;123T>C;138T>C;141A>G;165G>A;168G>A;177G>A;180G>C;181A>T;183A>C],NA,p.[Asp17Tyr;Lys61Tyr],-0.3918523897631485,-0.4065235764193303,-0.3776327672942863,0.0517555092069238,-1.5574703,1.5163984737758234,1.495317801274452,1.5367813965702402
urn:mavedb:00000394-a-1#2530,c.[21C>T;36T>C;42C>G;49G>T;69T>C;72C>T;87T>C;111G>C;120A>G;123T>C;126C>T;135C>T;141A>G;165G>A;171T>G;174A>G;177G>A;181A>T;182A>T;183A>T],NA,p.[Asp17Tyr;Lys61Phe],-0.5506805668075114,-0.5745894812366397,-0.5263062545729574,0.0408061800090265,-1.5590501,1.2873128589467122,1.2517737140219694,1.3233271971622818
urn:mavedb:00000394-a-1#2531,c.[3C>T;6T>G;21C>T;36T>C;42C>G;49G>T;69T>C;72C>T;120A>G;123T>C;141A>G;165G>A;168G>A;180G>C;181A>C;182A>C],NA,p.[Asp17Tyr;Lys61Pro],-1.5555536628235624,-1.607061063950445,-1.5239496454175328,0.037005356021281,-1.5538263,-15.0,-25.0,-1.5323349734347134
urn:mavedb:00000394-a-1#2532,c.[3C>T;6T>G;21C>T;36T>C;42C>G;49G>T;50A>T;120A>G;123T>C;141A>G;165G>A;171T>G;174A>G;177G>A;181A>C;183A>G],NA,p.[Asp17Phe;Lys61Gln],-0.7704780722312808,-0.7883762778230564,-0.7251880341665409,0.0353661829323882,-1.5635605,0.9576329346081728,0.9290144239025794,1.029073312527068
urn:mavedb:00000394-a-1#2533,c.[6T>G;9G>A;21C>T;30G>C;36T>C;39C>T;42C>G;49G>T;50A>T;60T>C;69T>C;72C>T;78C>T;120A>G;123T>C;126C>T;132C>T;144C>T;165G>A;168G>A;174A>G;181A>G],NA,p.[Asp17Phe;Lys61Glu],-1.0621868901328502,-1.0820628102455874,-1.020431932931736,0.0339325653436778,-1.561718,0.4465169705231965,0.4072459445850769,0.5264154840099536
urn:mavedb:00000394-a-1#2534,c.[21C>T;36T>C;42C>G;49G>T;50A>T;120A>G;123T>C;138T>C;141A>G;165G>A;171T>G;174A>G;183A>C],NA,p.[Asp17Phe;Lys61Asn],-1.2143972976411137,-1.2538940582967737,-1.1768357932301827,0.0350776074298956,-1.5634384,0.1219615891361586,0.0226253888899846,0.2098325388383092
urn:mavedb:00000394-a-1#2535,c.[21C>T;36T>C;42C>G;49G>T;50A>T;120A>G;123T>C;138T>C;141A>G;177G>A;180G>C;181A>C;183A>C],NA,p.[Asp17Phe;Lys61His],-0.7551724555527887,-0.786438637473031,-0.7282418239288011,0.0247275809329776,-1.5629053,0.9808908718737744,0.93107320739128,1.0232726932945075
urn:mavedb:00000394-a-1#2536,c.[6T>G;9G>A;12C>T;21C>T;36T>C;42C>G;49G>T;50A>T;72C>T;75C>T;120A>G;138T>C;141A>G;177G>A;181A>G;183A>C],NA,p.[Asp17Phe;Lys61Asp],-1.2214451218919415,-1.2842632743896865,-1.1836740801947878,0.0322201697263383,-1.5618696,0.1009548147358894,-0.064253149940958,0.1906515403531149
urn:mavedb:00000394-a-1#2537,c.[21C>T;36T>C;42C>G;49G>T;50A>T;72C>T;75C>T;102T>C;111G>C;120A>G;123T>C;141A>G;165G>A;171T>G;174A>G;177G>A;180G>C;181A>C;182A>G;183A>T;207T>C],NA,p.[Asp17Phe;Lys61Arg],-0.5889454413821968,-0.6024819794578457,-0.5791656980739127,0.0309685246655247,-1.5934491,1.2815421271704492,1.2614291175394454,1.2960305646119867
urn:mavedb:00000394-a-1#2538,c.[3C>T;6T>G;15A>G;21C>T;36T>C;42C>G;49G>T;50A>T;57T>G;63G>C;120A>G;123T>C;126C>T;129G>A;141A>G;144C>T;153A>G;162G>C;165G>A;168G>A;171T>G;174A>G;180G>C;182A>C;183A>C;198G>T],NA,p.[Asp17Phe;Lys61Thr],-1.174434271641763,-1.215827152015195,-1.124339129720092,0.0290486562659281,-1.5637498,0.215966803227464,0.1192540350390271,0.3248785587386367
urn:mavedb:00000394-a-1#2539,c.[21C>T;36T>C;42C>G;49G>T;50A>T;111G>C;120A>G;123T>C;132C>T;141A>G;165G>A;171T>G;174A>G;177G>A;181A>T;182A>C;183A>T],NA,p.[Asp17Phe;Lys61Ser],-1.1385672767832389,-1.1708676276506145,-1.0934142621460168,0.0322223744184046,-1.5636735,0.2945680783646632,0.2238203538264963,0.3883720929205443
urn:mavedb:00000394-a-1#2540,c.[3C>T;6T>G;21C>T;36T>C;42C>G;49G>T;50A>T;120A>G;123T>C;141A>G;144C>T;165G>A;171T>G;174A>G;177G>A;181A>G;182A>C;183A>G],NA,p.[Asp17Phe;Lys61Ala],-0.8130408350334507,-0.8245906895837897,-0.791445163710109,0.0329445883691939,-1.5651584,0.8917773003613274,0.8729742750722894,0.9266508756148076
urn:mavedb:00000394-a-1#2541,c.[3C>T;6T>G;21C>T;36T>C;42C>G;49G>T;50A>T;66G>A;72C>T;75C>T;111G>C;135C>T;141A>G;165G>A;171T>G;174A>G;177G>A;181A>G;182A>G;183A>T],NA,p.[Asp17Phe;Lys61Gly],-1.1039511058907117,-1.1956221665823534,-1.0490342694351462,0.0419552007883932,-1.5641327,0.3678956494159474,0.1682193726210709,0.4766952678238068
urn:mavedb:00000394-a-1#2542,c.[3C>T;6T>G;21C>T;36T>C;42C>G;49G>T;50A>T;120A>G;123T>C;141A>G;165G>A;171T>G;174A>G;177G>A;180G>C;182A>T;183A>G;198G>T],NA,p.[Asp17Phe;Lys61Met],-0.4662476132290866,-0.4790224023844815,-0.4569185664094636,0.0314054030568533,-1.5670867,1.4228898184281438,1.4043181373530902,1.436422759107666
urn:mavedb:00000394-a-1#2543,c.[3C>T;6T>G;18C>T;36T>C;42C>G;49G>T;50A>T;57T>G;66G>A;72C>T;75C>T;78C>T;120A>G;123T>C;126C>T;141A>G;168G>A;174A>G;181A>C;182A>T;183A>G],NA,p.[Asp17Phe;Lys61Leu],-0.2796944806429504,-0.2892666628701397,-0.2428488285862677,0.0513787680396101,-1.5660963,1.688156063880747,1.67464609121331,1.7400158939709809
urn:mavedb:00000394-a-1#2544,c.[21C>T;39C>T;42C>G;49G>T;50A>T;69T>C;120A>G;123T>C;135C>T;165G>A;171T>G;177G>A;181A>G;182A>T;183A>T],NA,p.[Asp17Phe;Lys61Val],-0.9760124904340852,-1.023035272202228,-0.9529264873669596,0.0432760199906135,-1.565278,0.6144925656575906,0.5282069191550397,0.6556538959322444
urn:mavedb:00000394-a-1#2545,c.[3C>T;6T>G;12C>T;36T>C;42C>G;49G>T;50A>T;60T>C;63G>C;72C>T;75C>T;120A>G;123T>C;126C>T;132C>T;135C>T;141A>G;165G>A;171T>G;174A>G;177G>A;182A>T;183A>C],NA,p.[Asp17Phe;Lys61Ile],0.0940551662828946,0.038426631379181,0.1490016214724537,0.1380346753880652,-1.5667582,2.207491685868185,2.131152859026865,2.282717857310636
urn:mavedb:00000394-a-1#2546,c.[21C>T;36T>C;42C>G;49G>T;50A>T;84C>T;120A>G;123T>C;135C>T;141A>G;153A>G;168G>A;171T>G;174A>G;180G>C;181A>T;182A>G;183A>G],NA,p.[Asp17Phe;Lys61Trp],-0.4454272453788336,-0.4687666127751491,-0.4191951092846049,0.050538140472106,-1.5709171,1.458590947966584,1.424788120240283,1.4964110836121454
urn:mavedb:00000394-a-1#2547,c.[21C>T;36T>C;42C>G;49G>T;50A>T;69T>C;72C>T;120A>G;123T>C;138T>C;141A>G;171T>G;174A>G;177G>A;181A>T;183A>C;198G>T;207T>C],NA,p.[Asp17Phe;Lys61Tyr],-0.2908006340375864,-0.3077429788495151,-0.2816398810567481,0.0369450960854757,-1.5684104,1.6757427225764094,1.651793388089325,1.688670989528276
urn:mavedb:00000394-a-1#2548,c.[3C>T;6T>G;9G>A;15A>G;21C>T;36T>C;42C>G;49G>T;50A>T;69T>C;72C>T;120A>G;123T>C;165G>A;168G>A;174A>G;181A>T;182A>T;183A>C;186A>G],NA,p.[Asp17Phe;Lys61Phe],-0.4339733986719812,-0.4586461806526866,-0.4209374293410411,0.0392631378335604,-1.5699615,1.4737494820454922,1.438080975595741,1.492530953944235
urn:mavedb:00000394-a-1#2549,c.[3C>T;6T>G;12C>T;21C>T;39C>T;42C>G;49G>T;50A>T;72C>T;75C>T;120A>G;123T>C;129G>A;141A>G;165G>A;168G>A;171T>G;174A>G;181A>C;182A>C;183A>G],NA,p.[Asp17Phe;Lys61Pro],-1.5442291119024063,-1.5928042941284826,-1.4813803290515564,0.0394406594233009,-1.5648322,-1.7541389996769994,-25.0,-0.900005054399184
urn:mavedb:00000394-a-1#2550,c.[6T>G;9G>A;12C>T;21C>T;42C>G;48C>T;49G>C;50A>C;51C>G;54G>A;63G>C;69T>C;72C>T;87T>C;141A>G;171T>G;177G>A;181A>C;183A>G],NA,p.[Asp17Pro;Lys61Gln],-1.3754739304845405,-1.459501971792386,-1.3215488044015593,0.0651015829158451,-1.5373344,-0.4609406409100672,-0.9443032755674736,-0.2555416179635663
urn:mavedb:00000394-a-1#2551,c.[21C>T;39C>T;42C>G;48C>T;49G>C;50A>C;51C>G;69T>C;72C>T;120A>G;123T>C;165G>A;168G>A;177G>A;181A>G],NA,p.[Asp17Pro;Lys61Glu],-1.422122662687714,-1.475401750097327,-1.3402367737713854,0.0260704324287035,-1.5354152,-0.7020106470831032,-1.107312652830846,-0.328602067662777
urn:mavedb:00000394-a-1#2552,c.[3C>T;6T>G;21C>T;36T>C;42C>G;48C>T;49G>C;50A>C;51C>G;69T>C;72C>T;120A>G;123T>C;141A>G;165G>A;168G>A;177G>A;183A>C],NA,p.[Asp17Pro;Lys61Asn],-1.5569311968286863,-1.5972367138250938,-1.4896007234685036,0.0371318061727053,-1.5372081,-15.0,-25.0,-1.2500867770420223
urn:mavedb:00000394-a-1#2553,c.[21C>T;36T>C;42C>G;48C>T;49G>C;50A>C;51C>G;57T>G;120A>G;123T>C;138T>C;141A>G;165G>A;171T>G;174A>G;177G>A;181A>C;183A>C],NA,p.[Asp17Pro;Lys61His],-1.5530625061788723,-1.6169085185449474,-1.520545809131108,0.0477521708327955,-1.5366516,-15.0,-25.0,-1.899992292991025
urn:mavedb:00000394-a-1#2554,c.[3C>T;21C>T;36T>C;42C>G;48C>T;49G>C;50A>C;51C>G;57T>G;60T>C;72C>T;75C>T;102T>C;111G>C;120A>G;123T>C;135C>T;141A>G;165G>A;171T>G;174A>G;177G>A;181A>G;183A>C],NA,p.[Asp17Pro;Lys61Asp],-1.4162546733667574,-1.4725099511961173,-1.3597042818495586,0.0363772123737499,-1.5355735,-0.6677472759426293,-1.0764744052724675,-0.4028353040410731
urn:mavedb:00000394-a-1#2555,c.[3C>T;6T>G;15A>G;21C>T;36T>C;42C>G;48C>T;49G>C;50A>C;51C>A;54G>A;78C>T;84C>T;102T>C;111G>C;120A>G;123T>C;132C>T;141A>G;165G>A;171T>G;174A>G;177G>A;181A>C;182A>G;183A>T],NA,p.[Asp17Pro;Lys61Arg],-1.4373838419943947,-1.5595531422402906,-1.3502562806805527,0.0480915887603884,-1.5685449,-0.6045798372814944,-2.242835225814197,-0.2470481448229681
urn:mavedb:00000394-a-1#2556,c.[3C>T;6T>G;21C>T;36T>C;42C>G;48C>T;49G>C;50A>C;51C>G;54G>A;57T>G;63G>C;72C>T;75C>T;102T>C;111G>C;120A>G;123T>C;129G>A;141A>G;165G>A;171T>G;174A>G;177G>A;180G>C;182A>C;183A>C;186A>G],NA,p.[Asp17Pro;Lys61Thr],-1.5020975142861392,-1.5989446996862875,-1.4194629891724435,0.0407529181429798,-1.5375314,-1.429631909596218,-25.0,-0.6747309957264351
urn:mavedb:00000394-a-1#2557,c.[21C>T;27G>A;39C>T;42C>G;48C>T;49G>C;50A>C;51C>A;69T>C;72C>T;120A>G;123T>C;141A>G;165G>A;168G>A;177G>A;181A>T;182A>C;183A>T],NA,p.[Asp17Pro;Lys61Ser],-1.501677103654994,-1.553433418831307,-1.4668642520509445,0.0335941527116314,-1.5374527,-1.4238340620105427,-25.0,-1.0059403632804786
urn:mavedb:00000394-a-1#2558,c.[21C>T;36T>C;48C>T;49G>C;50A>C;51C>G;60T>C;72C>T;75C>T;102T>C;111G>C;120A>G;123T>C;135C>T;141A>G;165G>A;171T>G;174A>G;177G>A;181A>G;182A>C;183A>G],NA,p.[Asp17Pro;Lys61Ala],-1.4835447991649824,-1.5358292453085225,-1.449549318421758,0.0369643211147965,-1.5389981,-1.1562622050992215,-2.851633814319475,-0.8556135004447387
urn:mavedb:00000394-a-1#2559,c.[21C>T;42C>G;48C>T;49G>C;50A>C;51C>A;72C>T;75C>T;120A>G;165G>A;168G>A;171T>G;177G>A;181A>G;182A>G;183A>T],NA,p.[Asp17Pro;Lys61Gly],-1.6099873221601633,-1.6509778568234328,-1.568100717399723,0.0424109718957362,-1.5379295,-15.0,-25.0,-5.0
urn:mavedb:00000394-a-1#2560,c.[3C>T;6T>G;12C>T;21C>T;30G>C;48C>T;49G>C;50A>C;51C>A;69T>C;72C>T;120A>G;123T>C;141A>G;168G>A;171T>G;174A>G;177G>A;182A>T;183A>G],NA,p.[Asp17Pro;Lys61Met],-1.2631568263526258,-1.3147944560152316,-1.2352158500651789,0.0404733854806858,-1.541008,-0.0635562639742625,-0.2206163570397118,0.0127574476807969
urn:mavedb:00000394-a-1#2561,c.[12C>T;21C>T;39C>T;42C>G;48C>T;49G>C;50A>C;51C>G;120A>G;123T>C;126C>T;165G>A;168G>A;181A>C;182A>T;183A>C],NA,p.[Asp17Pro;Lys61Leu],-1.276133063258679,-1.3484370355135262,-1.2314615622884435,0.0367845050238355,-1.5399761,-0.1038832787978007,-0.3421305270387269,0.0199295025733665
urn:mavedb:00000394-a-1#2562,c.[3C>T;6T>G;9G>A;12C>T;21C>T;36T>C;42C>G;48C>T;49G>C;50A>C;51C>A;69T>C;120A>G;123T>C;132C>T;141A>G;177G>A;181A>G;182A>T;183A>T],NA,p.[Asp17Pro;Lys61Val],-1.317878622236673,-1.3687461238989571,-1.2623231146788274,0.0408800664876505,-1.539123,-0.237101495101057,-0.4251495735315436,-0.0665309504410281
urn:mavedb:00000394-a-1#2563,c.[3C>T;6T>G;15A>G;21C>T;36T>C;42C>G;48C>T;49G>C;50A>C;51C>A;54G>A;120A>G;123T>C;165G>A;171T>G;174A>G;177G>A;182A>T;183A>C;198G>T],NA,p.[Asp17Pro;Lys61Ile],-1.168045175942011,-1.2341861158605698,-1.1186371162081885,0.044417156178818,-1.5406651,0.1777886447273556,0.0145710420277118,0.2879747850215777
urn:mavedb:00000394-a-1#2564,c.[21C>T;36T>C;42C>G;48C>T;49G>C;50A>C;51C>A;120A>G;123T>C;171T>G;174A>G;181A>T;182A>G;183A>G],NA,p.[Asp17Pro;Lys61Trp],-1.0150977961484302,-1.0516935388191324,-0.9632922635968691,0.0338630437401482,-1.5450006,0.5049648416445656,0.4343176316307656,0.6008646514835199
urn:mavedb:00000394-a-1#2565,c.[18C>T;21C>T;27G>A;42C>G;48C>T;49G>C;50A>C;51C>A;54G>A;57T>G;63G>C;72C>T;75C>T;102T>C;105C>T;120A>G;123T>C;126C>T;132C>T;135C>T;138T>C;141A>G;165G>A;171T>G;174A>G;177G>A;181A>T;183A>C],NA,p.[Asp17Pro;Lys61Tyr],-0.8515168008343136,-0.9362879366564149,-0.8034011689739701,0.0736382662585832,-1.5423875,0.7907563733815745,0.644589593245517,0.8704059922692488
urn:mavedb:00000394-a-1#2566,c.[9G>A;12C>T;21C>T;36T>C;42C>G;48C>T;49G>C;50A>C;51C>A;120A>G;123T>C;138T>C;141A>G;174A>G;180G>C;181A>T;182A>T;183A>T;198G>T;207T>C],NA,p.[Asp17Pro;Lys61Phe],-1.1530984223480798,-1.203700040628705,-1.0455894741321907,0.0576916432622026,-1.5440044,0.2195565204776458,0.1006641400103507,0.4443407161720916
urn:mavedb:00000394-a-1#2567,c.[3C>T;6T>G;21C>T;36T>C;42C>G;48C>T;49G>C;50A>C;51C>A;69T>C;72C>T;120A>G;123T>C;141A>G;144C>T;153A>G;156T>C;165G>A;168G>A;181A>C;182A>C;183A>G],NA,p.[Asp17Pro;Lys61Pro],-1.6545590213204746,-1.6855319607338723,-1.6133137216430264,0.0377257388764995,-1.5386581,-15.0,-25.0,-5.0
urn:mavedb:00000394-a-1#2568,c.[3C>T;6T>G;12C>T;21C>T;39C>T;42C>G;48C>T;57T>G;72C>T;75C>T;86G>A;87T>G;120A>G;123T>C;129G>A;141A>G;165G>A;168G>A;174A>G;181A>C;183A>G],NA,p.[Arg29Gln;Lys61Gln],-1.2039248085428609,-1.2452484725806483,-1.1757756300473778,0.0271874119091881,-1.3903279,-0.3615401043562764,-0.5362606601446415,-0.2597225103939842
urn:mavedb:00000394-a-1#2569,c.[21C>T;72C>T;75C>T;86G>A;87T>G;120A>G;123T>C;126C>T;135C>T;171T>G;174A>G;177G>A;181A>G],NA,p.[Arg29Gln;Lys61Glu],-1.358553922354668,-1.4233344364620444,-1.2907560756076475,0.0292801878460696,-1.3880205,-1.5406025005936783,-25.0,-0.8015940927307686
urn:mavedb:00000394-a-1#2570,c.[3C>T;6T>G;9G>A;12C>T;21C>T;36T>C;42C>G;48C>T;54G>A;63G>C;75C>T;86G>A;87T>A;105C>T;120A>G;123T>C;132C>T;138T>C;141A>G;168G>A;183A>C],NA,p.[Arg29Gln;Lys61Asn],-1.3966378537988031,-1.454908721250142,-1.3541849194461175,0.0352427742590398,-1.3901763,-15.0,-25.0,-1.420176798376883
urn:mavedb:00000394-a-1#2571,c.[3C>T;6T>G;12C>T;21C>T;36T>C;42C>G;48C>T;69T>C;72C>T;86G>A;87T>G;105C>T;123T>C;129G>A;135C>T;138T>C;141A>G;165G>A;168G>A;171T>G;174A>G;177G>A;181A>C;183A>C],NA,p.[Arg29Gln;Lys61His],-1.3576239402771968,-1.4142058618829374,-1.3065967238153475,0.0307477748385142,-1.3895073,-1.4932495333451987,-25.0,-0.9041223478507012
urn:mavedb:00000394-a-1#2572,c.[3C>T;21C>T;30G>C;39C>T;42C>G;48C>T;86G>A;87T>G;120A>G;123T>C;132C>T;141A>G;144C>T;171T>G;174A>G;177G>A;181A>G;183A>C],NA,p.[Arg29Gln;Lys61Asp],-1.342546207314434,-1.3899582655408198,-1.3048803061124032,0.0301180887471457,-1.3882108,-1.2755487497968807,-25.0,-0.9009025347074604
urn:mavedb:00000394-a-1#2573,c.[9G>A;21C>T;36T>C;42C>G;48C>T;60T>C;72C>T;75C>T;86G>A;87T>G;120A>G;123T>C;126C>T;138T>C;141A>G;165G>A;168G>A;171T>G;174A>G;177G>A;181A>C;182A>G;183A>T],NA,p.[Arg29Gln;Lys61Arg],-1.125556641812455,-1.1634751631591789,-1.0874785895281782,0.0338908635173138,-1.4278665,0.0035508685507019,-0.1022474360196558,0.1009047437375412
urn:mavedb:00000394-a-1#2574,c.[3C>T;6T>G;15A>G;21C>T;36T>C;42C>G;51C>T;86G>A;87T>G;120A>G;123T>C;141A>G;150C>T;165G>A;171T>G;174A>G;177G>A;182A>C;183A>C],NA,p.[Arg29Gln;Lys61Thr],-1.288643326826898,-1.332936896522754,-1.2555541349566153,0.0368711198127099,-1.3905659,-0.7712318941403762,-1.1324317463395674,-0.5850597434939049
urn:mavedb:00000394-a-1#2575,c.[21C>T;36T>C;42C>G;48C>T;54G>A;60T>C;86G>A;87T>G;120A>G;123T>C;138T>C;141A>G;144C>T;165G>A;171T>G;174A>G;181A>T;182A>C;183A>T;198G>T;207T>C],NA,p.[Arg29Gln;Lys61Ser],-1.327247109849182,-1.3699420790544432,-1.2722937741414215,0.0399802310791246,-1.39047,-1.0748772552218744,-1.7562836284035028,-0.6740981874513367
urn:mavedb:00000394-a-1#2576,c.[6T>G;9G>A;21C>T;36T>C;42C>G;48C>T;60T>C;72C>T;75C>T;86G>A;87T>G;111G>C;120A>G;123T>C;129G>A;135C>T;165G>A;168G>A;174A>G;180G>C;181A>G;182A>C;183A>G],NA,p.[Arg29Gln;Lys61Ala],-1.1720054362198216,-1.2033173567778803,-1.126883524303738,0.032364214394734,-1.3923292,-0.2401513350218307,-0.3516119051497728,-0.0991528744763523
urn:mavedb:00000394-a-1#2577,c.[3C>T;6T>G;18C>T;21C>T;36T>C;42C>G;86G>A;87T>G;120A>G;129G>A;138T>C;141A>G;150C>T;168G>A;171T>G;174A>G;181A>G;182A>G;183A>T],NA,p.[Arg29Gln;Lys61Gly],-1.4346869069975194,-1.5092947415030271,-1.3918017056641407,0.0435067073589042,-1.3910441,-15.0,-25.0,-5.0
urn:mavedb:00000394-a-1#2578,c.[3C>T;6T>G;21C>T;36T>C;42C>G;51C>T;60T>C;63G>C;66G>A;69T>C;72C>T;86G>A;87T>G;102T>C;120A>G;123T>C;165G>A;168G>A;177G>A;180G>C;182A>T;183A>G],NA,p.[Arg29Gln;Lys61Met],-1.2535701558132986,-1.300775360428332,-1.1934365834631573,0.04873185168775,-1.3947453,-0.5548351171181558,-0.8238626302949954,-0.3062277306865486
urn:mavedb:00000394-a-1#2579,c.[21C>T;48C>T;60T>C;66G>A;72C>T;75C>T;86G>A;87T>G;120A>G;123T>C;129G>A;138T>C;141A>G;168G>A;181A>C;182A>T;183A>G],NA,p.[Arg29Gln;Lys61Leu],-1.0697229149808498,-1.1224045898501374,-1.0281614725292831,0.0458849897463085,-1.3935046,0.0594130961310545,-0.082764505542813,0.1608582707133424
urn:mavedb:00000394-a-1#2580,c.[3C>T;6T>G;12C>T;21C>T;36T>C;86G>A;87T>G;120A>G;132C>T;138T>C;141A>G;165G>A;168G>A;174A>G;180G>C;181A>G;182A>T;183A>G],NA,p.[Arg29Gln;Lys61Val],-1.2158911883404029,-1.261845601451099,-1.1624630978106505,0.0386233883857028,-1.392479,-0.3999266199847536,-0.6072545195285562,-0.208150717910542
urn:mavedb:00000394-a-1#2581,c.[3C>T;6T>G;18C>T;21C>T;36T>C;42C>G;60T>C;63G>C;69T>C;72C>T;75C>T;86G>A;87T>G;141A>G;165G>A;168G>A;171T>G;174A>G;177G>A;182A>T;183A>C],NA,p.[Arg29Gln;Lys61Ile],0.7076278611879644,0.5950474148838168,0.9776116131607524,0.1925226096954429,-1.3943334,2.811994861934189,2.6581068373235,3.1829492883591315
urn:mavedb:00000394-a-1#2582,c.[3C>T;6T>G;12C>T;21C>T;36T>C;42C>G;51C>T;63G>C;86G>A;87T>G;120A>G;123T>C;141A>G;144C>T;165G>A;171T>G;174A>G;181A>T;182A>G;183A>G;198G>T],NA,p.[Arg29Gln;Lys61Trp],-0.9268242140039364,-0.9427406888989386,-0.8907965150372557,0.0291707362465835,-1.3995447,0.3934041566987733,0.3610428095489841,0.464517748659088
urn:mavedb:00000394-a-1#2583,c.[3C>T;6T>G;12C>T;21C>T;36T>C;42C>G;48C>T;78C>T;86G>A;87T>G;120A>G;123T>C;129G>A;144C>T;168G>A;174A>G;181A>T;183A>C],NA,p.[Arg29Gln;Lys61Tyr],-1.114639091206705,-1.1611174570233864,-1.0555879193583555,0.0391328937376339,-1.3964033,-0.0525125993065188,-0.1911800751697479,0.1019664746021666
urn:mavedb:00000394-a-1#2584,c.[3C>T;6T>G;12C>T;21C>T;36T>C;42C>G;72C>T;75C>T;78C>T;84C>T;86G>A;87T>G;120A>G;141A>G;171T>G;177G>A;180G>C;181A>T;182A>T;183A>C],NA,p.[Arg29Gln;Lys61Phe],-1.1397960171974446,-1.2029427131132922,-1.0666055571712096,0.0406598120460154,-1.3983479,-0.1194822962496394,-0.3277347189602378,0.0794800015057197
urn:mavedb:00000394-a-1#2585,c.[12C>T;21C>T;24C>T;36T>C;42C>G;51C>T;63G>C;72C>T;75C>T;86G>A;87T>G;120A>G;123T>C;132C>T;138T>C;141A>G;165G>A;168G>A;171T>G;174A>G;177G>A;180G>C;181A>C;182A>C;183A>G],NA,p.[Arg29Gln;Lys61Pro],-1.5401709788618851,-1.5911789176341202,-1.470767692097517,0.0448610380843743,-1.3919201,-15.0,-25.0,-5.0
urn:mavedb:00000394-a-1#2586,c.[21C>T;27G>A;36T>C;69T>C;72C>T;84C>T;85C>G;86G>A;87T>A;90T>C;120A>G;138T>C;141A>G;168G>A;171T>G;174A>G;177G>A;181A>C;183A>G],NA,p.[Arg29Glu;Lys61Gln],-1.2361533781520233,-1.281080897188862,-1.1852558517395613,0.044875480309037,-1.3774643,-0.5541778022241627,-0.807479701585055,-0.3395898049257632
urn:mavedb:00000394-a-1#2587,c.[12C>T;21C>T;36T>C;42C>G;54G>A;72C>T;75C>T;85C>G;86G>A;87T>G;120A>G;123T>C;126C>T;165G>A;171T>G;174A>G;177G>A;181A>G;183A>G],NA,p.[Arg29Glu;Lys61Glu],-1.2819006016481411,-1.3421545761175866,-1.2366026774592895,0.0343111889249224,-1.3751168,-0.8290509177708174,-1.473216034389441,-0.5677399473862466
urn:mavedb:00000394-a-1#2588,c.[21C>T;36T>C;42C>G;51C>T;63G>C;84C>T;85C>G;86G>A;87T>A;120A>G;123T>C;138T>C;141A>G;153A>G;165G>A;171T>G;174A>G;177G>A;183A>T],NA,p.[Arg29Glu;Lys61Asn],-1.2979492830226018,-1.355178770544235,-1.2420369395538715,0.0493948962536305,-1.3773098,-0.9319466058778696,-1.7115887505373748,-0.5837525874893399
urn:mavedb:00000394-a-1#2589,c.[9G>A;12C>T;21C>T;36T>C;42C>G;51C>T;60T>C;84C>T;85C>G;86G>A;87T>A;90T>C;120A>G;123T>C;141A>G;153A>G;165G>A;171T>G;174A>G;177G>A;181A>C;183A>C],NA,p.[Arg29Glu;Lys61His],-1.4505324907940225,-1.4815898417278108,-1.3890045598474894,0.0344813861405528,-1.3766298,-15.0,-25.0,-5.0
urn:mavedb:00000394-a-1#2590,c.[21C>T;39C>T;48C>T;72C>T;75C>T;84C>T;85C>G;86G>A;87T>G;93C>T;120A>G;123T>C;135C>T;138T>C;141A>G;162G>C;165G>A;168G>A;171T>G;177G>A;181A>G;183A>C;186A>G;192C>T],NA,p.[Arg29Glu;Lys61Asp],-1.2726825154345025,-1.3329777772848184,-1.2171986603829448,0.0480253804049565,-1.3753109,-0.7667359313777214,-1.3217460078208745,-0.477151979419873
urn:mavedb:00000394-a-1#2591,c.[6T>G;9G>A;12C>T;21C>T;36T>C;42C>G;51C>T;54G>A;72C>T;75C>T;85C>G;86G>A;87T>A;120A>G;123T>C;132C>T;144C>T;156T>C;171T>G;174A>G;177G>A;181A>C;182A>G;183A>T],NA,p.[Arg29Glu;Lys61Arg],-1.2696382058441502,-1.310056254246036,-1.2094786713566477,0.0409422567228619,-1.4156036,-0.5321106187996865,-0.7484509386332868,-0.2890526341396019
urn:mavedb:00000394-a-1#2592,c.[12C>T;21C>T;36T>C;42C>G;78C>T;85C>G;86G>A;87T>G;120A>G;123T>C;126C>T;138T>C;141A>G;147G>C;150C>T;165G>A;168G>A;177G>A;182A>C;183A>C],NA,p.[Arg29Glu;Lys61Thr],-1.3044606341488414,-1.382882620729631,-1.203220589983308,0.0521654183415755,-1.377706,-0.9826587581292456,-25.0,-0.408368251582048
urn:mavedb:00000394-a-1#2593,c.[3C>T;6T>G;12C>T;21C>T;36T>C;42C>G;48C>T;85C>G;86G>A;87T>G;120A>G;123T>C;141A>G;165G>A;171T>G;174A>G;181A>T;182A>C;183A>T],NA,p.[Arg29Glu;Lys61Ser],-1.3368233665654057,-1.3856231991829748,-1.2964799004335366,0.0296161044196713,-1.3776093,-1.3443912594258174,-25.0,-0.917943000036674
urn:mavedb:00000394-a-1#2594,c.[3C>T;6T>G;15A>G;21C>T;36T>C;42C>G;69T>C;72C>T;85C>G;86G>A;87T>A;120A>G;141A>G;156T>C;165G>A;171T>G;174A>G;177G>A;181A>G;182A>C;183A>G],NA,p.[Arg29Glu;Lys61Ala],-1.3091207678245642,-1.3501758903883814,-1.2680243453837536,0.0346455147765708,-1.3794994,-1.0077833855116425,-1.5435204589977998,-0.712627020381849
urn:mavedb:00000394-a-1#2595,c.[12C>T;15A>G;18C>T;21C>T;24C>T;36T>C;42C>G;48C>T;60T>C;78C>T;85C>G;86G>A;87T>A;90T>C;123T>C;150C>T;165G>A;171T>G;174A>G;177G>A;181A>G;182A>G;183A>T;198G>T],NA,p.[Arg29Glu;Lys61Gly],-1.4223528814376216,-1.4549801397362618,-1.3780574520345077,0.0373812446664085,-1.3781929,-15.0,-25.0,-4.682109273081728
urn:mavedb:00000394-a-1#2596,c.[6T>G;9G>A;21C>T;36T>C;42C>G;63G>C;72C>T;75C>T;85C>G;86G>A;87T>A;120A>G;123T>C;126C>T;135C>T;156T>C;165G>A;171T>G;174A>G;177G>A;180G>C;182A>T;183A>G],NA,p.[Arg29Glu;Lys61Met],-1.239234386016185,-1.2735051369943702,-1.1899934292596346,0.0346332601624075,-1.3819561,-0.5474234719075567,-0.7306843020680011,-0.3405094030557319
urn:mavedb:00000394-a-1#2597,c.[3C>T;6T>G;9G>A;15A>G;18C>T;21C>T;36T>C;42C>G;72C>T;75C>T;85C>G;86G>A;87T>A;120A>G;141A>G;156T>C;165G>A;171T>G;174A>G;177G>A;181A>C;182A>T;183A>C],NA,p.[Arg29Glu;Lys61Leu],-1.0501854023152144,-1.0889538443279794,-0.9570178914989516,0.0444167247978432,-1.3806953,0.0764007710168741,-0.0249313361285152,0.2915775123127699
urn:mavedb:00000394-a-1#2598,c.[12C>T;18C>T;21C>T;36T>C;42C>G;48C>T;72C>T;75C>T;85C>G;86G>A;87T>A;120A>G;123T>C;153A>G;165G>A;171T>G;174A>G;181A>G;182A>T;183A>T;186A>G],NA,p.[Arg29Glu;Lys61Val],-1.2476140952449493,-1.2848149087040155,-1.211188166483924,0.0462102498951466,-1.379652,-0.6000635277855011,-0.8179315151131812,-0.4330247824403246
urn:mavedb:00000394-a-1#2599,c.[15A>G;36T>C;42C>G;48C>T;57T>G;69T>C;72C>T;85C>G;86G>A;87T>A;90T>C;93C>T;120A>G;123T>C;144C>T;177G>A;180G>C;182A>T;183A>C],NA,p.[Arg29Glu;Lys61Ile],-1.1439339614240738,-1.187718212909224,-1.0765567725576977,0.0351730657707194,-1.3815379,-0.1838009509328267,-0.333593404522512,0.0106596838589712
urn:mavedb:00000394-a-1#2600,c.[3C>T;6T>G;21C>T;36T>C;42C>G;84C>T;85C>G;86G>A;87T>G;120A>G;156T>C;165G>A;171T>G;174A>G;177G>A;181A>T;182A>G;183A>G],NA,p.[Arg29Glu;Lys61Trp],-0.9003982378226668,-0.9351467695303396,-0.8749827250749339,0.0467882138233668,-1.3868356,0.4208199120122031,0.3505146574446725,0.4705253605147369
urn:mavedb:00000394-a-1#2601,c.[3C>T;6T>G;21C>T;36T>C;42C>G;51C>T;66G>A;85C>G;86G>A;87T>G;120A>G;123T>C;141A>G;177G>A;180G>C;181A>T;183A>C],NA,p.[Arg29Glu;Lys61Tyr],-1.0982583044649878,-1.1542087644403674,-1.0486540655157086,0.0461558834956791,-1.3836422,-0.0424254306943755,-0.2100419586980564,0.0875757958705889
urn:mavedb:00000394-a-1#2602,c.[3C>T;6T>G;15A>G;21C>T;36T>C;42C>G;57T>G;78C>T;85C>G;86G>A;87T>A;90T>C;102T>C;120A>G;123T>C;126C>T;141A>G;153A>G;168G>A;171T>G;174A>G;180G>C;181A>T;182A>T;183A>C],NA,p.[Arg29Glu;Lys61Phe],-1.1525604167664385,-1.206997538060552,-1.105675838465559,0.0388447708686636,-1.3856182,-0.1983169323654495,-0.3918358857976604,-0.0576187884640413
urn:mavedb:00000394-a-1#2603,c.[15A>G;36T>C;42C>G;51C>T;60T>C;85C>G;86G>A;87T>A;90T>C;120A>G;135C>T;141A>G;165G>A;171T>G;174A>G;181A>C;182A>C;183A>G;198G>T],NA,p.[Arg29Glu;Lys61Pro],-1.4825626561531262,-1.5269472352880835,-1.437563371266298,0.0367503513280572,-1.3790841,-15.0,-25.0,-5.0
urn:mavedb:00000394-a-1#2604,c.[12C>T;21C>T;36T>C;42C>G;48C>T;60T>C;63G>C;85C>A;86G>A;87T>C;105C>T;120A>G;123T>C;138T>C;141A>G;177G>A;181A>C;183A>G],NA,p.[Arg29Asn;Lys61Gln],0.6007929782368625,0.4527290081444884,0.7443015132453115,0.190020640288574,-1.3860741,2.6548122425810505,2.45247746355283,2.851073346299144
urn:mavedb:00000394-a-1#2605,c.[3C>T;6T>G;21C>T;36T>C;42C>G;48C>T;85C>A;86G>A;87T>C;120A>G;123T>C;138T>C;141A>G;156T>C;174A>G;181A>G;198G>T],NA,p.[Arg29Asn;Lys61Glu],-1.372073711277627,-1.4229410431359195,-1.2901610828216885,0.0444178159225386,-1.3837528,-2.0893412132787152,-25.0,-0.8264611698204908
urn:mavedb:00000394-a-1#2606,c.[3C>T;6T>G;9G>A;12C>T;21C>T;36T>C;42C>G;51C>T;57T>G;84C>T;85C>A;86G>A;87T>C;90T>C;93C>T;99G>C;102T>C;111G>C;120A>G;123T>C;141A>G;165G>A;171T>G;174A>G;177G>A;183A>C;198G>T],NA,p.[Arg29Asn;Lys61Asn],-1.4018515686874735,-1.4542740247660533,-1.328355594316156,0.0426435216897313,-1.385921,-15.0,-25.0,-1.1331146739937736
urn:mavedb:00000394-a-1#2607,c.[3C>T;18C>T;21C>T;39C>T;42C>G;51C>T;72C>T;75C>T;85C>A;86G>A;87T>C;90T>C;135C>T;141A>G;165G>A;171T>G;174A>G;177G>A;181A>C;183A>C],NA,p.[Arg29Asn;Lys61His],-1.397421144828744,-1.4718905967763494,-1.3493109455624916,0.0450667251320997,-1.3852482,-15.0,-25.0,-1.4210854212019537
urn:mavedb:00000394-a-1#2608,c.[3C>T;21C>T;72C>T;75C>T;85C>A;86G>A;87T>C;120A>G;141A>G;165G>A;168G>A;171T>G;174A>G;180G>C;181A>G;183A>T],NA,p.[Arg29Asn;Lys61Asp],-1.2686181481220078,-1.369683835373122,-1.15791684449525,0.060841498214173,-1.383945,-0.6902410340981808,-1.9717587467200897,-0.2211877034290044
urn:mavedb:00000394-a-1#2609,c.[72C>T;75C>T;85C>A;86G>A;87T>C;120A>G;138T>C;141A>G;156T>C;165G>A;168G>A;171T>G;174A>G;177G>A;181A>C;182A>G;183A>T],NA,p.[Arg29Asn;Lys61Arg],-1.1431500651990454,-1.187986252944518,-1.0084400227422317,0.0378074455804196,-1.423809,-0.0556183311805789,-0.189474893647543,0.27364036003486
urn:mavedb:00000394-a-1#2610,c.[3C>T;15A>G;21C>T;30G>C;36T>C;60T>C;72C>T;75C>T;78C>T;85C>A;86G>A;87T>C;102T>C;120A>G;123T>C;126C>T;132C>T;141A>G;150C>T;165G>A;168G>A;171T>G;177G>A;182A>C;183A>C],NA,p.[Arg29Asn;Lys61Thr],-1.3670890273870355,-1.4422009368846738,-1.331533109080648,0.0251338207830561,-1.3863125,-1.7952400589415682,-25.0,-1.163788247731212
urn:mavedb:00000394-a-1#2611,c.[9G>A;12C>T;21C>T;36T>C;42C>G;85C>A;86G>A;87T>C;105C>T;120A>G;141A>G;144C>T;174A>G;181A>T;182A>C;183A>T],NA,p.[Arg29Asn;Lys61Ser],-1.3492492877856548,-1.3909409218233482,-1.3116773223703064,0.0424000481118114,-1.3862166,-1.4039974098049517,-25.0,-0.9716152508011928
urn:mavedb:00000394-a-1#2612,c.[6T>G;9G>A;21C>T;30G>C;42C>G;60T>C;69T>C;72C>T;78C>T;85C>A;86G>A;87T>C;120A>G;174A>G;181A>G;182A>C;183A>G],NA,p.[Arg29Asn;Lys61Ala],-1.2880097642182369,-1.3278717602491894,-1.2394801210040198,0.0400433238306368,-1.3880863,-0.78311353203734,-1.1052102612744177,-0.5198411798996158
urn:mavedb:00000394-a-1#2613,c.[15A>G;21C>T;36T>C;42C>G;48C>T;85C>A;86G>A;90T>C;120A>G;123T>C;135C>T;141A>G;165G>A;171T>G;174A>G;177G>A;181A>G;182A>G;183A>T],NA,p.[Arg29Asn;Lys61Gly],-1.4418554739645972,-1.4908128106472125,-1.386139828050824,0.0398539858871071,-1.3867941,-15.0,-25.0,-3.768301578301412
urn:mavedb:00000394-a-1#2614,c.[3C>T;6T>G;12C>T;36T>C;42C>G;48C>T;54G>A;66G>A;69T>C;72C>T;75C>T;85C>A;86G>A;87T>C;120A>G;123T>C;141A>G;144C>T;174A>G;180G>C;182A>T;183A>G],NA,p.[Arg29Asn;Lys61Met],-1.2162689842342675,-1.2532139148984816,-1.1784289662826983,0.0333029119580987,-1.3905153,-0.4093372707888621,-0.5736969858791502,-0.2682089248799315
urn:mavedb:00000394-a-1#2615,c.[3C>T;6T>G;12C>T;21C>T;39C>T;42C>G;51C>T;54G>A;69T>C;72C>T;85C>A;86G>A;87T>C;120A>G;123T>C;141A>G;168G>A;174A>G;181A>C;182A>T;183A>C],NA,p.[Arg29Asn;Lys61Leu],-1.030634355700384,-1.0963234937823223,-0.9877819158113724,0.0287792371986944,-1.3892684,0.1450120373388438,-0.0216531514873288,0.2432309466448393
urn:mavedb:00000394-a-1#2616,c.[3C>T;6T>G;9G>A;21C>T;36T>C;42C>G;57T>G;72C>T;75C>T;85C>A;86G>A;87T>C;99G>C;120A>G;141A>G;177G>A;181A>G;182A>T;183A>G],NA,p.[Arg29Asn;Lys61Val],-1.2051941265365531,-1.2350806784102817,-1.1482674481413944,0.0464090316511157,-1.388237,-0.3744936347604487,-0.4991337210592056,-0.1763325978601954
urn:mavedb:00000394-a-1#2617,c.[3C>T;6T>G;21C>T;36T>C;42C>G;66G>A;85C>A;86G>A;87T>C;99G>C;120A>G;129G>A;141A>G;165G>A;171T>G;174A>G;177G>A;182A>T;183A>C],NA,p.[Arg29Asn;Lys61Ile],-1.1912467714443862,-1.227957758429964,-1.1441895511754543,0.045683961391874,-1.3901019,-0.3151034593805116,-0.4596926126771434,-0.1578064008560864
urn:mavedb:00000394-a-1#2618,c.[18C>T;21C>T;36T>C;42C>G;85C>A;86G>A;87T>C;120A>G;123T>C;126C>T;129G>A;138T>C;141A>G;165G>A;168G>A;171T>G;174A>G;177G>A;181A>T;182A>G;183A>G],NA,p.[Arg29Asn;Lys61Trp],-0.923503637368208,-0.977585144437446,-0.8987338790583385,0.0432852123512219,-1.3953414,0.3916275394777849,0.2788226565038943,0.4408676650574455
urn:mavedb:00000394-a-1#2619,c.[3C>T;6T>G;12C>T;21C>T;36T>C;85C>A;86G>A;87T>C;165G>A;168G>A;171T>G;174A>G;181A>T;183A>C],NA,p.[Arg29Asn;Lys61Tyr],-1.1965374064814562,-1.277270994540003,-1.122849931585005,0.0337648271232395,-1.3921828,-0.3268480763874735,-0.6926234704893982,-0.0878592946898272
urn:mavedb:00000394-a-1#2620,c.[21C>T;36T>C;42C>G;72C>T;75C>T;85C>A;86G>A;87T>C;111G>C;114C>T;120A>G;123T>C;126C>T;138T>C;141A>G;165G>A;168G>A;177G>A;181A>T;182A>T;183A>T],NA,p.[Arg29Asn;Lys61Phe],-1.1456385863892828,-1.2095067849588823,-1.098146717984371,0.0269034193595663,-1.3941369,-0.1498498055782088,-0.3683525902527618,-0.0133940294909468
urn:mavedb:00000394-a-1#2621,c.[21C>T;36T>C;42C>G;48C>T;51C>T;69T>C;72C>T;85C>A;86G>A;87T>C;120A>G;123T>C;141A>G;156T>C;165G>A;171T>G;174A>G;181A>C;182A>C;183A>G;192C>T;207T>C],NA,p.[Arg29Asn;Lys61Pro],-1.5765646310645205,-1.6248782618745246,-1.5204479960405757,0.0440836898427578,-1.3876743,-15.0,-25.0,-5.0
urn:mavedb:00000394-a-1#2622,c.[3C>T;6T>G;12C>T;21C>T;36T>C;42C>G;48C>T;54G>A;57T>G;69T>C;72C>T;86G>A;87T>C;108G>C;120A>G;123T>C;132C>T;141A>G;144C>T;165G>A;171T>G;174A>G;177G>A;181A>C;183A>G],NA,p.[Arg29His;Lys61Gln],-1.013931220700754,-1.057226663289503,-0.9256163379414918,0.0321055640539893,-1.384861,0.1739172655065436,0.0691694885426734,0.3660528882303128
urn:mavedb:00000394-a-1#2623,c.[21C>T;36T>C;42C>G;86G>A;87T>C;120A>G;123T>C;126C>T;141A>G;165G>A;171T>G;174A>G;177G>A;181A>G],NA,p.[Arg29His;Lys61Glu],-1.2430324255431409,-1.2831879571080125,-1.202897846765776,0.0337098263870249,-1.3825364,-0.5629152709853282,-0.7878523826553194,-0.3878126984022605
urn:mavedb:00000394-a-1#2624,c.[3C>T;21C>T;30G>C;36T>C;78C>T;86G>A;87T>C;99G>C;120A>G;132C>T;141A>G;165G>A;168G>A;171T>G;174A>G;180G>C;183A>C],NA,p.[Arg29His;Lys61Asn],-1.2103929273315184,-1.2536197738903534,-1.1192947174012264,0.0391961045178394,-1.3847079,-0.4090583605176756,-0.6049182882253195,-0.0992453555819257
urn:mavedb:00000394-a-1#2625,c.[15A>G;21C>T;36T>C;42C>G;51C>T;86G>A;87T>C;120A>G;123T>C;138T>C;141A>G;165G>A;171T>G;174A>G;177G>A;181A>C;183A>C],NA,p.[Arg29His;Lys61His],-1.2014110846993955,-1.2460948552292277,-1.162769366743979,0.0520942009035314,-1.3840346,-0.3761225771064854,-0.5705561910018947,-0.2369938464281204
urn:mavedb:00000394-a-1#2626,c.[12C>T;21C>T;36T>C;42C>G;48C>T;54G>A;66G>A;69T>C;72C>T;86G>A;87T>C;99G>C;111G>C;120A>G;123T>C;126C>T;132C>T;135C>T;138T>C;141A>G;165G>A;171T>G;174A>G;177G>A;181A>G;183A>C],NA,p.[Arg29His;Lys61Asp],-1.2588651143978544,-1.3099450052866313,-1.1961101158917915,0.0359709936659878,-1.3827286,-0.6428595065132657,-0.9866450347086012,-0.3607141149368998
urn:mavedb:00000394-a-1#2627,c.[3C>T;6T>G;12C>T;21C>T;36T>C;42C>G;48C>T;86G>A;87T>C;108G>C;120A>G;123T>C;138T>C;141A>G;165G>A;168G>A;177G>A;181A>C;182A>G;183A>C],NA,p.[Arg29His;Lys61Arg],-0.7043984344009067,-0.7479225845203712,-0.6297796219143792,0.0380392547440743,-1.4226522,0.8364301332610045,0.763621837398526,0.9574179906106974
urn:mavedb:00000394-a-1#2628,c.[3C>T;6T>G;15A>G;21C>T;36T>C;42C>G;78C>T;86G>A;87T>C;105C>T;111G>C;114C>T;120A>G;123T>C;126C>T;141A>G;180G>C;182A>C;183A>C],NA,p.[Arg29His;Lys61Thr],-1.1835925626655754,-1.220379100686631,-1.1197325963247018,0.035894552058399,-1.3850999,-0.3055102193532222,-0.4487180773073885,-0.0993794991915127
urn:mavedb:00000394-a-1#2629,c.[21C>T;36T>C;42C>G;48C>T;72C>T;75C>T;86G>A;87T>C;102T>C;120A>G;123T>C;129G>A;132C>T;138T>C;141A>G;150C>T;165G>A;168G>A;177G>A;181A>T;182A>C;183A>C],NA,p.[Arg29His;Lys61Ser],-1.2163836611821477,-1.2633812453866191,-1.1512744788294738,0.0339034007779954,-1.385004,-0.4323762967773099,-0.655015641224501,-0.1961586945421469
urn:mavedb:00000394-a-1#2630,c.[3C>T;6T>G;18C>T;21C>T;36T>C;42C>G;51C>T;72C>T;75C>T;86G>A;87T>C;120A>G;123T>C;129G>A;135C>T;141A>G;181A>G;182A>C;183A>G],NA,p.[Arg29His;Lys61Ala],-1.0476697740263257,-1.080824432058921,-1.0190296923056674,0.0267787553961166,-1.3868766,0.0980126689747041,0.0134898268411692,0.1667276034817009
urn:mavedb:00000394-a-1#2631,c.[3C>T;6T>G;15A>G;21C>T;36T>C;42C>G;48C>T;63G>C;72C>T;75C>T;86G>A;87T>C;120A>G;123T>C;129G>A;165G>A;171T>G;181A>G;182A>G;183A>T],NA,p.[Arg29His;Lys61Gly],-1.331628378606212,-1.3676860933009296,-1.2717232465695552,0.0305582261263275,-1.3855824,-1.1731563565083036,-1.837624561137055,-0.6986935403604086
urn:mavedb:00000394-a-1#2632,c.[21C>T;42C>G;48C>T;72C>T;75C>T;86G>A;87T>C;123T>C;165G>A;168G>A;177G>A;180G>C;182A>T;183A>G],NA,p.[Arg29His;Lys61Met],-0.9488589841506132,-0.9814893117854268,-0.908633173757472,0.0267179614605849,-1.3893094,0.3271275033656839,0.2571887232372121,0.4093587652452497
urn:mavedb:00000394-a-1#2633,c.[3C>T;6T>G;21C>T;36T>C;42C>G;51C>T;57T>G;86G>A;87T>C;120A>G;123T>C;138T>C;141A>G;174A>G;181A>C;182A>T;183A>G],NA,p.[Arg29His;Lys61Leu],-0.7878546160804315,-0.8111082843557585,-0.7536770179101581,0.0369033121450319,-1.3880601,0.6341895234447722,0.5923241810889476,0.6943896522831342
urn:mavedb:00000394-a-1#2634,c.[3C>T;6T>G;12C>T;36T>C;42C>G;51C>T;54G>A;63G>C;72C>T;75C>T;86G>A;120A>G;123T>C;132C>T;141A>G;168G>A;174A>G;181A>G;182A>T;183A>T],NA,p.[Arg29His;Lys61Val],-1.1015756987967542,-1.143079585882062,-1.079564529451299,0.0387732497940315,-1.3870273,-0.0422388315525165,-0.1638929360092339,0.0172092676872696
urn:mavedb:00000394-a-1#2635,c.[3C>T;6T>G;15A>G;21C>T;36T>C;42C>G;72C>T;75C>T;86G>A;87T>C;120A>G;123T>C;126C>T;135C>T;141A>G;177G>A;180G>C;182A>T;183A>C],NA,p.[Arg29His;Lys61Ile],-0.9886815730743914,-1.0148593287059533,-0.9405017110717446,0.0380001478756138,-1.3888946,0.2404086147584554,0.1811190822744464,0.3436899705962254
urn:mavedb:00000394-a-1#2636,c.[3C>T;6T>G;21C>T;36T>C;42C>G;48C>T;86G>A;87T>C;120A>G;123T>C;129G>A;141A>G;171T>G;174A>G;177G>A;181A>T;182A>G;183A>G],NA,p.[Arg29His;Lys61Trp],-0.7120702132491384,-0.7403533275471932,-0.6735534914877097,0.0419092954356106,-1.3941426,0.7760584042195104,0.7279262489898867,0.8403110550979354
urn:mavedb:00000394-a-1#2637,c.[21C>T;30G>C;39C>T;86G>A;87T>C;123T>C;126C>T;171T>G;174A>G;177G>A;181A>T;183A>C],NA,p.[Arg29His;Lys61Tyr],-0.9656132922126976,-0.9850588825020448,-0.936670328983428,0.0277239910560245,-1.3909793,0.2951889827209434,0.2530154068664362,0.3559170143671594
urn:mavedb:00000394-a-1#2638,c.[6T>G;9G>A;12C>T;21C>T;36T>C;42C>G;48C>T;86G>A;120A>G;123T>C;126C>T;129G>A;168G>A;177G>A;180G>C;181A>T;182A>T;183A>T],NA,p.[Arg29His;Lys61Phe],-0.9064828593717532,-0.9480592848554305,-0.8650603825852372,0.0318699960906118,-1.3929367,0.4208493647562856,0.3363782280364247,0.5011943635694645
urn:mavedb:00000394-a-1#2639,c.[12C>T;21C>T;27G>A;42C>G;51C>T;54G>A;63G>C;78C>T;86G>A;87T>C;99G>C;120A>G;123T>C;129G>A;132C>T;135C>T;165G>A;171T>G;174A>G;177G>A;181A>C;182A>C;183A>G;186A>G],NA,p.[Arg29His;Lys61Pro],-1.5194710363754165,-1.5873398776809244,-1.4448292148458124,0.0439210496602052,-1.3864646,-15.0,-25.0,-5.0
urn:mavedb:00000394-a-1#2640,c.[3C>T;6T>G;12C>T;21C>T;36T>C;39C>T;51C>T;54G>A;72C>T;75C>T;85C>G;86G>A;87T>C;123T>C;141A>G;174A>G;181A>C;183A>G],NA,p.[Arg29Asp;Lys61Gln],-1.4515497427315156,-1.482103628517946,-1.407300141319886,0.0336530543934156,-1.3759389,-15.0,-25.0,-5.0
urn:mavedb:00000394-a-1#2641,c.[3C>T;6T>G;21C>T;36T>C;42C>G;48C>T;57T>G;85C>G;86G>A;87T>C;99G>C;120A>G;123T>C;135C>T;141A>G;165G>A;171T>G;174A>G;177G>A;181A>G],NA,p.[Arg29Asp;Lys61Glu],-1.289806524409589,-1.3287839405156072,-1.237003856621831,0.0285203927248869,-1.3735871,-0.8974649051858317,-1.2871771157090113,-0.5772393860533098
urn:mavedb:00000394-a-1#2642,c.[6T>G;9G>A;12C>T;21C>T;36T>C;42C>G;48C>T;69T>C;72C>T;85C>G;86G>A;87T>C;120A>G;123T>C;141A>G;174A>G;183A>C],NA,p.[Arg29Asp;Lys61Asn],-1.3664007706518353,-1.4353532872335302,-1.3103538853459904,0.0483259813416146,-1.3757839,-2.217833755381089,-25.0,-1.053461144894542
urn:mavedb:00000394-a-1#2643,c.[9G>A;12C>T;21C>T;36T>C;42C>G;48C>T;85C>G;86G>A;87T>C;120A>G;123T>C;129G>A;138T>C;141A>G;165G>A;171T>G;174A>G;177G>A;181A>C;183A>C],NA,p.[Arg29Asp;Lys61His],-1.485090309815569,-1.533678227736395,-1.4093605912026856,0.037919604163956,-1.375103,-15.0,-25.0,-5.0
urn:mavedb:00000394-a-1#2644,c.[3C>T;6T>G;18C>T;21C>T;36T>C;42C>G;48C>T;72C>T;75C>T;85C>G;86G>A;87T>C;120A>G;123T>C;138T>C;141A>G;165G>A;168G>A;177G>A;180G>C;181A>G;183A>C],NA,p.[Arg29Asp;Lys61Asp],-1.327370229462464,-1.3755047627540615,-1.261481368924399,0.0291431229920826,-1.3737812,-1.2656352541095657,-25.0,-0.7077756720586932
urn:mavedb:00000394-a-1#2645,c.[3C>T;21C>T;36T>C;42C>G;85C>G;86G>A;87T>C;123T>C;126C>T;129G>A;135C>T;141A>G;165G>A;168G>A;171T>G;174A>G;177G>A;181A>C;182A>G;183A>T],NA,p.[Arg29Asp;Lys61Arg],-1.5338445536878642,-1.5824440237947772,-1.4538810234938424,0.0463752489780077,-1.4141517,-15.0,-25.0,-5.0
urn:mavedb:00000394-a-1#2646,c.[21C>T;36T>C;42C>G;48C>T;60T>C;72C>T;75C>T;85C>G;86G>A;87T>C;90T>C;108G>C;120A>G;123T>C;126C>T;132C>T;135C>T;141A>G;147G>C;165G>A;171T>G;174A>G;177G>A;182A>C;183A>C;186A>G],NA,p.[Arg29Asp;Lys61Thr],-1.344988359341656,-1.4011542409864122,-1.2873058165071625,0.0508150164788603,-1.3761811,-1.5064152243832865,-25.0,-0.8597106624263382
urn:mavedb:00000394-a-1#2647,c.[21C>T;36T>C;42C>G;48C>T;63G>C;69T>C;72C>T;85C>G;86G>A;87T>C;120A>G;123T>C;126C>T;132C>T;153A>G;162G>C;165G>A;168G>A;177G>A;181A>T;182A>C;183A>T],NA,p.[Arg29Asp;Lys61Ser],-1.3435570707917013,-1.4008837730471315,-1.2698920358549797,0.0347327248411507,-1.3760839,-1.4812229001008532,-25.0,-0.7444634243614795
urn:mavedb:00000394-a-1#2648,c.[12C>T;21C>T;36T>C;42C>G;48C>T;72C>T;75C>T;85C>G;86G>A;87T>C;120A>G;123T>C;129G>A;132C>T;138T>C;141A>G;165G>A;171T>G;177G>A;181A>G;182A>C;183A>G],NA,p.[Arg29Asp;Lys61Ala],-1.2813392898363352,-1.3382584995101117,-1.216150700259998,0.0437542412459066,-1.3779788,-0.8057632980390532,-1.3604695171067274,-0.4610453522053813
urn:mavedb:00000394-a-1#2649,c.[3C>T;6T>G;18C>T;21C>T;36T>C;42C>G;48C>T;60T>C;63G>C;69T>C;72C>T;85C>G;86G>A;87T>C;120A>G;123T>C;129G>A;135C>T;141A>G;165G>A;168G>A;174A>G;181A>G;182A>G;183A>T],NA,p.[Arg29Asp;Lys61Gly],0.2544432284172274,0.0941580512191696,0.5483115805602307,0.1664481714727543,-1.3766694,2.1679315705761875,1.9466168421475143,2.5703949005770315
urn:mavedb:00000394-a-1#2650,c.[3C>T;6T>G;21C>T;30G>C;42C>G;51C>T;85C>G;86G>A;87T>C;120A>G;126C>T;165G>A;171T>G;174A>G;177G>A;182A>T;183A>G],NA,p.[Arg29Asp;Lys61Met],-1.2227384020377106,-1.26273185336175,-1.1877234842391222,0.0419086785830295,-1.3804398,-0.4789533608016689,-0.6767256796412853,-0.3376958903966854
urn:mavedb:00000394-a-1#2651,c.[6T>G;9G>A;21C>T;30G>C;36T>C;42C>G;51C>T;63G>C;66G>A;72C>T;75C>T;84C>T;85C>G;86G>A;87T>C;120A>G;123T>C;168G>A;174A>G;181A>C;182A>T;183A>G],NA,p.[Arg29Asp;Lys61Leu],-1.124143737559289,-1.1734671354755235,-1.0906031572177186,0.0421644314500896,-1.3791766,-0.130005776668706,-0.2905123348433839,-0.0336138172854049
urn:mavedb:00000394-a-1#2652,c.[21C>T;36T>C;42C>G;48C>T;72C>T;75C>T;85C>G;86G>A;87T>C;120A>G;123T>C;129G>A;132C>T;138T>C;141A>G;177G>A;181A>G;182A>T;183A>T],NA,p.[Arg29Asp;Lys61Val],-1.236007929568466,-1.2908883351299572,-1.167130041964319,0.0503334506079926,-1.3781314,-0.5502802385609646,-0.8715890441642067,-0.2719635327162439
urn:mavedb:00000394-a-1#2653,c.[21C>T;36T>C;42C>G;51C>T;60T>C;69T>C;85C>G;86G>A;87T>C;123T>C;138T>C;141A>G;165G>A;171T>G;182A>T;183A>C;198G>T],NA,p.[Arg29Asp;Lys61Ile],-1.2024528367477851,-1.2565985638466428,-1.1539304745734245,0.0392489600881172,-1.3800206,-0.3960146671591759,-0.6452385359278293,-0.220982577037065
urn:mavedb:00000394-a-1#2654,c.[6T>G;9G>A;21C>T;36T>C;42C>G;54G>A;57T>G;63G>C;66G>A;85C>G;86G>A;87T>C;120A>G;123T>C;126C>T;141A>G;165G>A;171T>G;174A>G;177G>A;181A>T;182A>G;183A>G],NA,p.[Arg29Asp;Lys61Trp],-0.9263097905559574,-0.9513723156945214,-0.89415167818755,0.0289471801014911,-1.3853292,0.3655915558330299,0.3134601808602931,0.430194616883633
urn:mavedb:00000394-a-1#2655,c.[6T>G;9G>A;15A>G;18C>T;21C>T;36T>C;39C>T;51C>T;66G>A;78C>T;85C>G;86G>A;87T>C;108G>C;111G>C;120A>G;123T>C;132C>T;165G>A;168G>A;171T>G;174A>G;180G>C;181A>T;183A>C],NA,p.[Arg29Asp;Lys61Tyr],-1.1909876102357897,-1.2607068398154286,-1.08894900479982,0.0469507477304587,-1.3821292,-0.3435842765601389,-0.6561115070787252,-0.0210103226549261
urn:mavedb:00000394-a-1#2656,c.[3C>T;6T>G;12C>T;21C>T;39C>T;42C>G;85C>G;86G>A;87T>C;165G>A;171T>G;174A>G;177G>A;180G>C;181A>T;182A>T;183A>C],NA,p.[Arg29Asp;Lys61Phe],-1.2678647463459445,-1.2996030208806215,-1.22800492664381,0.0374554440216467,-1.38411,-0.6849998641800581,-0.8919591912813603,-0.485985613428576
urn:mavedb:00000394-a-1#2657,c.[6T>G;9G>A;12C>T;21C>T;36T>C;42C>G;85C>G;86G>A;87T>C;120A>G;123T>C;126C>T;141A>G;174A>G;181A>C;182A>C;183A>G],NA,p.[Arg29Asp;Lys61Pro],-1.5247768391369383,-1.5854541320712847,-1.481111502034521,0.033197642368264,-1.3775616,-15.0,-25.0,-5.0
urn:mavedb:00000394-a-1#2658,c.[6T>G;9G>A;12C>T;21C>T;36T>C;42C>G;72C>T;75C>T;85C>A;86G>A;87T>A;120A>G;123T>C;126C>T;135C>T;165G>A;171T>G;174A>G;177G>A;181A>C;183A>G],NA,p.[Arg29Lys;Lys61Gln],-0.4841595074625287,-0.4994973455621476,-0.4705952572618548,0.033289369335438,-1.4364696,1.2037738087183083,1.1806440165239491,1.2241442195849592
urn:mavedb:00000394-a-1#2659,c.[12C>T;21C>T;36T>C;42C>G;51C>T;69T>C;72C>T;85C>A;86G>A;87T>A;120A>G;123T>C;129G>A;138T>C;141A>G;165G>A;171T>G;177G>A;181A>G],NA,p.[Arg29Lys;Lys61Glu],-0.9590882979842654,-0.999519422098716,-0.8807246506207188,0.0286294452234938,-1.4342904,0.3983781291276267,0.3151584456210325,0.5493712419606913
urn:mavedb:00000394-a-1#2660,c.[3C>T;6T>G;18C>T;21C>T;36T>C;42C>G;63G>C;69T>C;72C>T;85C>A;86G>A;87T>G;120A>G;141A>G;183A>C],NA,p.[Arg29Lys;Lys61Asn],-1.044900192412157,-1.0957264415829,-0.9980905881044528,0.0374814488916106,-1.4363251,0.2207602893215193,0.1014198423449994,0.3224550478817882
urn:mavedb:00000394-a-1#2661,c.[6T>G;9G>A;12C>T;21C>T;36T>C;42C>G;72C>T;75C>T;85C>A;86G>A;87T>A;120A>G;138T>C;141A>G;144C>T;153A>G;156T>C;174A>G;181A>C;183A>C],NA,p.[Arg29Lys;Lys61His],-0.9078031683627767,-0.9238189774515244,-0.8982479193861688,0.0244811685203346,-1.4356937,0.5011978843135915,0.4705414818176687,0.5192607573441921
urn:mavedb:00000394-a-1#2662,c.[21C>T;36T>C;42C>G;51C>T;85C>A;86G>A;87T>A;102T>C;120A>G;123T>C;135C>T;138T>C;141A>G;144C>T;171T>G;174A>G;177G>A;180G>C;181A>C;183A>C;198G>T],NA,p.[Arg29Lys;Lys61His],-0.6157911837636278,-0.699762865629961,-0.5748652359068577,0.0561053672745663,-1.4620252,1.0414344813805982,0.9082819192365132,1.1047377798281297
urn:mavedb:00000394-a-1#2663,c.[9G>A;12C>T;21C>T;27G>A;51C>T;60T>C;69T>C;72C>T;85C>A;86G>A;87T>G;102T>C;105C>T;111G>C;120A>G;123T>C;138T>C;141A>G;165G>A;168G>A;171T>G;174A>G;177G>A;180G>C;181A>G;183A>C],NA,p.[Arg29Lys;Lys61Asp],-1.1639678479439852,-1.2048338985994131,-1.0758950539361365,0.0383260353667811,-1.4344697,-0.0844989312715358,-0.2093977845218685,0.1448539864936568
urn:mavedb:00000394-a-1#2664,c.[3C>T;6T>G;21C>T;36T>C;42C>G;85C>A;86G>A;87T>A;108G>C;120A>G;129G>A;165G>A;168G>A;174A>G;181A>C;182A>G;183A>T],NA,p.[Arg29Lys;Lys61Arg],-0.2884710308220668,-0.3057795940124807,-0.2406613380385645,0.0703735494974977,-1.4720058,1.542242370568494,1.5174336686098713,1.610426899616155
urn:mavedb:00000394-a-1#2665,c.[12C>T;21C>T;36T>C;42C>G;48C>T;85C>A;86G>A;87T>A;99G>C;120A>G;123T>C;129G>A;141A>G;165G>A;168G>A;171T>G;174A>G;177G>A;180G>C;182A>C;183A>T],NA,p.[Arg29Lys;Lys61Thr],-0.98922675155923,-1.01886043158491,-0.9322751262684988,0.0334316011083011,-1.4366932,0.3417449076591356,0.2789705193093169,0.4560973707512328
urn:mavedb:00000394-a-1#2666,c.[3C>T;6T>G;18C>T;21C>T;36T>C;42C>G;72C>T;75C>T;85C>A;86G>A;87T>A;120A>G;123T>C;126C>T;129G>A;141A>G;171T>G;174A>G;177G>A;181A>T;182A>C;183A>T],NA,p.[Arg29Lys;Lys61Ser],-0.8993756920946103,-0.933631568719426,-0.8674559342590163,0.0246794620612033,-1.4366035,0.5188500501345122,0.4532832131750063,0.578065266254084
urn:mavedb:00000394-a-1#2667,c.[12C>T;21C>T;36T>C;42C>G;51C>T;72C>T;75C>T;85C>A;86G>A;87T>A;120A>G;123T>C;138T>C;141A>G;165G>A;168G>A;180G>C;181A>G;182A>C;183A>G],NA,p.[Arg29Lys;Lys61Ala],-0.480851059655477,-0.503187237914192,-0.4504255889757995,0.0503905564179706,-1.4383593,1.2115868121411637,1.1779199007774157,1.2571077762978302
urn:mavedb:00000394-a-1#2668,c.[18C>T;21C>T;36T>C;42C>G;85C>A;86G>A;87T>A;99G>C;120A>G;123T>C;126C>T;138T>C;141A>G;165G>A;168G>A;181A>G;182A>G;183A>T],NA,p.[Arg29Lys;Lys61Gly],-1.1077870039915891,-1.129058345671726,-1.071522913990827,0.0343916916683894,-1.4371452,0.0734903610662828,0.0188344443878888,0.1614971908656797
urn:mavedb:00000394-a-1#2669,c.[3C>T;12C>T;21C>T;42C>G;72C>T;75C>T;85C>A;86G>A;87T>A;120A>G;138T>C;141A>G;165G>A;168G>A;171T>G;174A>G;180G>C;182A>T;183A>G],NA,p.[Arg29Lys;Lys61Met],-0.4834005006706097,-0.5126783145591246,-0.4484821893301978,0.0319400578722864,-1.4406414,1.2111819580962355,1.167003335139989,1.2633970610901806
urn:mavedb:00000394-a-1#2670,c.[3C>T;6T>G;12C>T;21C>T;36T>C;42C>G;48C>T;75C>T;85C>A;86G>A;87T>A;99G>C;102T>C;108G>C;120A>G;123T>C;129G>A;141A>G;162G>C;165G>A;168G>A;171T>G;174A>G;181A>C;182A>T;183A>G],NA,p.[Arg29Lys;Lys61Leu],-0.1432216725355721,-0.1539280894019931,-0.1092098403430768,0.0704187282660262,-1.4394693,1.7023700371027817,1.687268136912227,1.7502221330799093
urn:mavedb:00000394-a-1#2671,c.[3C>T;6T>G;15A>G;36T>C;42C>G;72C>T;75C>T;85C>A;86G>A;87T>A;120A>G;141A>G;168G>A;174A>G;181A>G;182A>T;183A>G],NA,p.[Arg29Lys;Lys61Val],-0.8859237577734379,-0.9051668228922958,-0.8629679094267083,0.0243073111483816,-1.4385009,0.547535016611855,0.5115068523681474,0.5897131629703739
urn:mavedb:00000394-a-1#2672,c.[21C>T;36T>C;42C>G;85C>A;86G>A;87T>A;120A>G;123T>C;126C>T;141A>G;153A>G;165G>A;171T>G;174A>G;177G>A;180G>C;182A>T;183A>C],NA,p.[Arg29Lys;Lys61Ile],-0.8886736574311589,-0.9322147879032964,-0.84265290753399,0.0342395265375097,-1.4402528,0.5456810923068279,0.4631213939488228,0.6295030667705427
urn:mavedb:00000394-a-1#2673,c.[3C>T;18C>T;21C>T;36T>C;42C>G;51C>T;57T>G;85C>A;86G>A;87T>A;108G>C;120A>G;123T>C;132C>T;135C>T;138T>C;141A>G;144C>T;153A>G;181A>T;182A>G;183A>G],NA,p.[Arg29Lys;Lys61Trp],-0.4419462487612814,-0.4615827778273472,-0.4169163992481495,0.0557296922365981,-1.4451785,1.279847907738545,1.250630253560217,1.3168830692960276
urn:mavedb:00000394-a-1#2674,c.[21C>T;36T>C;42C>G;51C>T;63G>C;85C>A;86G>A;87T>A;120A>G;141A>G;156T>C;165G>A;171T>G;174A>G;177G>A;181A>T;183A>C],NA,p.[Arg29Lys;Lys61Tyr],-0.4726362792358125,-0.4880234666013028,-0.4359654288960192,0.0450975146195234,-1.4422083,1.2296756927082897,1.2065859627409017,1.284319156699342
urn:mavedb:00000394-a-1#2675,c.[18C>T;21C>T;27G>A;39C>T;42C>G;69T>C;72C>T;85C>A;86G>A;87T>A;120A>G;129G>A;138T>C;141A>G;144C>T;150C>T;156T>C;171T>G;174A>G;177G>A;181A>T;182A>T;183A>C;186A>G],NA,p.[Arg29Lys;Lys61Phe],-0.5806658840906856,-0.5992404668326009,-0.5653531791471403,0.0399125136862661,-1.444046,1.068089272829258,1.039226417271324,1.0917369489720683
urn:mavedb:00000394-a-1#2676,c.[6T>G;9G>A;12C>T;21C>T;36T>C;42C>G;48C>T;51C>T;60T>C;63G>C;69T>C;72C>T;85C>A;86G>A;87T>A;120A>G;123T>C;135C>T;181A>C;182A>C;183A>G],NA,p.[Arg29Lys;Lys61Pro],-0.7739954939446958,-0.8915770471043355,-0.5583596889851782,0.1142894433737079,-1.4379725,0.7453300147034952,0.5360310009511565,1.0931606826571592
urn:mavedb:00000394-a-1#2677,c.[3C>T;6T>G;18C>T;21C>T;36T>C;42C>G;51C>T;69T>C;72C>T;84C>T;85C>A;86G>C;120A>G;123T>C;141A>G;153A>G;171T>G;174A>G;181A>C;183A>G;198G>T],NA,p.[Arg29Thr;Lys61Gln],-1.4643990444634836,-1.5204562094755194,-1.3982718477752178,0.0403313253818592,-1.3889656,-15.0,-25.0,-5.0
urn:mavedb:00000394-a-1#2678,c.[3C>T;6T>G;9G>A;12C>T;21C>T;42C>G;54G>A;57T>G;85C>A;86G>C;87T>C;120A>G;135C>T;141A>G;144C>T;165G>A;171T>G;174A>G;177G>A;181A>G],NA,p.[Arg29Thr;Lys61Glu],-1.2415336493358444,-1.2957789040991985,-1.2062812381342127,0.0436398029942768,-1.386653,-0.5360720401840324,-0.8454320557426817,-0.3849277692350578
urn:mavedb:00000394-a-1#2679,c.[3C>T;6T>G;21C>T;36T>C;42C>G;60T>C;84C>T;85C>A;86G>C;87T>C;108G>C;120A>G;129G>A;141A>G;168G>A;177G>A;183A>C],NA,p.[Arg29Thr;Lys61Asn],-1.183507024333201,-1.314622365444499,-1.090483701005672,0.0555111250099234,-1.388813,-0.2919445045507705,-0.9745745048980892,-0.0070871906685042
urn:mavedb:00000394-a-1#2680,c.[3C>T;6T>G;21C>T;36T>C;39C>T;42C>G;48C>T;57T>G;72C>T;75C>T;84C>T;85C>A;86G>C;87T>C;120A>G;123T>C;132C>T;138T>C;141A>G;165G>A;168G>A;174A>G;181A>C;183A>C],NA,p.[Arg29Thr;Lys61His],-1.0536163378396886,-1.1452061876323638,-0.9780126544116892,0.0704739754210355,-1.3881435,0.0864282809228285,-0.1670382596984759,0.2622490133161803
urn:mavedb:00000394-a-1#2681,c.[15A>G;18C>T;21C>T;39C>T;51C>T;69T>C;72C>T;85C>A;86G>C;87T>C;108G>C;120A>G;123T>C;141A>G;147G>C;165G>A;168G>A;171T>G;174A>G;181A>G;183A>C],NA,p.[Arg29Thr;Lys61Asp],-1.224652288475137,-1.28700167936051,-1.1508173668030313,0.0411662397469748,-1.3868446,-0.4594853394234001,-0.7846308020642264,-0.1888127024157666
urn:mavedb:00000394-a-1#2682,c.[21C>T;36T>C;42C>G;48C>T;57T>G;60T>C;66G>A;84C>T;85C>A;86G>C;87T>C;93C>T;108G>C;111G>C;123T>C;126C>T;135C>T;138T>C;141A>G;165G>A;171T>G;174A>G;177G>A;181A>C;182A>G;183A>T],NA,p.[Arg29Thr;Lys61Arg],-1.2938716308295932,-1.341391769652895,-1.1780043510564413,0.0547854249492252,-1.4265666,-0.5967338854397145,-0.8869414934221237,-0.1496632769142945
urn:mavedb:00000394-a-1#2683,c.[3C>T;6T>G;21C>T;36T>C;42C>G;48C>T;84C>T;85C>A;86G>C;120A>G;123T>C;129G>A;141A>G;153A>G;171T>G;174A>G;177G>A;182A>C;183A>T;186A>G],NA,p.[Arg29Thr;Lys61Thr],-1.3437859472567877,-1.388946337571677,-1.30302050278437,0.0348518690291618,-1.3892035,-1.2788630789466284,-4.310180088759682,-0.8794136245499871
urn:mavedb:00000394-a-1#2684,c.[3C>T;6T>G;21C>T;42C>G;48C>T;85C>A;86G>C;87T>C;102T>C;120A>G;123T>C;126C>T;129G>A;141A>G;174A>G;181A>T;182A>C;183A>T],NA,p.[Arg29Thr;Lys61Ser],-1.3876336035515715,-1.418473591405031,-1.3171266312005112,0.0417564294263505,-1.3891072,-3.2968303739009075,-25.0,-0.9936323557695868
urn:mavedb:00000394-a-1#2685,c.[3C>T;6T>G;21C>T;42C>G;51C>T;85C>A;86G>C;87T>C;120A>G;132C>T;141A>G;165G>A;168G>A;181A>G;182A>C;183A>G],NA,p.[Arg29Thr;Lys61Ala],-1.2882762769947869,-1.3451242846349931,-1.201531167386236,0.0443286953912913,-1.3909702,-0.7663236291272284,-1.27312756469927,-0.3499961364415642
urn:mavedb:00000394-a-1#2686,c.[3C>T;6T>G;9G>A;21C>T;36T>C;57T>G;72C>T;75C>T;84C>T;85C>A;86G>C;120A>G;123T>C;126C>T;141A>G;165G>A;171T>G;174A>G;177G>A;180G>C;181A>G;182A>G;183A>C],NA,p.[Arg29Thr;Lys61Gly],-1.414874573566517,-1.4880832520753629,-1.3601664031716234,0.0418625605149133,-1.3896828,-15.0,-25.0,-1.539589376346277
urn:mavedb:00000394-a-1#2687,c.[18C>T;21C>T;30G>C;36T>C;39C>T;72C>T;75C>T;84C>T;85C>A;86G>C;102T>C;120A>G;138T>C;150C>T;182A>T;183A>G],NA,p.[Arg29Thr;Lys61Met],-1.0965923199838117,-1.1750683672652138,-1.0211111926594518,0.039812861811368,-1.3933902,-0.0112127397552483,-0.2468951824982884,0.1770481174104551
urn:mavedb:00000394-a-1#2688,c.[12C>T;21C>T;27G>A;30G>C;85C>A;86G>C;87T>C;120A>G;126C>T;135C>T;138T>C;141A>G;165G>A;171T>G;174A>G;177G>A;180G>C;181A>C;182A>T;183A>G;198G>T],NA,p.[Arg29Thr;Lys61Leu],-0.7842757082244483,-0.8720418428182121,-0.7337018719926931,0.0929816834621973,-1.3921475,0.647822574990331,0.4863811457746812,0.7359115070567774
urn:mavedb:00000394-a-1#2689,c.[9G>A;21C>T;36T>C;51C>T;60T>C;72C>T;75C>T;84C>T;85C>A;86G>C;102T>C;120A>G;123T>C;129G>A;138T>C;141A>G;165G>A;171T>G;177G>A;181A>G;182A>T;183A>G],NA,p.[Arg29Thr;Lys61Val],-0.8452879078111166,-0.9098770334810178,-0.7965496971678048,0.0767519089118562,-1.3911209,0.5350078321664009,0.4104902609839554,0.6241144844930077
urn:mavedb:00000394-a-1#2690,c.[21C>T;36T>C;42C>G;51C>T;60T>C;66G>A;84C>T;85C>A;86G>C;87T>C;90T>C;108G>C;120A>G;123T>C;141A>G;165G>A;171T>G;174A>G;177G>A;182A>T;183A>C;198G>T],NA,p.[Arg29Thr;Lys61Ile],-0.8907256543080626,-0.9266304726477832,-0.8134384535501008,0.0578159062635625,-1.3929782,0.4519042406790576,0.3805244176523985,0.5970191481324469
urn:mavedb:00000394-a-1#2691,c.[21C>T;42C>G;48C>T;60T>C;75C>T;85C>A;86G>C;87T>C;108G>C;120A>G;123T>C;129G>A;138T>C;165G>A;168G>A;171T>G;174A>G;181A>T;182A>G;183A>G],NA,p.[Arg29Thr;Lys61Trp],-0.7957676378786931,-0.8613110634928726,-0.7553439748502607,0.0527119993286892,-1.3981986,0.6381492180523042,0.5182308672268088,0.7090781914758177
urn:mavedb:00000394-a-1#2692,c.[21C>T;27G>A;30G>C;36T>C;42C>G;60T>C;69T>C;84C>T;85C>A;86G>C;87T>C;108G>C;120A>G;141A>G;150C>T;165G>A;171T>G;181A>T;183A>C],NA,p.[Arg29Thr;Lys61Tyr],-0.9298450475471576,-1.0131197516868156,-0.8259153880491165,0.0720777135860065,-1.395052,0.3782069140985911,0.199266440007738,0.5780702269077874
urn:mavedb:00000394-a-1#2693,c.[3C>T;6T>G;12C>T;21C>T;39C>T;42C>G;72C>T;75C>T;85C>A;86G>C;120A>G;123T>C;126C>T;141A>G;171T>G;174A>G;177G>A;180G>C;181A>T;182A>T;183A>C;189G>A],NA,p.[Arg29Thr;Lys61Phe],-1.0660206572409776,-1.0925022540855824,-1.015237887404269,0.0505887267631515,-1.3969989,0.0775682730122095,0.0093710006759205,0.1988745918396439
urn:mavedb:00000394-a-1#2694,c.[3C>T;6T>G;21C>T;36T>C;42C>G;72C>T;75C>T;84C>T;85C>A;86G>C;87T>C;99G>C;120A>G;123T>C;126C>T;141A>G;177G>A;180G>C;181A>C;182A>C;183A>G],NA,p.[Arg29Thr;Lys61Pro],-1.4335180418579805,-1.4759064845972938,-1.3687126798305629,0.0433368179077806,-1.3905597,-15.0,-25.0,-1.7192738410742958
urn:mavedb:00000394-a-1#2695,c.[6T>G;9G>A;21C>T;36T>C;42C>G;57T>G;72C>T;75C>T;85C>T;86G>C;120A>G;123T>C;126C>T;141A>G;165G>A;171T>G;177G>A;181A>C;183A>G],NA,p.[Arg29Ser;Lys61Gln],-1.1914270886923064,-1.278578027443056,-1.1393371199659963,0.0310829750721051,-1.3875718,-0.3250099295977018,-0.7274121424851551,-0.1506562705751897
urn:mavedb:00000394-a-1#2696,c.[3C>T;12C>T;21C>T;36T>C;42C>G;85C>T;86G>C;120A>G;132C>T;141A>G;168G>A;177G>A;181A>G],NA,p.[Arg29Ser;Lys61Glu],-1.326880898967591,-1.3959945396762363,-1.2900877991382869,0.0310505819952433,-1.3852553,-1.1244678754089137,-25.0,-0.8156868051317535
urn:mavedb:00000394-a-1#2697,c.[3C>T;9G>A;15A>G;21C>T;36T>C;42C>G;48C>T;85C>T;86G>C;108G>C;114C>T;120A>G;123T>C;141A>G;144C>T;165G>A;168G>A;177G>A;183A>C],NA,p.[Arg29Ser;Lys61Asn],-1.2420184409191466,-1.2908266069021657,-1.194819746947855,0.0538436937403767,-1.3874187,-0.5347525195935138,-0.8060828598459331,-0.3381352873274267
urn:mavedb:00000394-a-1#2698,c.[3C>T;21C>T;36T>C;42C>G;51C>T;57T>G;78C>T;85C>T;86G>C;87T>C;120A>G;123T>C;132C>T;141A>G;156T>C;165G>A;171T>G;174A>G;177G>A;181A>C;183A>C],NA,p.[Arg29Ser;Lys61His],-1.3223774143264744,-1.37464746732208,-1.2766489329986253,0.0409334511771921,-1.3867474,-1.0636625581534862,-2.068527410652749,-0.7207941391944156
urn:mavedb:00000394-a-1#2699,c.[3C>T;6T>G;9G>A;12C>T;15A>G;18C>T;21C>T;36T>C;39C>T;51C>T;54G>A;57T>G;60T>C;72C>T;75C>T;78C>T;85C>T;86G>C;87T>C;90T>C;120A>G;123T>C;138T>C;141A>G;156T>C;165G>A;171T>G;174A>G;181A>G;183A>C],NA,p.[Arg29Ser;Lys61Asp],-1.1809431555424672,-1.2657611897554577,-1.0985727144661557,0.0416894038766233,-1.3854465,-0.2947936574030251,-0.6656834951036642,-0.0383021006219638
urn:mavedb:00000394-a-1#2700,c.[3C>T;6T>G;12C>T;21C>T;36T>C;54G>A;63G>C;72C>T;75C>T;85C>T;86G>C;105C>T;120A>G;141A>G;177G>A;181A>C;182A>G;183A>T],NA,p.[Arg29Ser;Lys61Arg],-1.0291929594817568,-1.0548441664319896,-0.9648375817908336,0.0323144777298885,-1.4252372,0.2311154539006074,0.1726526216414722,0.3683957349100209
urn:mavedb:00000394-a-1#2701,c.[6T>G;9G>A;21C>T;36T>C;39C>T;57T>G;69T>C;72C>T;85C>T;86G>C;102T>C;111G>C;120A>G;165G>A;168G>A;177G>A;180G>C;182A>C;183A>C;195G>A],NA,p.[Arg29Ser;Lys61Thr],-1.299231223172483,-1.340897712075372,-1.2150335125740337,0.0392502071131739,-1.3878098,-0.8618576405446414,-1.2590683707222188,-0.4152976789113922
urn:mavedb:00000394-a-1#2702,c.[18C>T;21C>T;36T>C;42C>G;51C>T;85C>T;86G>C;120A>G;123T>C;138T>C;141A>G;168G>A;177G>A;181A>T;182A>C;183A>T],NA,p.[Arg29Ser;Lys61Ser],-1.3608037679565343,-1.4304134907197723,-1.2797610475365149,0.0368687009013342,-1.3877139,-1.5949656438517985,-25.0,-0.7337021610883744
urn:mavedb:00000394-a-1#2703,c.[3C>T;15A>G;21C>T;27G>A;39C>T;85C>T;86G>C;90T>C;99G>C;120A>G;123T>C;126C>T;141A>G;165G>A;168G>A;171T>G;174A>G;180G>C;181A>G;182A>C;183A>G],NA,p.[Arg29Ser;Lys61Ala],-1.082914882951302,-1.141013859482655,-1.0295962590552568,0.0389133718365926,-1.3895798,0.0151060302892358,-0.1496411384939829,0.1482148078587316
urn:mavedb:00000394-a-1#2704,c.[3C>T;6T>G;21C>T;36T>C;42C>G;60T>C;66G>A;72C>T;75C>T;84C>T;85C>T;86G>C;120A>G;141A>G;171T>G;174A>G;177G>A;181A>G;182A>G;183A>T],NA,p.[Arg29Ser;Lys61Gly],-1.423992344956979,-1.4681638308630898,-1.3582998061500944,0.0536991321043248,-1.3882904,-15.0,-25.0,-1.5300248122900602
urn:mavedb:00000394-a-1#2705,c.[3C>T;6T>G;21C>T;30G>C;42C>G;48C>T;54G>A;57T>G;85C>T;86G>C;99G>C;123T>C;141A>G;168G>A;177G>A;182A>T;183A>G],NA,p.[Arg29Ser;Lys61Met],-1.0818563676327404,-1.150534632399992,-1.0404750725930658,0.0354079298367569,-1.392004,0.024254731163226,-0.1716259940304272,0.1280182618035275
urn:mavedb:00000394-a-1#2706,c.[3C>T;6T>G;15A>G;36T>C;42C>G;54G>A;85C>T;86G>C;108G>C;120A>G;123T>C;126C>T;141A>G;177G>A;180G>C;181A>C;182A>T;183A>G],NA,p.[Arg29Ser;Lys61Leu],-0.8330583561673632,-0.8693925330556906,-0.7437914175543311,0.0260602683023859,-1.3907595,0.5570507895765777,0.4887941625982446,0.7161891499707748
urn:mavedb:00000394-a-1#2707,c.[3C>T;6T>G;21C>T;36T>C;42C>G;63G>C;69T>C;72C>T;78C>T;85C>T;86G>C;120A>G;123T>C;126C>T;165G>A;171T>G;181A>G;182A>T;183A>G],NA,p.[Arg29Ser;Lys61Val],-0.9447221191236584,-1.0014352655894705,-0.8989326192333839,0.066587897599843,-1.38973,0.3366516305701567,0.2137221057403147,0.4294423162173664
urn:mavedb:00000394-a-1#2708,c.[3C>T;6T>G;21C>T;36T>C;42C>G;72C>T;75C>T;85C>T;86G>C;99G>C;120A>G;123T>C;126C>T;132C>T;141A>G;165G>A;171T>G;174A>G;177G>A;182A>T;183A>C],NA,p.[Arg29Ser;Lys61Ile],-1.054618764034407,-1.1004444284746946,-0.9880223951612792,0.0511310800274097,-1.3915911,0.0924929847826357,-0.0265601722854304,0.2478332820496901
urn:mavedb:00000394-a-1#2709,c.[12C>T;21C>T;36T>C;42C>G;51C>T;72C>T;75C>T;78C>T;85C>T;86G>C;120A>G;123T>C;181A>T;182A>G;183A>G],NA,p.[Arg29Ser;Lys61Trp],-0.8694720342524104,-0.92652748864667,-0.8111473973079945,0.0396042111611159,-1.396821,0.5001903750134539,0.3885106276414682,0.608112418660687
urn:mavedb:00000394-a-1#2710,c.[21C>T;36T>C;39C>T;42C>G;54G>A;69T>C;72C>T;85C>T;86G>C;138T>C;141A>G;171T>G;174A>G;177G>A;181A>T;183A>C],NA,p.[Arg29Ser;Lys61Tyr],-1.015416434363524,-1.066159772293022,-0.978574444927233,0.0445986496483807,-1.3936687,0.1908387546702951,0.0688499941667878,0.2730571926110549
urn:mavedb:00000394-a-1#2711,c.[21C>T;36T>C;39C>T;42C>G;48C>T;69T>C;72C>T;85C>T;86G>C;120A>G;123T>C;126C>T;132C>T;135C>T;138T>C;141A>G;165G>A;171T>G;174A>G;177G>A;180G>C;181A>T;182A>T;183A>C],NA,p.[Arg29Ser;Lys61Phe],-0.98790413736258,-1.0644489461407871,-0.929363147166949,0.0524263214794344,-1.3956194,0.2569560211088288,0.0780500740913804,0.3803374679858773
urn:mavedb:00000394-a-1#2712,c.[3C>T;6T>G;15A>G;21C>T;36T>C;42C>G;51C>T;54G>A;85C>T;86G>C;99G>C;120A>G;123T>C;129G>A;141A>G;147G>C;150C>T;165G>A;171T>G;174A>G;181A>C;182A>C;183A>G;198G>T],NA,p.[Arg29Ser;Lys61Pro],-1.5353245697630105,-1.6099665964513632,-1.4789449701323276,0.0363039229828464,-1.3891697,-15.0,-25.0,-5.0
urn:mavedb:00000394-a-1#2713,c.[3C>T;6T>G;21C>T;24C>T;36T>C;42C>G;72C>T;75C>T;78C>T;85C>G;86G>C;120A>G;123T>C;126C>T;141A>G;165G>A;168G>A;174A>G;181A>C;183A>G],NA,p.[Arg29Ala;Lys61Gln],-1.111356630037174,-1.147354748081803,-1.071098152482548,0.0289082945049018,-1.4016123,-0.0290023412402708,-0.1323468787399762,0.0764037394187399
urn:mavedb:00000394-a-1#2714,c.[21C>T;36T>C;42C>G;48C>T;69T>C;72C>T;78C>T;85C>G;86G>C;120A>G;123T>C;129G>A;138T>C;141A>G;156T>C;165G>A;171T>G;174A>G;181A>G],NA,p.[Arg29Ala;Lys61Glu],-1.1118545192048426,-1.156853800579956,-1.0345912598972125,0.04805560271028,-1.3993378,-0.0366240162850497,-0.1684557548873527,0.159454325171596
urn:mavedb:00000394-a-1#2715,c.[3C>T;6T>G;21C>T;36T>C;42C>G;48C>T;66G>A;72C>T;75C>T;85C>G;86G>C;120A>G;123T>C;126C>T;168G>A;171T>G;174A>G;177G>A;183A>C],NA,p.[Arg29Ala;Lys61Asn],-1.2412439580523724,-1.292118414657606,-1.196607677246476,0.0405741789419984,-1.4014626,-0.4679898419309315,-0.7253096294734674,-0.2935485340168327
urn:mavedb:00000394-a-1#2716,c.[6T>G;9G>A;12C>T;21C>T;36T>C;42C>G;48C>T;72C>T;75C>T;85C>G;86G>C;120A>G;123T>C;129G>A;165G>A;171T>G;177G>A;181A>C;183A>C],NA,p.[Arg29Ala;Lys61His],-1.2004769319426392,-1.2450822716443786,-1.1250328985516926,0.0446765996762221,-1.4008036,-0.3097720910469446,-0.4876888819628574,-0.0694138322273996
urn:mavedb:00000394-a-1#2717,c.[3C>T;6T>G;18C>T;21C>T;36T>C;51C>T;72C>T;75C>T;85C>G;86G>C;96C>T;99G>C;102T>C;111G>C;120A>G;126C>T;141A>G;165G>A;171T>G;180G>C;181A>G;183A>C],NA,p.[Arg29Ala;Lys61Asp],-1.149787486332434,-1.194393242143718,-1.1079502365937977,0.0392396131504532,-1.3995256,-0.1460579370328372,-0.2925631974586483,-0.0253912587322952
urn:mavedb:00000394-a-1#2718,c.[12C>T;21C>T;36T>C;39C>T;42C>G;85C>G;86G>C;108G>C;123T>C;126C>T;129G>A;135C>T;138T>C;144C>T;168G>A;177G>A;181A>C;182A>G;183A>T],NA,p.[Arg29Ala;Lys61Arg],-0.8129586584220823,-0.8505415377378319,-0.7899211347370604,0.0313885524725297,-1.438642,0.6791724657443893,0.6124610974726966,0.7191761769483788
urn:mavedb:00000394-a-1#2719,c.[12C>T;21C>T;36T>C;42C>G;48C>T;72C>T;75C>T;85C>G;86G>C;120A>G;123T>C;126C>T;141A>G;144C>T;162G>C;165G>A;168G>A;171T>G;177G>A;180G>C;182A>C;183A>T],NA,p.[Arg29Ala;Lys61Thr],-1.3078501163762604,-1.3472894292648032,-1.2817641653624203,0.0431621646352081,-1.4018469,-0.8236798792541019,-1.1662970355640656,-0.6634867755429832
urn:mavedb:00000394-a-1#2720,c.[21C>T;36T>C;42C>G;48C>T;78C>T;85C>G;86G>C;120A>G;123T>C;156T>C;165G>A;171T>G;174A>G;177G>A;181A>T;182A>C;183A>T],NA,p.[Arg29Ala;Lys61Ser],-1.1478373604232224,-1.2141259045863178,-1.1010841152610662,0.0378635245046649,-1.4017525,-0.1333794593650948,-0.3568727805342667,-0.0008209203599459
urn:mavedb:00000394-a-1#2721,c.[12C>T;21C>T;27G>A;39C>T;51C>T;72C>T;75C>T;78C>T;85C>G;86G>C;120A>G;123T>C;138T>C;141A>G;171T>G;177G>A;181A>G;182A>C;183A>G],NA,p.[Arg29Ala;Lys61Ala],-0.9210551895813486,-0.9853206307516518,-0.8527084038441942,0.0507091105135557,-1.403585,0.4130466099697664,0.2799171656854936,0.5443965483933044
urn:mavedb:00000394-a-1#2722,c.[3C>T;6T>G;21C>T;36T>C;42C>G;85C>G;86G>C;90T>C;111G>C;123T>C;126C>T;129G>A;141A>G;165G>A;171T>G;174A>G;177G>A;181A>G;182A>G;183A>T],NA,p.[Arg29Ala;Lys61Gly],-1.339573893321736,-1.4134710746622514,-1.279394440070875,0.0445978421590454,-1.402318,-1.0796161278953451,-25.0,-0.6479395455967228
urn:mavedb:00000394-a-1#2723,c.[3C>T;9G>A;21C>T;42C>G;48C>T;57T>G;85C>G;86G>C;120A>G;123T>C;138T>C;141A>G;165G>A;168G>A;174A>G;180G>C;182A>T;183A>G],NA,p.[Arg29Ala;Lys61Met],-0.931874867529659,-0.9849357567109366,-0.8692088959445472,0.0470561701741132,-1.4059668,0.3961608479340926,0.2858816399561181,0.5179823007559036
urn:mavedb:00000394-a-1#2724,c.[3C>T;12C>T;21C>T;36T>C;42C>G;85C>G;86G>C;120A>G;123T>C;126C>T;141A>G;165G>A;171T>G;174A>G;177G>A;181A>C;182A>T;183A>G;186A>G],NA,p.[Arg29Ala;Lys61Leu],-0.7893413651887877,-0.816688170045635,-0.7651031279500209,0.04609952694294,-1.4047432,0.6611308804779519,0.6124002922725507,0.7035070011185746
urn:mavedb:00000394-a-1#2725,c.[6T>G;9G>A;12C>T;15A>G;21C>T;36T>C;54G>A;60T>C;69T>C;72C>T;85C>G;86G>C;141A>G;171T>G;174A>G;177G>A;181A>G;182A>T;183A>G],NA,p.[Arg29Ala;Lys61Val],-0.9158780156618036,-1.016250953965939,-0.8225189970875773,0.0592309110702033,-1.4037323,0.4236182615415306,0.2118767960479073,0.6000450974889996
urn:mavedb:00000394-a-1#2726,c.[21C>T;36T>C;42C>G;85C>G;86G>C;120A>G;123T>C;126C>T;141A>G;171T>G;174A>G;177G>A;180G>C;182A>T;183A>C],NA,p.[Arg29Ala;Lys61Ile],-0.8797659055616154,-0.9353670105593176,-0.8320810540629493,0.0470457766545415,-1.4055605,0.4972297745848556,0.3883042685821682,0.5859934065973156
urn:mavedb:00000394-a-1#2727,c.[3C>T;6T>G;18C>T;21C>T;36T>C;42C>G;51C>T;72C>T;75C>T;85C>G;86G>C;120A>G;123T>C;129G>A;135C>T;141A>G;162G>C;165G>A;168G>A;174A>G;181A>T;182A>G;183A>G],NA,p.[Arg29Ala;Lys61Trp],-0.5398370542629145,-0.5587217703315429,-0.5093546823263413,0.0485205553256585,-1.4106994,1.0796994689515491,1.0504322794280423,1.1265312605407822
urn:mavedb:00000394-a-1#2728,c.[3C>T;6T>G;18C>T;21C>T;36T>C;42C>G;51C>T;85C>G;86G>C;120A>G;123T>C;141A>G;165G>A;171T>G;174A>G;177G>A;180G>C;181A>T;183A>C;198G>T],NA,p.[Arg29Ala;Lys61Tyr],-0.9280433348976675,-0.95773691855863,-0.8576315912487144,0.0485505725108218,-1.4076014,0.407116584640226,0.3467312655357755,0.5427080197988576
urn:mavedb:00000394-a-1#2729,c.[12C>T;42C>G;51C>T;85C>G;86G>C;99G>C;120A>G;141A>G;177G>A;181A>T;182A>T;183A>T],NA,p.[Arg29Ala;Lys61Phe],-0.8203355590293113,-0.8617575796604732,-0.801058748713052,0.0352924609219983,-1.4095182,0.6144271114758423,0.538593161310426,0.6488527219918647
urn:mavedb:00000394-a-1#2730,c.[3C>T;6T>G;21C>T;24C>T;36T>C;42C>G;48C>T;72C>T;75C>T;85C>G;86G>C;120A>G;123T>C;141A>G;165G>A;168G>A;177G>A;180G>C;181A>C;182A>C;207T>C],NA,p.[Arg29Ala;Lys61Pro],-1.327663934219576,-1.403325030259413,-1.2906664356928044,0.0527287727506609,-1.4031811,-0.9633871112751734,-25.0,-0.7065240664593466
urn:mavedb:00000394-a-1#2731,c.[3C>T;6T>G;21C>T;36T>C;42C>G;48C>T;69T>C;72C>T;85C>G;120A>G;123T>C;141A>G;171T>G;174A>G;177G>A;181A>C;183A>G],NA,p.[Arg29Gly;Lys61Gln],-1.401072468540975,-1.4409816538802125,-1.345608142592912,0.0401410033232615,-1.3905487,-15.0,-25.0,-1.285311092931114
urn:mavedb:00000394-a-1#2732,c.[3C>T;6T>G;12C>T;21C>T;36T>C;42C>G;48C>T;54G>A;63G>C;72C>T;75C>T;85C>G;102T>C;111G>C;120A>G;123T>C;141A>G;165G>A;171T>G;177G>A;181A>G;198G>T],NA,p.[Arg29Gly;Lys61Glu],-1.3696060238748458,-1.4009860529511011,-1.2898690744425685,0.0348442603419525,-1.3882418,-1.813644151457156,-25.0,-0.7942545054532365
urn:mavedb:00000394-a-1#2733,c.[15A>G;21C>T;36T>C;42C>G;51C>T;72C>T;75C>T;85C>G;102T>C;111G>C;120A>G;123T>C;129G>A;138T>C;141A>G;165G>A;171T>G;174A>G;177G>A;183A>C],NA,p.[Arg29Gly;Lys61Asn],-1.2929903222524346,-1.3545467681895278,-1.237613010256991,0.0625569656052196,-1.3903971,-0.8006477200991999,-1.4225498111844508,-0.5008088113558042
urn:mavedb:00000394-a-1#2734,c.[3C>T;6T>G;15A>G;18C>T;36T>C;42C>G;51C>T;85C>G;120A>G;123T>C;144C>T;165G>A;171T>G;174A>G;181A>C;183A>C;198G>T],NA,p.[Arg29Gly;Lys61His],-1.3913928928609012,-1.4249815258240082,-1.3274151269653611,0.0420034533586663,-1.3897281,-15.0,-25.0,-1.083907650075505
urn:mavedb:00000394-a-1#2735,c.[3C>T;6T>G;12C>T;15A>G;21C>T;36T>C;42C>G;54G>A;57T>G;85C>G;99G>C;105C>T;108G>C;120A>G;126C>T;129G>A;135C>T;168G>A;181A>G;183A>C],NA,p.[Arg29Gly;Lys61Asp],-1.332422020662447,-1.3923559004048072,-1.2676096236975094,0.0282740664152463,-1.3884325,-1.150058532271803,-25.0,-0.6594026383306305
urn:mavedb:00000394-a-1#2736,c.[15A>G;36T>C;42C>G;51C>T;85C>G;111G>C;120A>G;123T>C;165G>A;168G>A;171T>G;174A>G;177G>A;181A>C;182A>G;183A>C;186A>G;189G>A;192C>T],NA,p.[Arg29Gly;Lys61Arg],-1.2957311565602494,-1.3535708624549754,-1.2550943376085468,0.037528635912687,-1.4280777,-0.5985037053908931,-0.971898237392805,-0.4144653847570348
urn:mavedb:00000394-a-1#2737,c.[21C>T;36T>C;42C>G;48C>T;72C>T;75C>T;85C>G;123T>C;138T>C;141A>G;153A>G;165G>A;171T>G;180G>C;182A>C;183A>C],NA,p.[Arg29Gly;Lys61Thr],-1.3232436643121313,-1.3605287622808455,-1.2200156044574182,0.0577156421663397,-1.3907866,-1.033583098015196,-1.524699265110352,-0.4234970462342692
urn:mavedb:00000394-a-1#2738,c.[6T>G;9G>A;12C>T;21C>T;36T>C;39C>T;42C>G;51C>T;63G>C;84C>T;85C>G;102T>C;120A>G;132C>T;165G>A;168G>A;171T>G;174A>G;180G>C;181A>T;182A>C;183A>T],NA,p.[Arg29Gly;Lys61Ser],-1.3175185215209977,-1.3648048333747955,-1.2676580004878717,0.0479950684106041,-1.3906908,-0.983290665872376,-1.6181622804393123,-0.6473453171541329
urn:mavedb:00000394-a-1#2739,c.[15A>G;21C>T;27G>A;42C>G;51C>T;69T>C;72C>T;85C>G;120A>G;129G>A;141A>G;165G>A;168G>A;171T>G;177G>A;181A>G;182A>C;183A>G],NA,p.[Arg29Gly;Lys61Ala],-1.2849611396749712,-1.3499161753563191,-1.247514984976112,0.0433804561136086,-1.39255,-0.7359153360594958,-1.3174398902143154,-0.5364700867277934
urn:mavedb:00000394-a-1#2740,c.[6T>G;9G>A;21C>T;36T>C;48C>T;57T>G;72C>T;75C>T;85C>G;120A>G;123T>C;132C>T;177G>A;181A>G;182A>G;183A>T],NA,p.[Arg29Gly;Lys61Gly],-1.4994904359158894,-1.5560302701887008,-1.423061922531795,0.0415562645442066,-1.3912649,-15.0,-25.0,-5.0
urn:mavedb:00000394-a-1#2741,c.[3C>T;6T>G;18C>T;21C>T;36T>C;42C>G;63G>C;69T>C;72C>T;85C>G;99G>C;105C>T;108G>C;120A>G;126C>T;141A>G;165G>A;171T>G;174A>G;177G>A;180G>C;182A>T;183A>G],NA,p.[Arg29Gly;Lys61Met],-0.7456917706359749,-0.7939929367011579,-0.6739328706269401,0.0929674377399335,-1.3949652,0.7201595331496099,0.6355522498637483,0.841041654244848
urn:mavedb:00000394-a-1#2742,c.[6T>G;9G>A;12C>T;21C>T;36T>C;42C>G;72C>T;75C>T;85C>G;120A>G;138T>C;141A>G;168G>A;171T>G;174A>G;177G>A;181A>C;182A>T;183A>G],NA,p.[Arg29Gly;Lys61Leu],-0.8986062491928057,-0.9887108806679262,-0.8496698300818283,0.054756075474692,-1.3937244,0.4379458570131891,0.2510180737576065,0.5316827626848545
urn:mavedb:00000394-a-1#2743,c.[3C>T;6T>G;12C>T;21C>T;36T>C;39C>T;85C>G;105C>T;120A>G;141A>G;165G>A;168G>A;174A>G;181A>G;182A>T;183A>T;186A>G;198G>T],NA,p.[Arg29Gly;Lys61Val],-1.154120034540334,-1.2244724409511645,-1.098396516049417,0.0496050388113217,-1.3926997,-0.180716318373893,-0.4340114023959415,-0.0179623990451991
urn:mavedb:00000394-a-1#2744,c.[21C>T;27G>A;30G>C;36T>C;69T>C;72C>T;84C>T;85C>G;141A>G;150C>T;182A>T;183A>C],NA,p.[Arg29Gly;Lys61Ile],-0.8838242999124579,-0.9448917555814164,-0.8199893872847119,0.0620568479575161,-1.3945532,0.4683509035561214,0.3463169349914315,0.5879758279700638
urn:mavedb:00000394-a-1#2745,c.[3C>T;6T>G;9G>A;21C>T;39C>T;42C>G;48C>T;63G>C;69T>C;72C>T;85C>G;123T>C;141A>G;165G>A;168G>A;171T>G;177G>A;181A>T;182A>G;183A>G;195G>A],NA,p.[Arg29Gly;Lys61Trp],-0.7402455990250539,-0.7889742072670434,-0.6736114021193108,0.0531490579323341,-1.3997631,0.737740008797564,0.6529851309884697,0.84947194148185
urn:mavedb:00000394-a-1#2746,c.[3C>T;6T>G;12C>T;21C>T;36T>C;42C>G;85C>G;120A>G;126C>T;141A>G;165G>A;168G>A;174A>G;181A>T;183A>C],NA,p.[Arg29Gly;Lys61Tyr],-1.0143621243377423,-1.114953613864671,-0.9717924547669426,0.047217703502183,-1.3966227,0.2000152947919995,-0.0527788779960062,0.294039980165815
urn:mavedb:00000394-a-1#2747,c.[3C>T;6T>G;18C>T;21C>T;27G>A;42C>G;63G>C;84C>T;85C>G;99G>C;111G>C;141A>G;168G>A;174A>G;180G>C;181A>T;182A>T;183A>T],NA,p.[Arg29Gly;Lys61Phe],-1.0329666930347878,-1.070487953947068,-0.9416473034797004,0.0498371585544076,-1.3985662,0.1614581807538329,0.0702833244094351,0.3612791110517933
urn:mavedb:00000394-a-1#2748,c.[12C>T;21C>T;27G>A;51C>T;72C>T;75C>T;85C>G;123T>C;138T>C;141A>G;165G>A;171T>G;177G>A;181A>C;182A>C;183A>G],NA,p.[Arg29Gly;Lys61Pro],-1.4275066777650645,-1.5189626787052528,-1.363801787618398,0.057185582528218,-1.3921409,-15.0,-25.0,-1.5639926531291588
urn:mavedb:00000394-a-1#2749,c.[6T>G;9G>A;12C>T;21C>T;36T>C;42C>G;48C>T;57T>G;72C>T;75C>T;84C>T;85C>A;86G>T;87T>G;108G>C;120A>G;123T>C;141A>G;165G>A;168G>A;171T>G;174A>G;181A>C;183A>G],NA,p.[Arg29Met;Lys61Gln],-0.7586386497504949,-0.8206594494896948,-0.6728390144007236,0.0631390007290871,-1.4162717,0.7345017389037658,0.6259624606861028,0.8777617556001543
urn:mavedb:00000394-a-1#2750,c.[27G>A;84C>T;85C>A;86G>T;87T>G;120A>G;171T>G;174A>G;177G>A;181A>G],NA,p.[Arg29Met;Lys61Glu],-1.0587359225458433,-1.094614379927406,-0.9863759862301252,0.0470470465045357,-1.4140382,0.1370616625825185,0.048279136842319,0.3000825581460877
urn:mavedb:00000394-a-1#2751,c.[21C>T;36T>C;42C>G;48C>T;75C>T;84C>T;85C>A;86G>T;87T>G;108G>C;120A>G;123T>C;132C>T;138T>C;141A>G;150C>T;156T>C;177G>A;183A>C],NA,p.[Arg29Met;Lys61Asn],-1.043066033999407,-1.138624878047639,-0.9871490756597926,0.0535715197180609,-1.4161243,0.1788461670072693,-0.0645174993998009,0.3028788075093606
urn:mavedb:00000394-a-1#2752,c.[27G>A;84C>T;85C>A;86G>T;87T>G;120A>G;141A>G;165G>A;168G>A;171T>G;174A>G;177G>A;181A>C;183A>C],NA,p.[Arg29Met;Lys61His],-0.9113507662825436,-1.0110575354417513,-0.8675264723405071,0.0450834080688997,-1.4154768,0.4555401327009732,0.2496994308943223,0.5389433004787757
urn:mavedb:00000394-a-1#2753,c.[3C>T;9G>A;12C>T;21C>T;36T>C;42C>G;48C>T;51C>T;66G>A;69T>C;72C>T;75C>T;84C>T;85C>A;86G>T;87T>G;99G>C;102T>C;120A>G;123T>C;126C>T;132C>T;135C>T;141A>G;144C>T;162G>C;165G>A;168G>A;171T>G;174A>G;181A>G;183A>C],NA,p.[Arg29Met;Lys61Asp],-0.8991257814710869,-1.001462494339254,-0.8713558281055747,0.0515523527779164,-1.4142227,0.4767599208828694,0.2679743198783723,0.5294482464353224
urn:mavedb:00000394-a-1#2754,c.[3C>T;6T>G;21C>T;36T>C;42C>G;84C>T;85C>A;86G>T;87T>G;120A>G;123T>C;126C>T;129G>A;141A>G;156T>C;165G>A;171T>G;174A>G;181A>C;182A>G;183A>T;198G>T],NA,p.[Arg29Met;Lys61Arg],-0.6849068127464584,-0.7125114705860315,-0.6591019271533198,0.033130143041228,-1.4526606,0.917149700405274,0.8723719538748055,0.9584819734570584
urn:mavedb:00000394-a-1#2755,c.[21C>T;36T>C;42C>G;54G>A;57T>G;75C>T;84C>T;85C>A;86G>T;87T>G;120A>G;123T>C;126C>T;141A>G;147G>C;153A>G;156T>C;165G>A;171T>G;174A>G;177G>A;182A>C;183A>C;198G>T],NA,p.[Arg29Met;Lys61Thr],-0.9311579043296592,-0.9685496079435356,-0.8923186977568307,0.0447443638707127,-1.416502,0.4186357197025856,0.3427628882992075,0.4941551370977014
urn:mavedb:00000394-a-1#2756,c.[3C>T;6T>G;18C>T;21C>T;36T>C;48C>T;60T>C;66G>A;69T>C;72C>T;75C>T;84C>T;85C>A;86G>T;87T>G;99G>C;102T>C;120A>G;123T>C;141A>G;168G>A;171T>G;174A>G;181A>T;182A>C;183A>T],NA,p.[Arg29Met;Lys61Ser],-0.8096411750313667,-0.8746244656792372,-0.7723105350821412,0.0494429122572404,-1.416409,0.6458475270131249,0.527419491108538,0.7112155267706747
urn:mavedb:00000394-a-1#2757,c.[3C>T;6T>G;15A>G;21C>T;36T>C;42C>G;51C>T;57T>G;60T>C;78C>T;84C>T;85C>A;86G>T;87T>G;102T>C;111G>C;120A>G;123T>C;135C>T;141A>G;165G>A;171T>G;174A>G;177G>A;181A>G;182A>C;183A>G],NA,p.[Arg29Met;Lys61Ala],-0.7966429670814564,-0.8633419156924036,-0.7638120646964708,0.0470519283186617,-1.4182086,0.6719675094854425,0.551791195396867,0.7289508139099302
urn:mavedb:00000394-a-1#2758,c.[15A>G;36T>C;42C>G;72C>T;75C>T;84C>T;85C>A;86G>T;87T>G;120A>G;138T>C;141A>G;168G>A;171T>G;174A>G;181A>G;182A>G;183A>T],NA,p.[Arg29Met;Lys61Gly],-1.0269135728763388,-1.103427399647543,-0.9620919756510236,0.0634098478524445,-1.4169645,0.2176745559966493,0.0330834265253178,0.3570647615721892
urn:mavedb:00000394-a-1#2759,c.[3C>T;15A>G;21C>T;42C>G;48C>T;51C>T;84C>T;85C>A;86G>T;87T>G;120A>G;123T>C;141A>G;165G>A;168G>A;177G>A;180G>C;182A>T;183A>G],NA,p.[Arg29Met;Lys61Met],-0.5764213696358006,-0.5988502613545635,-0.561470238023748,0.0556179787102909,-1.4205475,1.038192512672055,1.003054504350097,1.061447345704028
urn:mavedb:00000394-a-1#2760,c.[3C>T;6T>G;21C>T;36T>C;42C>G;48C>T;66G>A;84C>T;85C>A;86G>T;87T>G;120A>G;123T>C;129G>A;138T>C;141A>G;144C>T;168G>A;171T>G;174A>G;181A>C;182A>T;183A>G;189G>A],NA,p.[Arg29Met;Lys61Leu],-0.5073685528567999,-0.5300288416838761,-0.4650202900082567,0.0400702838186294,-1.4193459,1.142743398542303,1.108099702870971,1.2068299351812766
urn:mavedb:00000394-a-1#2761,c.[12C>T;21C>T;54G>A;63G>C;72C>T;75C>T;84C>T;85C>A;86G>T;87T>G;120A>G;129G>A;141A>G;181A>G;182A>T;183A>T;186A>G;192C>T;198G>T],NA,p.[Arg29Met;Lys61Val],-0.714836271495007,-0.7373679837997363,-0.6872356424075936,0.0509984541216658,-1.4183536,0.8119858038601508,0.7742052472835794,0.8576158600278364
urn:mavedb:00000394-a-1#2762,c.[3C>T;6T>G;18C>T;21C>T;36T>C;42C>G;48C>T;72C>T;75C>T;84C>T;85C>A;86G>T;87T>G;120A>G;123T>C;141A>G;165G>A;168G>A;174A>G;182A>T;183A>C],NA,p.[Arg29Met;Lys61Ile],-0.6067198585215969,-0.6457354035992013,-0.5771692087504574,0.0516667119399809,-1.4201493,0.9900221653806404,0.9278941422704085,1.0364049902157806
urn:mavedb:00000394-a-1#2763,c.[21C>T;36T>C;39C>T;48C>T;57T>G;78C>T;84C>T;85C>A;86G>T;87T>G;99G>C;102T>C;105C>T;111G>C;123T>C;126C>T;138T>C;141A>G;165G>A;171T>G;174A>G;177G>A;181A>T;182A>G;183A>G],NA,p.[Arg29Met;Lys61Trp],-0.1790177932523781,-0.2071040233095711,-0.1462259552769529,0.0580739343119895,-1.4251957,1.6316112745664797,1.5916907592683769,1.6780315841576472
urn:mavedb:00000394-a-1#2764,c.[18C>T;21C>T;39C>T;42C>G;51C>T;57T>G;60T>C;72C>T;75C>T;84C>T;85C>A;86G>T;87T>G;120A>G;123T>C;135C>T;171T>G;174A>G;177G>A;181A>T;183A>C],NA,p.[Arg29Met;Lys61Tyr],-0.5167601586959953,-0.553738927000955,-0.4968800203453856,0.0559713138512824,-1.422153,1.1326996820195654,1.0759027829620071,1.1629490554870607
urn:mavedb:00000394-a-1#2765,c.[6T>G;9G>A;12C>T;36T>C;42C>G;48C>T;54G>A;60T>C;84C>T;85C>A;86G>T;87T>G;102T>C;111G>C;120A>G;123T>C;135C>T;138T>C;141A>G;165G>A;171T>G;174A>G;177G>A;181A>T;182A>T;183A>C;186A>G;189G>A],NA,p.[Arg29Met;Lys61Phe],-0.6357053578678385,-0.688276008606769,-0.593295367140212,0.0534435331083789,-1.424036,0.9501741552860729,0.865219210518613,1.0172559873317657
urn:mavedb:00000394-a-1#2766,c.[3C>T;6T>G;21C>T;36T>C;42C>G;63G>C;69T>C;72C>T;84C>T;85C>A;86G>T;87T>G;120A>G;123T>C;126C>T;129G>A;138T>C;141A>G;156T>C;177G>A;181A>C;182A>C;183A>G],NA,p.[Arg29Met;Lys61Pro],-0.8784432606655761,-0.9802730983329008,-0.7778434676817428,0.1006089969048681,-1.4178123,0.5228864660103559,0.3210007722050598,0.7040674968373117
urn:mavedb:00000394-a-1#2767,c.[21C>T;42C>G;54G>A;60T>C;69T>C;72C>T;86G>T;87T>G;99G>C;120A>G;123T>C;126C>T;138T>C;141A>G;165G>A;171T>G;177G>A;181A>C;183A>G],NA,p.[Arg29Leu;Lys61Gln],-0.56031404094836,-0.5936027456763762,-0.4972748399949214,0.051765379393509,-1.4138393,1.0528347584083988,1.000762376155935,1.1497327386864529
urn:mavedb:00000394-a-1#2768,c.[3C>T;6T>G;21C>T;36T>C;42C>G;86G>T;87T>G;120A>G;141A>G;156T>C;165G>A;171T>G;174A>G;177G>A;181A>G],NA,p.[Arg29Leu;Lys61Glu],-0.7988393439037296,-0.8250428939351444,-0.7590986845601904,0.0394303039616879,-1.4116001,0.6564639613164321,0.609696755852982,0.7257007136880688
urn:mavedb:00000394-a-1#2769,c.[6T>G;9G>A;12C>T;21C>T;36T>C;42C>G;69T>C;72C>T;86G>T;87T>G;102T>C;111G>C;120A>G;132C>T;141A>G;165G>A;171T>G;174A>G;177G>A;183A>C],NA,p.[Arg29Leu;Lys61Asn],-0.8139521100342612,-0.8440482443042434,-0.7753142623761472,0.049567971924283,-1.4136925,0.6333425715305726,0.5789871370929053,0.7013122403051814
urn:mavedb:00000394-a-1#2770,c.[3C>T;6T>G;18C>T;21C>T;36T>C;42C>G;63G>C;69T>C;72C>T;75C>T;78C>T;86G>T;87T>G;120A>G;141A>G;165G>A;171T>G;174A>G;177G>A;181A>C;183A>C],NA,p.[Arg29Leu;Lys61His],-0.5957195894451954,-0.6549222216327244,-0.5514732457475645,0.060561585379519,-1.4130435,0.9961742104859718,0.9016287954182484,1.0653211926346682
urn:mavedb:00000394-a-1#2771,c.[6T>G;9G>A;12C>T;15A>G;18C>T;21C>T;30G>C;36T>C;42C>G;51C>T;63G>C;78C>T;86G>T;87T>G;108G>C;120A>G;123T>C;129G>A;141A>G;181A>G;183A>T],NA,p.[Arg29Leu;Lys61Asp],-0.698132186791687,-0.7741112962989888,-0.6575010502493631,0.052363098711519,-1.4117851,0.8288277841929105,0.700091106640921,0.8954124213832773
urn:mavedb:00000394-a-1#2772,c.[3C>T;6T>G;9G>A;21C>T;36T>C;39C>T;57T>G;72C>T;75C>T;86G>T;87T>G;120A>G;141A>G;144C>T;165G>A;171T>G;177G>A;181A>C;182A>G;183A>T],NA,p.[Arg29Leu;Lys61Arg],-0.2867258743206863,-0.2989280714172364,-0.2652686504579085,0.0396493553484218,-1.4503336,1.51372066432184,1.4961795878730073,1.544480859554087
urn:mavedb:00000394-a-1#2773,c.[3C>T;6T>G;12C>T;15A>G;36T>C;42C>G;48C>T;78C>T;86G>T;87T>G;120A>G;123T>C;135C>T;141A>G;177G>A;182A>C;183A>T;195G>A],NA,p.[Arg29Leu;Lys61Thr],-0.7620131490554107,-0.8032549893156412,-0.7340656210897502,0.043242454619989,-1.4140701,0.7249349299576535,0.6530218584839034,0.7725519361417291
urn:mavedb:00000394-a-1#2774,c.[6T>G;9G>A;12C>T;21C>T;36T>C;42C>G;48C>T;86G>T;87T>G;120A>G;123T>C;126C>T;181A>T;182A>C;183A>T],NA,p.[Arg29Leu;Lys61Ser],-0.7718484886650769,-0.7985139324189702,-0.7395110205145915,0.0454377097806221,-1.4139776,0.7078114531810219,0.6612336529846009,0.763182715460207
urn:mavedb:00000394-a-1#2775,c.[21C>T;36T>C;42C>G;48C>T;60T>C;86G>T;87T>G;102T>C;105C>T;111G>C;120A>G;123T>C;141A>G;165G>A;171T>G;174A>G;181A>G;182A>C;183A>G],NA,p.[Arg29Leu;Lys61Ala],-0.5275597954570741,-0.5504202750100475,-0.4987658410623285,0.0328299249120828,-1.4157829,1.1064250718864033,1.0711907710111632,1.1504184801978128
urn:mavedb:00000394-a-1#2776,c.[3C>T;6T>G;9G>A;21C>T;36T>C;42C>G;60T>C;72C>T;75C>T;78C>T;86G>T;87T>G;120A>G;123T>C;126C>T;129G>A;141A>G;165G>A;168G>A;171T>G;174A>G;181A>G;182A>G;183A>T],NA,p.[Arg29Leu;Lys61Gly],-0.9202556127968772,-0.9927084103535736,-0.870911133290531,0.0523501137193138,-1.414535,0.4362870117982914,0.2875889796875153,0.53086492613462
urn:mavedb:00000394-a-1#2777,c.[21C>T;36T>C;39C>T;42C>G;54G>A;63G>C;72C>T;75C>T;86G>T;87T>C;120A>G;126C>T;138T>C;141A>G;165G>A;168G>A;171T>G;177G>A;180G>C;182A>T;183A>G],NA,p.[Arg29Leu;Lys61Met],-0.2370976710093852,-0.2647495304214017,-0.2059151520403826,0.0641730675276563,-1.418129,1.5387825770715733,1.4990910223253493,1.5833347014064902
urn:mavedb:00000394-a-1#2778,c.[15A>G;21C>T;36T>C;42C>G;51C>T;86G>T;87T>G;120A>G;123T>C;138T>C;141A>G;165G>A;171T>G;174A>G;177G>A;181A>C;182A>T;183A>G;186A>G],NA,p.[Arg29Leu;Lys61Leu],-0.2661010905870702,-0.2933625548657269,-0.2562211256942227,0.0448749180934149,-1.4169235,1.4954141379094184,1.456081920518888,1.5096227949117236
urn:mavedb:00000394-a-1#2779,c.[3C>T;6T>G;12C>T;21C>T;24C>T;36T>C;42C>G;48C>T;57T>G;60T>C;63G>C;66G>A;72C>T;75C>T;86G>T;87T>G;120A>G;123T>C;129G>A;135C>T;138T>C;141A>G;153A>G;174A>G;181A>G;182A>T;183A>T;198G>T;207T>C],NA,p.[Arg29Leu;Lys61Val],-0.3916523493260467,-0.407406198724019,-0.3743654329560966,0.0514113435665289,-1.4159279,1.3110479184066877,1.2877401062069025,1.3365238580595973
urn:mavedb:00000394-a-1#2780,c.[6T>G;9G>A;12C>T;21C>T;36T>C;42C>G;48C>T;63G>C;69T>C;72C>T;78C>T;86G>T;87T>G;120A>G;123T>C;165G>A;168G>A;177G>A;182A>T;183A>C],NA,p.[Arg29Leu;Lys61Ile],-0.1571300615532071,-0.1789862901099504,-0.1336425052897753,0.067075521753068,-1.4177289,1.6520715034443003,1.6210788620103675,1.6852805394635677
urn:mavedb:00000394-a-1#2781,c.[3C>T;6T>G;12C>T;21C>T;36T>C;42C>G;51C>T;72C>T;75C>T;78C>T;86G>T;87T>G;120A>G;123T>C;138T>C;141A>G;156T>C;165G>A;171T>G;174A>G;177G>A;181A>T;182A>G;183A>G;198G>T],NA,p.[Arg29Leu;Lys61Trp],-0.0177053319460063,-0.0305362662091733,0.0103347496807109,0.0480890375760628,-1.4227905,1.8549713182185883,1.83707142935268,1.8940200822542144
urn:mavedb:00000394-a-1#2782,c.[3C>T;6T>G;21C>T;36T>C;42C>G;48C>T;69T>C;72C>T;86G>T;87T>G;99G>C;102T>C;111G>C;120A>G;123T>C;141A>G;165G>A;171T>G;174A>G;177G>A;181A>T;183A>C;198G>T],NA,p.[Arg29Leu;Lys61Tyr],-0.4044682794657518,-0.4271328393053249,-0.3872857957187811,0.0392888403293262,-1.4197388,1.2977295151411374,1.2640942373165422,1.3231052502381264
urn:mavedb:00000394-a-1#2783,c.[6T>G;9G>A;12C>T;21C>T;36T>C;42C>G;48C>T;86G>T;87T>G;120A>G;123T>C;174A>G;180G>C;181A>T;182A>T;183A>C;198G>T],NA,p.[Arg29Leu;Lys61Phe],-0.3762706049259298,-0.3859553991029793,-0.3658783574092846,0.0516533722804711,-1.421627,1.3420912876751474,1.3278439006433107,1.3573449593994145
urn:mavedb:00000394-a-1#2784,c.[21C>T;30G>C;39C>T;48C>T;86G>T;87T>G;120A>G;123T>C;165G>A;168G>A;177G>A;180G>C;181A>C;182A>C;183A>G;189G>A],NA,p.[Arg29Leu;Lys61Pro],-1.0388982442552042,-1.095171892220378,-0.9907470210384508,0.048497575733395,-1.4153862,0.1867711447692205,0.0503045731161834,0.2936226505796227
urn:mavedb:00000394-a-1#2785,c.[3C>T;6T>G;18C>T;21C>T;42C>G;51C>T;72C>T;75C>T;84C>T;85C>G;86G>T;93C>T;120A>G;123T>C;141A>G;165G>A;168G>A;174A>G;181A>C;183A>G],NA,p.[Arg29Val;Lys61Gln],-1.0299169491763167,-1.0855610857488571,-1.005791438158735,0.0416692830117516,-1.3983812,0.16816561840685,0.0312258390271536,0.2233926452011571
urn:mavedb:00000394-a-1#2786,c.[9G>A;12C>T;18C>T;24C>T;36T>C;42C>G;51C>T;72C>T;75C>T;85C>G;86G>T;120A>G;123T>C;129G>A;138T>C;141A>G;165G>A;168G>A;171T>G;174A>G;177G>A;181A>G],NA,p.[Arg29Val;Lys61Glu],-0.9125252929177624,-0.9790421990821572,-0.8419327447543264,0.0547223117057726,-1.3960972,0.4151244953245839,0.2773054495047158,0.5505033050521887
urn:mavedb:00000394-a-1#2787,c.[3C>T;6T>G;12C>T;21C>T;36T>C;42C>G;48C>T;75C>T;85C>G;86G>T;99G>C;111G>C;120A>G;123T>C;129G>A;141A>G;183A>C],NA,p.[Arg29Val;Lys61Asn],-1.0470057560518429,-1.0852665025247503,-0.9930649502369152,0.0512409886308566,-1.3982306,0.1272836939340484,0.0316004300800611,0.251351165949692
urn:mavedb:00000394-a-1#2788,c.[6T>G;9G>A;12C>T;21C>T;36T>C;39C>T;42C>G;51C>T;57T>G;85C>G;86G>T;102T>C;111G>C;120A>G;123T>C;132C>T;138T>C;141A>G;174A>G;181A>C;183A>C],NA,p.[Arg29Val;Lys61His],-0.8179028625295539,-0.8575910115445239,-0.7782396703016743,0.0563421033483556,-1.3975687,0.5972448337935305,0.5240410453573312,0.6680518341975007
urn:mavedb:00000394-a-1#2789,c.[6T>G;9G>A;21C>T;36T>C;39C>T;42C>G;48C>T;60T>C;69T>C;85C>G;86G>T;120A>G;123T>C;165G>A;168G>A;177G>A;181A>G;183A>C],NA,p.[Arg29Val;Lys61Asp],-0.9902934435854722,-1.047821277537687,-0.9184907799856452,0.0447876148956584,-1.396285,0.253169567821574,0.1206171143920494,0.4035942797902647
urn:mavedb:00000394-a-1#2790,c.[3C>T;6T>G;12C>T;21C>T;36T>C;51C>T;72C>T;75C>T;84C>T;85C>G;86G>T;93C>T;120A>G;123T>C;138T>C;141A>G;171T>G;177G>A;181A>C;182A>G;183A>T],NA,p.[Arg29Val;Lys61Arg],-0.8624716094071623,-0.9275723819428726,-0.7418034464372444,0.0537851550024002,-1.4355545,0.5852525159802854,0.4630154452006989,0.7956576488147445
urn:mavedb:00000394-a-1#2791,c.[21C>T;24C>T;36T>C;42C>G;48C>T;72C>T;75C>T;85C>G;86G>T;120A>G;123T>C;129G>A;150C>T;165G>A;168G>A;171T>G;174A>G;177G>A;182A>C;183A>C],NA,p.[Arg29Val;Lys61Thr],-0.9374731986088995,-1.0173348144338834,-0.881327792379767,0.0607003915495447,-1.3986163,0.3699271846050803,0.1977782528968001,0.4809788311263445
urn:mavedb:00000394-a-1#2792,c.[3C>T;6T>G;21C>T;36T>C;42C>G;48C>T;85C>G;86G>T;99G>C;102T>C;120A>G;123T>C;126C>T;141A>G;165G>A;171T>G;174A>G;177G>A;181A>T;182A>C;183A>T],NA,p.[Arg29Val;Lys61Ser],-0.8951528017152748,-0.9359335373165678,-0.8508055945351028,0.0495500511356504,-1.3985214,0.4540751654054899,0.3728748339406714,0.5385160946295563
urn:mavedb:00000394-a-1#2793,c.[21C>T;36T>C;39C>T;42C>G;48C>T;72C>T;75C>T;78C>T;85C>G;86G>T;120A>G;123T>C;144C>T;177G>A;181A>G;182A>C;183A>G],NA,p.[Arg29Val;Lys61Ala],-0.845568633957291,-0.8717026331378372,-0.7744928783370552,0.0532110178310706,-1.400362,0.5516659411192283,0.5026766553024833,0.6795236627310184
urn:mavedb:00000394-a-1#2794,c.[3C>T;6T>G;21C>T;36T>C;42C>G;72C>T;75C>T;85C>G;86G>T;120A>G;141A>G;156T>C;165G>A;171T>G;174A>G;177G>A;181A>G;182A>G;183A>T],NA,p.[Arg29Val;Lys61Gly],-1.184191538457978,-1.2194159527942767,-1.1453492634027571,0.0537690667489391,-1.3990898,-0.2585402952839142,-0.3876778589431727,-0.133905563685663
urn:mavedb:00000394-a-1#2795,c.[18C>T;21C>T;27G>A;42C>G;72C>T;75C>T;85C>G;86G>T;120A>G;123T>C;126C>T;129G>A;132C>T;138T>C;141A>G;171T>G;177G>A;180G>C;182A>T;183A>G],NA,p.[Arg29Val;Lys61Met],-0.5025666896699701,-0.5349043445932664,-0.4611169581724916,0.0546740875042829,-1.4027534,1.1247714059792762,1.0750526886811107,1.1877361656919176
urn:mavedb:00000394-a-1#2796,c.[15A>G;21C>T;24C>T;36T>C;48C>T;57T>G;85C>G;86G>T;120A>G;123T>C;126C>T;138T>C;141A>G;162G>C;165G>A;171T>G;174A>G;177G>A;181A>C;182A>T;183A>G],NA,p.[Arg29Val;Lys61Leu],-0.2050940418846205,-0.2279021796566874,-0.1818717462708194,0.0689306872810451,-1.4015255,1.5608549424177025,1.5282074353817372,1.5939792874781704
urn:mavedb:00000394-a-1#2797,c.[3C>T;15A>G;21C>T;30G>C;48C>T;60T>C;66G>A;69T>C;72C>T;85C>G;86G>T;87T>G;93C>T;108G>C;120A>G;123T>C;138T>C;141A>G;165G>A;171T>G;174A>G;177G>A;181A>G;182A>T;183A>G],NA,p.[Arg29Val;Lys61Val],-0.4705021177709884,-0.5340384298484142,-0.4244876676403561,0.0685162885817905,-1.4005103,1.170156645381621,1.0729255582526736,1.2393894438596709
urn:mavedb:00000394-a-1#2798,c.[3C>T;6T>G;21C>T;51C>T;54G>A;84C>T;85C>G;86G>T;90T>C;93C>T;99G>C;102T>C;108G>C;114C>T;120A>G;123T>C;129G>A;138T>C;141A>G;144C>T;150C>T;165G>A;171T>G;174A>G;177G>A;182A>T;183A>C],NA,p.[Arg29Val;Lys61Ile],-0.3876365074102067,-0.4115819707889268,-0.3690637908105595,0.0680802527384236,-1.4023457,1.2969282910248383,1.2613797246271807,1.3243576317872134
urn:mavedb:00000394-a-1#2799,c.[15A>G;21C>T;36T>C;51C>T;63G>C;69T>C;72C>T;85C>G;86G>T;102T>C;111G>C;120A>G;123T>C;135C>T;138T>C;141A>G;165G>A;171T>G;174A>G;177G>A;181A>T;182A>G;183A>G],NA,p.[Arg29Val;Lys61Trp],-0.1840964349832415,-0.1939491896521871,-0.1627485195932163,0.080824606678364,-1.407505,1.5993079856024126,1.5852757829204511,1.629645051870804
urn:mavedb:00000394-a-1#2800,c.[27G>A;85C>G;86G>T;102T>C;120A>G;126C>T;138T>C;141A>G;165G>A;171T>G;174A>G;177G>A;181A>T;183A>C;198G>T],NA,p.[Arg29Val;Lys61Tyr],-0.7198901539194511,-0.7463504075695865,-0.6711164470905918,0.0467719528767448,-1.4043946,0.7801497340293146,0.7352147495118087,0.8611710916051514
urn:mavedb:00000394-a-1#2801,c.[12C>T;21C>T;36T>C;42C>G;60T>C;85C>G;86G>T;120A>G;129G>A;138T>C;141A>G;177G>A;180G>C;181A>T;182A>T;183A>C],NA,p.[Arg29Val;Lys61Phe],-0.4947473917421556,-0.5250385573200888,-0.4616837176478251,0.0753939030401048,-1.4063196,1.1421436171033608,1.0957669706663329,1.1922564475711768
urn:mavedb:00000394-a-1#2802,c.[3C>T;6T>G;12C>T;21C>T;36T>C;42C>G;57T>G;85C>G;86G>T;120A>G;123T>C;126C>T;141A>G;165G>A;168G>A;171T>G;174A>G;181A>C;182A>C;183A>G],NA,p.[Arg29Val;Lys61Pro],-1.174910631198811,-1.2182068095961962,-1.098916669580376,0.0410960195748705,-1.3999567,-0.2244304685314927,-0.3795322157984414,0.0001728741852273
urn:mavedb:00000394-a-1#2803,c.[3C>T;6T>G;15A>G;21C>T;36T>C;42C>G;60T>C;72C>T;75C>T;85C>A;86G>T;87T>C;120A>G;141A>G;181A>C;183A>G],NA,p.[Arg29Ile;Lys61Gln],-0.7381581904303709,-0.7857639773796214,-0.6607626113812756,0.0555914957646549,-1.404778,0.7498591534394959,0.6674927914992864,0.8787222538960362
urn:mavedb:00000394-a-1#2804,c.[21C>T;36T>C;42C>G;51C>T;69T>C;72C>T;85C>A;86G>T;87T>C;120A>G;123T>C;138T>C;141A>G;144C>T;177G>A;181A>G],NA,p.[Arg29Ile;Lys61Glu],-0.8229389871176299,-0.8469633087272647,-0.7788295451335357,0.0563397933768218,-1.4025126,0.5970744399889797,0.5530643265986558,0.6756929621804918
urn:mavedb:00000394-a-1#2805,c.[6T>G;9G>A;12C>T;21C>T;36T>C;42C>G;85C>A;86G>T;87T>C;105C>T;120A>G;123T>C;126C>T;132C>T;138T>C;141A>G;168G>A;174A>G;183A>C],NA,p.[Arg29Ile;Lys61Asn],-0.8905116986739299,-0.9579998506480928,-0.8717284578444316,0.0464767821059095,-1.4046292,0.4748804435931448,0.3400196579100915,0.5107065548924979
urn:mavedb:00000394-a-1#2806,c.[3C>T;18C>T;21C>T;27G>A;30G>C;48C>T;57T>G;78C>T;85C>A;86G>T;87T>C;120A>G;123T>C;126C>T;165G>A;168G>A;171T>G;174A>G;181A>C;183A>C],NA,p.[Arg29Ile;Lys61His],-0.665507601731327,-0.7351776155120219,-0.6083871649206098,0.0488268653076253,-1.4039721,0.8696613492005443,0.7535608408486234,0.9617551831797052
urn:mavedb:00000394-a-1#2807,c.[3C>T;12C>T;21C>T;36T>C;42C>G;48C>T;85C>A;86G>T;87T>C;120A>G;123T>C;141A>G;165G>A;171T>G;174A>G;177G>A;181A>G;183A>C],NA,p.[Arg29Ile;Lys61Asp],-0.8837863801860779,-0.9144749112204154,-0.8454907442104123,0.0245173026736527,-1.4026995,0.4840917626430939,0.4243516987721505,0.5561336101698487
urn:mavedb:00000394-a-1#2808,c.[3C>T;21C>T;24C>T;75C>T;85C>A;86G>T;87T>C;120A>G;123T>C;126C>T;141A>G;168G>A;177G>A;181A>C;182A>G;183A>T],NA,p.[Arg29Ile;Lys61Arg],-0.7049424126570738,-0.7403121479955586,-0.6639175912558449,0.0500597081445189,-1.4416676,0.8667838582588773,0.8083638188746589,0.933228695241248
urn:mavedb:00000394-a-1#2809,c.[3C>T;27G>A;30G>C;39C>T;42C>G;57T>G;75C>T;85C>A;86G>T;87T>C;108G>C;120A>G;141A>G;147G>C;165G>A;168G>A;171T>G;174A>G;182A>C;183A>C;186A>G],NA,p.[Arg29Ile;Lys61Thr],-0.8157215603250865,-0.8406961356678866,-0.7910019476248314,0.0611101806466507,-1.4050112,0.6146225270620619,0.5692258376175274,0.6586735144635333
urn:mavedb:00000394-a-1#2810,c.[3C>T;6T>G;9G>A;21C>T;30G>C;42C>G;48C>T;60T>C;69T>C;72C>T;85C>A;86G>T;87T>C;123T>C;132C>T;135C>T;174A>G;181A>T;182A>C;183A>T],NA,p.[Arg29Ile;Lys61Ser],-0.8518565445089568,-0.9049727565319132,-0.779576465896765,0.042375162295035,-1.4049172,0.5484513556504248,0.4473938459794072,0.6785954560055157
urn:mavedb:00000394-a-1#2811,c.[3C>T;6T>G;9G>A;21C>T;36T>C;42C>G;48C>T;57T>G;63G>C;69T>C;72C>T;85C>A;86G>T;87T>C;99G>C;120A>G;123T>C;132C>T;135C>T;141A>G;165G>A;168G>A;180G>C;181A>G;182A>C;183A>G],NA,p.[Arg29Ile;Lys61Ala],-0.4192493067179078,-0.4406317884913985,-0.3907594404465422,0.0812878027595123,-1.406743,1.25650119356501,1.2245432967074004,1.2988066524596722
urn:mavedb:00000394-a-1#2812,c.[3C>T;6T>G;12C>T;21C>T;36T>C;42C>G;72C>T;75C>T;85C>A;86G>T;120A>G;123T>C;126C>T;129G>A;141A>G;171T>G;177G>A;181A>G;182A>G;183A>T],NA,p.[Arg29Ile;Lys61Gly],-1.0384259551300397,-1.099381293666829,-0.9847557873747782,0.0534542034054402,-1.4054813,0.1648682706497911,0.0136097731910268,0.2852242097770739
urn:mavedb:00000394-a-1#2813,c.[6T>G;9G>A;12C>T;21C>T;36T>C;42C>G;72C>T;75C>T;85C>A;86G>T;87T>C;120A>G;138T>C;141A>G;177G>A;180G>C;182A>T;183A>G],NA,p.[Arg29Ile;Lys61Met],-0.3634037465307985,-0.3802874486884093,-0.3453470252478554,0.0579120020051142,-1.4091148,1.3426350254090864,1.3177778301451426,1.3691151917826274
urn:mavedb:00000394-a-1#2814,c.[21C>T;36T>C;42C>G;85C>A;86G>T;87T>C;120A>G;123T>C;126C>T;138T>C;141A>G;156T>C;171T>G;174A>G;177G>A;181A>C;182A>T;183A>G],NA,p.[Arg29Ile;Lys61Leu],-0.4364800387133854,-0.4966203089472763,-0.3964606552506268,0.0604984571747768,-1.4078965,1.2324878715252916,1.1416905051503952,1.292071828223884
urn:mavedb:00000394-a-1#2815,c.[3C>T;6T>G;12C>T;21C>T;36T>C;42C>G;48C>T;54G>A;57T>G;63G>C;69T>C;72C>T;85C>A;86G>T;87T>C;93C>T;102T>C;120A>G;123T>C;126C>T;132C>T;141A>G;168G>A;171T>G;181A>G;182A>T;183A>T;192C>T],NA,p.[Arg29Ile;Lys61Val],-0.4430551102937319,-0.4881020592322296,-0.3833962488807126,0.0867829817375607,-1.4068899,1.2211298139766813,1.153122786692946,1.3099088288424088
urn:mavedb:00000394-a-1#2816,c.[3C>T;6T>G;15A>G;21C>T;36T>C;42C>G;48C>T;60T>C;63G>C;69T>C;72C>T;85C>A;86G>T;87T>C;120A>G;123T>C;141A>G;165G>A;168G>A;177G>A;182A>T;183A>C],NA,p.[Arg29Ile;Lys61Ile],0.7584020776666585,0.6301391724519687,0.8984202082082002,0.1748824777480821,-1.4087105,2.9008285097403705,2.725434107319252,3.0930057322583773
urn:mavedb:00000394-a-1#2817,c.[6T>G;9G>A;12C>T;15A>G;21C>T;36T>C;51C>T;54G>A;60T>C;63G>C;85C>A;86G>T;87T>C;108G>C;120A>G;123T>C;129G>A;141A>G;165G>A;168G>A;174A>G;180G>C;181A>T;182A>G;183A>G],NA,p.[Arg29Ile;Lys61Trp],0.7139115636729041,0.5305893399749851,0.7945877154403566,0.1247030465153734,-1.4138293,2.8468284663428323,2.596397089821821,2.9572823424667183
urn:mavedb:00000394-a-1#2818,c.[9G>A;21C>T;36T>C;42C>G;48C>T;60T>C;72C>T;75C>T;85C>A;86G>T;87T>C;120A>G;123T>C;144C>T;177G>A;181A>T;183A>C],NA,p.[Arg29Ile;Lys61Tyr],-0.2954730206417749,-0.3402796962163865,-0.2645526034870438,0.0539326239833173,-1.4107437,1.4440955920717835,1.3789057763028203,1.4887595952503194
urn:mavedb:00000394-a-1#2819,c.[3C>T;6T>G;18C>T;21C>T;36T>C;42C>G;51C>T;54G>A;63G>C;85C>A;86G>T;87T>C;99G>C;108G>C;120A>G;132C>T;141A>G;165G>A;171T>G;174A>G;177G>A;181A>T;182A>T;183A>C;186A>G],NA,p.[Arg29Ile;Lys61Phe],0.100345484301503,0.0598358922643997,0.1439106746035553,0.1006756449786971,-1.412653,2.004844713094483,1.9487394411597685,2.0650209712513603
urn:mavedb:00000394-a-1#2820,c.[15A>G;36T>C;42C>G;72C>T;75C>T;78C>T;85C>A;86G>T;87T>C;120A>G;162G>C;165G>A;168G>A;177G>A;180G>C;181A>C;182A>C;183A>G],NA,p.[Arg29Ile;Lys61Pro],-1.0326779641231814,-1.0821732146664964,-0.9834769079650496,0.051667568758697,-1.4063416,0.1802520593106148,0.060391004611212,0.2898224109480945
urn:mavedb:00000394-a-1#2821,c.[18C>T;21C>T;27G>A;48C>T;85C>T;87T>G;120A>G;123T>C;129G>A;138T>C;141A>G;144C>T;181A>C;183A>G],NA,p.[Arg29Trp;Lys61Gln],-0.6408982547696964,-0.6797915813531662,-0.5796661036130236,0.0557047695062276,-1.4482856,0.98044140228286,0.9183460545540504,1.076190347699232
urn:mavedb:00000394-a-1#2822,c.[21C>T;36T>C;42C>G;54G>A;66G>A;72C>T;75C>T;85C>T;87T>G;90T>C;93C>T;120A>G;129G>A;138T>C;141A>G;156T>C;165G>A;171T>G;174A>G;177G>A;181A>G],NA,p.[Arg29Trp;Lys61Glu],-0.6386137300646164,-0.6988571873108853,-0.5877923105966478,0.0629431101559846,-1.4461379,0.9806600658616657,0.8840042217616118,1.060283540498991
urn:mavedb:00000394-a-1#2823,c.[21C>T;36T>C;42C>G;51C>T;85C>T;87T>G;120A>G;123T>C;141A>G;165G>A;171T>G;174A>G;183A>C],NA,p.[Arg29Trp;Lys61Asn],-0.8283595976026582,-0.8891786301936936,-0.753420480648488,0.0597583686868956,-1.448144,0.6688188383831427,0.5593516812529896,0.7972767396081796
urn:mavedb:00000394-a-1#2824,c.[6T>G;9G>A;21C>T;36T>C;42C>G;48C>T;54G>A;57T>G;60T>C;63G>C;66G>A;85C>T;87T>G;108G>C;111G>C;120A>G;123T>C;141A>G;162G>C;165G>A;171T>G;174A>G;177G>A;181A>C;183A>C],NA,p.[Arg29Trp;Lys61His],-0.693022676087362,-0.7415000040090148,-0.6293132006275192,0.0602345366113283,-1.4475212,0.8957283305935797,0.8161308097082142,0.9975321100789912
urn:mavedb:00000394-a-1#2825,c.[3C>T;18C>T;21C>T;36T>C;42C>G;48C>T;57T>G;66G>A;72C>T;75C>T;84C>T;85C>T;87T>G;102T>C;111G>C;120A>G;123T>C;126C>T;132C>T;135C>T;141A>G;165G>A;171T>G;174A>G;177G>A;180G>C;181A>G;183A>C],NA,p.[Arg29Trp;Lys61Asp],-0.4833112512075054,-0.5493160701081412,-0.4173938297435965,0.0683319302844359,-1.4463143,1.2198248299631955,1.1198387287230922,1.317852376009695
urn:mavedb:00000394-a-1#2826,c.[3C>T;6T>G;15A>G;21C>T;36T>C;42C>G;48C>T;57T>G;60T>C;72C>T;75C>T;84C>T;85C>T;87T>G;102T>C;111G>C;120A>G;123T>C;132C>T;141A>G;165G>A;171T>G;174A>G;177G>A;181A>C;182A>G;183A>T],NA,p.[Arg29Trp;Lys61Arg],-0.6439765541815177,-0.6649474125877686,-0.604034124745863,0.0572838265923465,-1.4833336,1.0306821298752753,0.9977787709574976,1.0926279294538432
urn:mavedb:00000394-a-1#2827,c.[3C>T;6T>G;21C>T;36T>C;42C>G;48C>T;78C>T;84C>T;85C>T;87T>G;102T>C;111G>C;120A>G;123T>C;135C>T;141A>G;150C>T;156T>C;165G>A;171T>G;174A>G;177G>A;182A>C;183A>C;186A>G],NA,p.[Arg29Trp;Lys61Thr],-0.7413059791903744,-0.7737460066760654,-0.7160966046096073,0.0482406818444302,-1.4485068,0.8180916451825047,0.7636557132625923,0.8597103189723441
urn:mavedb:00000394-a-1#2828,c.[3C>T;6T>G;21C>T;36T>C;42C>G;63G>C;85C>T;87T>G;120A>G;126C>T;141A>G;165G>A;168G>A;177G>A;181A>T;182A>C;183A>T],NA,p.[Arg29Trp;Lys61Ser],-0.7851570998100836,-0.8168786306916348,-0.7491467948758536,0.0369490370561589,-1.4484177,0.7441003258000499,0.6893949310791915,0.8048798934337932
urn:mavedb:00000394-a-1#2829,c.[3C>T;6T>G;18C>T;21C>T;42C>G;48C>T;85C>T;87T>G;90T>C;120A>G;123T>C;138T>C;141A>G;156T>C;165G>A;168G>A;177G>A;181A>G;182A>C;183A>G;198G>T],NA,p.[Arg29Trp;Lys61Ala],-0.5389152361802301,-0.5850345684884161,-0.5129369976853939,0.045986477934634,-1.4501495,1.1415723878711987,1.0707681404227374,1.1809890886731382
urn:mavedb:00000394-a-1#2830,c.[3C>T;6T>G;21C>T;36T>C;42C>G;51C>T;85C>T;87T>G;102T>C;120A>G;132C>T;141A>G;153A>G;174A>G;181A>G;182A>G;183A>T;198G>T],NA,p.[Arg29Trp;Lys61Gly],-0.8387799798664739,-0.8799867017674264,-0.8082817195727099,0.0498548121964476,-1.4489527,0.6518625901138965,0.5777261351602639,0.7052628879464665
urn:mavedb:00000394-a-1#2831,c.[6T>G;9G>A;15A>G;21C>T;30G>C;36T>C;42C>G;69T>C;72C>T;78C>T;85C>T;87T>G;120A>G;165G>A;171T>G;182A>T;183A>G;186A>G],NA,p.[Arg29Trp;Lys61Met],-0.287469400834069,-0.3041415813020305,-0.2704207114833699,0.0568394911029156,-1.4524002,1.5156159549542365,1.4916455477859476,1.5400594771056892
urn:mavedb:00000394-a-1#2832,c.[3C>T;12C>T;21C>T;27G>A;42C>G;48C>T;69T>C;72C>T;85C>T;87T>G;99G>C;111G>C;120A>G;123T>C;126C>T;141A>G;144C>T;171T>G;174A>G;177G>A;181A>C;182A>T;183A>G],NA,p.[Arg29Trp;Lys61Leu],-0.2400460150700554,-0.2786962165983762,-0.231671818592165,0.0643250476971105,-1.4512444,1.5818033630335715,1.5265482690813557,1.5937329473519253
urn:mavedb:00000394-a-1#2833,c.[3C>T;6T>G;18C>T;21C>T;36T>C;42C>G;51C>T;57T>G;60T>C;85C>T;87T>G;102T>C;111G>C;120A>G;123T>C;129G>A;138T>C;141A>G;144C>T;153A>G;162G>C;165G>A;168G>A;174A>G;181A>G;182A>T;183A>T;198G>T],NA,p.[Arg29Trp;Lys61Val],-0.4214209060202757,-0.4517247129685173,-0.4020918881384811,0.0481721748259737,-1.4502888,1.3177684300733756,1.2729076825707752,1.3462144405348917
urn:mavedb:00000394-a-1#2834,c.[3C>T;12C>T;21C>T;27G>A;39C>T;42C>G;48C>T;85C>T;87T>G;120A>G;123T>C;126C>T;129G>A;141A>G;168G>A;177G>A;182A>T;183A>C],NA,p.[Arg29Trp;Lys61Ile],-0.2188638717842876,-0.2400088063441485,-0.2059945155259863,0.0568314403236992,-1.4520159,1.6130454588210543,1.582954175160212,1.6313163688455723
urn:mavedb:00000394-a-1#2835,c.[21C>T;39C>T;42C>G;48C>T;51C>T;54G>A;57T>G;66G>A;85C>T;87T>G;111G>C;120A>G;123T>C;132C>T;177G>A;181A>T;182A>G;183A>G],NA,p.[Arg29Trp;Lys61Trp],-0.1253507065330208,-0.135280342729565,-0.1162240208055847,0.0673534080562082,-1.4568744,1.7519410216856528,1.7379927119874905,1.7647483285265364
urn:mavedb:00000394-a-1#2836,c.[21C>T;36T>C;42C>G;72C>T;75C>T;85C>T;87T>G;96C>T;120A>G;123T>C;126C>T;132C>T;141A>G;165G>A;168G>A;177G>A;181A>T;183A>C],NA,p.[Arg29Trp;Lys61Tyr],-0.436950764379249,-0.4554820003613137,-0.4050276447270592,0.0465940229158699,-1.4539452,1.3002251455762384,1.272752330070352,1.3472664702184685
urn:mavedb:00000394-a-1#2837,c.[12C>T;21C>T;36T>C;42C>G;54G>A;60T>C;69T>C;72C>T;75C>T;84C>T;85C>T;87T>G;120A>G;123T>C;126C>T;165G>A;171T>G;174A>G;177G>A;181A>T;182A>T;183A>T],NA,p.[Arg29Trp;Lys61Phe],-0.2335235941777318,-0.2662306409582623,-0.1908922487632739,0.0877350226236633,-1.4557576,1.5975100905449426,1.5508517148410963,1.6580028244169518
urn:mavedb:00000394-a-1#2838,c.[6T>G;9G>A;12C>T;21C>T;36T>C;42C>G;63G>C;85C>T;87T>G;120A>G;123T>C;126C>T;141A>G;165G>A;171T>G;174A>G;177G>A;181A>C;182A>C],NA,p.[Arg29Trp;Lys61Pro],-0.8474987836517609,-0.9003833909592391,-0.8123327500347424,0.0531652371678904,-1.4497681,0.6378284668273299,0.5415957707919784,0.6996513175673196
urn:mavedb:00000394-a-1#2839,c.[3C>T;6T>G;12C>T;21C>T;36T>C;51C>T;63G>C;66G>A;69T>C;72C>T;78C>T;85C>T;86G>A;87T>C;120A>G;123T>C;141A>G;171T>G;177G>A;181A>C;183A>G],NA,p.[Arg29Tyr;Lys61Gln],-0.8648528891977333,-0.9191918595505564,-0.8255629793382816,0.0513938796798451,-1.4283466,0.5677027710341722,0.4652894517174538,0.6387574489298
urn:mavedb:00000394-a-1#2840,c.[6T>G;9G>A;12C>T;21C>T;36T>C;42C>G;54G>A;69T>C;72C>T;75C>T;85C>T;86G>A;87T>C;120A>G;138T>C;141A>G;171T>G;174A>G;177G>A;181A>G],NA,p.[Arg29Tyr;Lys61Glu],-0.9727505603665644,-1.0074606377969109,-0.9387501231131048,0.0351319246074896,-1.426146,0.3540182720761287,0.2808168041959821,0.4226993746965841
urn:mavedb:00000394-a-1#2841,c.[21C>T;39C>T;42C>G;69T>C;72C>T;85C>T;86G>A;120A>G;138T>C;141A>G;165G>A;171T>G;174A>G;177G>A;183A>C],NA,p.[Arg29Tyr;Lys61Asn],-0.9533681443757832,-1.0244625943330454,-0.9083869624936391,0.0565407868433732,-1.4282017,0.3976407151911866,0.248194110237529,0.4858047264260604
urn:mavedb:00000394-a-1#2842,c.[6T>G;9G>A;12C>T;21C>T;36T>C;42C>G;48C>T;60T>C;69T>C;72C>T;85C>T;86G>A;102T>C;120A>G;123T>C;138T>C;141A>G;144C>T;156T>C;165G>A;171T>G;174A>G;177G>A;181A>C;183A>C],NA,p.[Arg29Tyr;Lys61His],-0.954892512829519,-1.0255209549051092,-0.8930344348908509,0.0398922173721564,-1.4275637,0.3932913000623566,0.2444461894666385,0.5137692705859525
urn:mavedb:00000394-a-1#2843,c.[21C>T;36T>C;42C>G;48C>T;85C>T;86G>A;87T>C;102T>C;111G>C;120A>G;123T>C;141A>G;165G>A;171T>G;174A>G;177G>A;180G>C;181A>G;183A>C;195G>A;207T>C],NA,p.[Arg29Tyr;Lys61Asp],-1.0624568516040953,-1.1498803896500185,-0.9678775516284014,0.0454638922886383,-1.4263272,0.1573829160257734,-0.0675022415052431,0.3644051131324071
urn:mavedb:00000394-a-1#2844,c.[3C>T;6T>G;12C>T;21C>T;36T>C;42C>G;85C>T;86G>A;87T>C;120A>G;129G>A;168G>A;174A>G;181A>C;182A>G;183A>T],NA,p.[Arg29Tyr;Lys61Arg],-0.5860941462112417,-0.5952689078370681,-0.5779359149752668,0.0381916619924871,-1.4642229,1.0908454806614845,1.0766898978691877,1.1033945722865193
urn:mavedb:00000394-a-1#2845,c.[3C>T;6T>G;18C>T;21C>T;36T>C;42C>G;54G>A;66G>A;69T>C;72C>T;85C>T;86G>A;87T>C;120A>G;126C>T;141A>G;147G>C;165G>A;171T>G;182A>C;183A>C;186A>G],NA,p.[Arg29Tyr;Lys61Thr],-0.9941317514058764,-1.0215223188514246,-0.97595096818461,0.0412262554410445,-1.4285727,0.3144637667359788,0.2554829741184224,0.3524213639214889
urn:mavedb:00000394-a-1#2846,c.[3C>T;6T>G;18C>T;36T>C;39C>T;48C>T;57T>G;60T>C;69T>C;72C>T;85C>T;86G>A;87T>C;120A>G;123T>C;141A>G;165G>A;168G>A;181A>T;182A>C;183A>T],NA,p.[Arg29Tyr;Lys61Ser],-0.972492956698694,-0.9980521192424738,-0.9463064624354988,0.0364741278939564,-1.4284811,0.3593536184502323,0.3059646371762168,0.4123269142529733
urn:mavedb:00000394-a-1#2847,c.[3C>T;6T>G;12C>T;21C>T;30G>C;36T>C;39C>T;42C>G;57T>G;69T>C;72C>T;78C>T;85C>T;86G>A;87T>C;120A>G;123T>C;126C>T;138T>C;141A>G;174A>G;181A>G;182A>C;183A>G],NA,p.[Arg29Tyr;Lys61Ala],-0.7841014405896317,-0.8132002066275703,-0.7109627163205067,0.0382109055259486,-1.4302554,0.7147557087740548,0.6640278615487157,0.8381399247120187
urn:mavedb:00000394-a-1#2848,c.[3C>T;6T>G;12C>T;21C>T;36T>C;42C>G;48C>T;60T>C;72C>T;75C>T;85C>T;86G>A;87T>C;120A>G;123T>C;132C>T;141A>G;165G>A;168G>A;174A>G;181A>G;182A>G;183A>T],NA,p.[Arg29Tyr;Lys61Gly],-1.1317056449883631,-1.1821967515803655,-1.0983442182788767,0.0434592246699921,-1.429029,-0.0098075975885952,-0.1549798047901886,0.0768218859999751
urn:mavedb:00000394-a-1#2849,c.[6T>G;9G>A;12C>T;15A>G;18C>T;21C>T;30G>C;51C>T;54G>A;57T>G;63G>C;78C>T;84C>T;85C>T;86G>A;87T>C;105C>T;120A>G;123T>C;135C>T;153A>G;156T>C;162G>C;165G>A;171T>G;174A>G;182A>T;183A>G],NA,p.[Arg29Tyr;Lys61Met],-0.4971684786856292,-0.5113274638662176,-0.4737666928581107,0.0607673797080115,-1.43256,1.1782595168420815,1.1568027591201286,1.213525363429102
urn:mavedb:00000394-a-1#2850,c.[3C>T;6T>G;12C>T;21C>T;36T>C;39C>T;51C>T;54G>A;85C>T;86G>A;87T>C;90T>C;105C>T;108G>C;120A>G;123T>C;141A>G;165G>A;171T>G;174A>G;177G>A;181A>C;182A>T;183A>G;186A>G],NA,p.[Arg29Tyr;Lys61Leu],-0.435959688327586,-0.4556266336413332,-0.4203003258460656,0.0452480381859776,-1.431376,1.2682571116035757,1.238933552771581,1.2914995212852418
urn:mavedb:00000394-a-1#2851,c.[3C>T;6T>G;15A>G;21C>T;36T>C;42C>G;85C>T;86G>A;87T>C;120A>G;129G>A;135C>T;141A>G;168G>A;171T>G;174A>G;181A>G;182A>T;183A>T],NA,p.[Arg29Tyr;Lys61Val],-0.7556613786732309,-0.8030849791302364,-0.7261869089503306,0.0447627192741426,-1.4303975,0.763627064924083,0.6820280180505224,0.8131307564296116
urn:mavedb:00000394-a-1#2852,c.[3C>T;6T>G;9G>A;21C>T;36T>C;42C>G;63G>C;66G>A;72C>T;75C>T;85C>T;86G>A;87T>C;120A>G;141A>G;165G>A;168G>A;171T>G;174A>G;182A>T;183A>C],NA,p.[Arg29Tyr;Lys61Ile],-0.5427080058872547,-0.5794345971583338,-0.5037764738425184,0.0435339134224278,-1.432167,1.108301746213881,1.0515814228661065,1.1676622189822907
urn:mavedb:00000394-a-1#2853,c.[3C>T;18C>T;21C>T;27G>A;42C>G;69T>C;72C>T;84C>T;85C>T;86G>A;87T>C;120A>G;123T>C;126C>T;141A>G;171T>G;174A>G;177G>A;180G>C;181A>T;182A>G;183A>G],NA,p.[Arg29Tyr;Lys61Trp],-0.3284737971454433,-0.3440316399876009,-0.3040814027907518,0.0450283412759963,-1.437141,1.434470031625409,1.4118732369674736,1.46976455427823
urn:mavedb:00000394-a-1#2854,c.[6T>G;9G>A;12C>T;21C>T;36T>C;42C>G;57T>G;69T>C;72C>T;85C>T;86G>A;87T>C;120A>G;123T>C;126C>T;132C>T;138T>C;141A>G;165G>A;168G>A;174A>G;181A>T;183A>C],NA,p.[Arg29Tyr;Lys61Tyr],-0.6484369049569167,-0.6942143758821933,-0.595899707794347,0.039547309476485,-1.4341421,0.9459712836264474,0.8720258088220247,1.0289899432666234
urn:mavedb:00000394-a-1#2855,c.[12C>T;21C>T;36T>C;42C>G;48C>T;85C>T;86G>A;87T>C;120A>G;123T>C;132C>T;181A>T;182A>T;183A>T],NA,p.[Arg29Tyr;Lys61Phe],-0.6440419654187195,-0.673990502955146,-0.620684978796312,0.0470905061767245,-1.435998,0.9559446611016892,0.9078928263908584,0.9929788762054406
urn:mavedb:00000394-a-1#2856,c.[3C>T;6T>G;15A>G;21C>T;36T>C;42C>G;63G>C;85C>T;86G>A;87T>C;108G>C;120A>G;141A>G;177G>A;181A>C;182A>C;183A>G],NA,p.[Arg29Tyr;Lys61Pro],-1.2450222634445876,-1.3464136619026867,-1.1760358283317334,0.0441653730876555,-1.4298649,-0.3675423059192065,-0.8999878204019929,-0.1336473363603348
urn:mavedb:00000394-a-1#2857,c.[15A>G;21C>T;36T>C;42C>G;48C>T;54G>A;63G>C;69T>C;72C>T;85C>T;86G>T;87T>C;102T>C;111G>C;120A>G;123T>C;141A>G;165G>A;171T>G;174A>G;177G>A;181A>C;183A>G],NA,p.[Arg29Phe;Lys61Gln],-0.6285300456304073,-0.6876144703032909,-0.5650004898160254,0.0857677528889957,-1.4361634,0.9808426904489465,0.886076032138299,1.0801334799001632
urn:mavedb:00000394-a-1#2858,c.[3C>T;6T>G;18C>T;21C>T;36T>C;48C>T;72C>T;75C>T;85C>T;86G>T;87T>C;120A>G;123T>C;141A>G;177G>A;181A>G],NA,p.[Arg29Phe;Lys61Glu],-0.7808923019031397,-0.8262682125309145,-0.7368261460524507,0.0471474720089158,-1.4339838,0.7266985641363767,0.6475178455250151,0.8013599576609093
urn:mavedb:00000394-a-1#2859,c.[3C>T;6T>G;21C>T;36T>C;42C>G;48C>T;75C>T;85C>T;86G>T;87T>C;102T>C;111G>C;120A>G;123T>C;141A>G;165G>A;171T>G;174A>G;180G>C;183A>T;195G>A;207T>C],NA,p.[Arg29Phe;Lys61Asn],-0.96412806964065,-0.991045070598735,-0.9046821886828804,0.0434719300163814,-1.4360194,0.3917159661202156,0.336560653120902,0.5077322193743807
urn:mavedb:00000394-a-1#2860,c.[3C>T;6T>G;9G>A;21C>T;36T>C;39C>T;51C>T;57T>G;60T>C;69T>C;72C>T;85C>T;86G>T;87T>C;120A>G;123T>C;141A>G;165G>A;168G>A;177G>A;181A>C;183A>C],NA,p.[Arg29Phe;Lys61His],-0.8677271732980012,-0.9404694100281096,-0.8174210816960098,0.0446869883495499,-1.4353881,0.5753448388270362,0.4375328987400423,0.6656300896808787
urn:mavedb:00000394-a-1#2861,c.[3C>T;6T>G;21C>T;36T>C;42C>G;85C>T;86G>T;87T>C;120A>G;132C>T;141A>G;165G>A;168G>A;171T>G;174A>G;177G>A;181A>G;183A>C],NA,p.[Arg29Phe;Lys61Asp],-0.8397326411589936,-0.8582490621808174,-0.7651795201416722,0.0473749504034146,-1.434164,0.6238362570367649,0.5904105064222511,0.7538612652809019
urn:mavedb:00000394-a-1#2862,c.[6T>G;9G>A;21C>T;39C>T;42C>G;48C>T;57T>G;72C>T;75C>T;85C>T;86G>T;87T>C;120A>G;123T>C;141A>G;162G>C;165G>A;168G>A;177G>A;181A>C;182A>G;183A>T],NA,p.[Arg29Phe;Lys61Arg],-0.6372121473594318,-0.6623772743284508,-0.623875897330936,0.0366670516407447,-1.4717121,1.02309688202172,0.9835007978499656,1.0439207703030111
urn:mavedb:00000394-a-1#2863,c.[3C>T;6T>G;12C>T;21C>T;42C>G;54G>A;72C>T;75C>T;85C>T;86G>T;87T>C;123T>C;126C>T;141A>G;147G>C;156T>C;165G>A;168G>A;171T>G;174A>G;177G>A;182A>C;183A>C],NA,p.[Arg29Phe;Lys61Thr],-0.8998772394967129,-0.9312014674108792,-0.8670559046487938,0.046198819020944,-1.436388,0.5175000967392037,0.4575912108748192,0.5784029102793894
urn:mavedb:00000394-a-1#2864,c.[3C>T;6T>G;21C>T;36T>C;42C>G;54G>A;57T>G;60T>C;72C>T;75C>T;85C>T;86G>T;87T>C;105C>T;120A>G;129G>A;141A>G;165G>A;168G>A;177G>A;181A>T;182A>C;183A>T],NA,p.[Arg29Phe;Lys61Ser],-0.849488865593325,-0.8765911450384095,-0.8006769979859086,0.0485616733902987,-1.4362969,0.6101338025487822,0.5607240763891076,0.6965064761943229
urn:mavedb:00000394-a-1#2865,c.[21C>T;36T>C;42C>G;60T>C;72C>T;75C>T;85C>T;86G>T;87T>C;120A>G;123T>C;126C>T;141A>G;156T>C;165G>A;171T>G;174A>G;177G>A;181A>G;182A>C;183A>G],NA,p.[Arg29Phe;Lys61Ala],-0.7147573894229546,-0.759251114276613,-0.69645665551944,0.05118793156834,-1.4380536,0.8447375288670618,0.7705028982598684,0.8747479714843054
urn:mavedb:00000394-a-1#2866,c.[21C>T;36T>C;42C>G;51C>T;85C>T;86G>T;87T>C;120A>G;123T>C;141A>G;153A>G;181A>G;182A>G;183A>T],NA,p.[Arg29Phe;Lys61Gly],-1.022183569500402,-1.0876518625070486,-0.9535886012933134,0.0465426416072439,-1.43684,0.2720884829694136,0.1223550107827388,0.4144667734910089
urn:mavedb:00000394-a-1#2867,c.[3C>T;6T>G;21C>T;30G>C;36T>C;42C>G;51C>T;54G>A;63G>C;78C>T;85C>T;86G>T;87T>C;120A>G;135C>T;141A>G;165G>A;168G>A;177G>A;182A>T;183A>G;186A>G],NA,p.[Arg29Phe;Lys61Met],-0.3021890698015961,-0.3167708756260995,-0.2858013640175699,0.0494566982864028,-1.4403377,1.477101577086649,1.4560413563167454,1.5007053256719045
urn:mavedb:00000394-a-1#2868,c.[21C>T;36T>C;42C>G;51C>T;57T>G;85C>T;86G>T;87T>C;120A>G;123T>C;141A>G;156T>C;162G>C;165G>A;171T>G;174A>G;181A>C;182A>T;183A>G],NA,p.[Arg29Phe;Lys61Leu],-0.3168159996720315,-0.3409012780329153,-0.295350408915955,0.0548626910632168,-1.4391651,1.454282482966097,1.4193634648479063,1.4852726998946055
urn:mavedb:00000394-a-1#2869,c.[3C>T;6T>G;15A>G;18C>T;21C>T;36T>C;42C>G;48C>T;51C>T;57T>G;60T>C;72C>T;75C>T;78C>T;85C>T;86G>T;87T>C;120A>G;123T>C;129G>A;135C>T;141A>G;177G>A;181A>G;182A>T;183A>T],NA,p.[Arg29Phe;Lys61Val],-0.5744751889342798,-0.6130227931059252,-0.5065974899369964,0.0686559771707864,-1.4381957,1.0686229060758785,1.008501602447914,1.1725126784974125
urn:mavedb:00000394-a-1#2870,c.[3C>T;6T>G;18C>T;21C>T;36T>C;42C>G;48C>T;85C>T;86G>T;87T>C;102T>C;123T>C;129G>A;132C>T;135C>T;141A>G;150C>T;165G>A;168G>A;171T>G;174A>G;182A>T;183A>C],NA,p.[Arg29Phe;Lys61Ile],-0.4803470237129512,-0.5039315782133924,-0.4647017596260032,0.0312350316112006,-1.4399481,1.2147279924481682,1.179194657738289,1.2381689746092517
urn:mavedb:00000394-a-1#2871,c.[3C>T;6T>G;21C>T;24C>T;36T>C;42C>G;48C>T;85C>T;86G>T;87T>C;120A>G;123T>C;129G>A;141A>G;177G>A;181A>T;182A>G;183A>G],NA,p.[Arg29Phe;Lys61Trp],-0.2215757198982819,-0.2357578662865917,-0.1950908810462057,0.0657801002443147,-1.4448762,1.5990550104906416,1.57885347781213,1.6366732323435529
urn:mavedb:00000394-a-1#2872,c.[21C>T;42C>G;51C>T;69T>C;72C>T;85C>T;86G>T;87T>C;93C>T;102T>C;105C>T;111G>C;120A>G;123T>C;129G>A;132C>T;135C>T;165G>A;171T>G;174A>G;177G>A;181A>T;183A>C],NA,p.[Arg29Phe;Lys61Tyr],-0.3858821065895202,-0.4155753984130679,-0.3712213475192351,0.0557412591770541,-1.4419055,1.3577116580614317,1.3140376469378146,1.3791694029496508
urn:mavedb:00000394-a-1#2873,c.[15A>G;21C>T;36T>C;42C>G;51C>T;85C>T;86G>T;87T>C;102T>C;120A>G;123T>C;132C>T;135C>T;138T>C;141A>G;165G>A;171T>G;174A>G;177G>A;181A>T;182A>T;183A>T],NA,p.[Arg29Phe;Lys61Phe],-0.3473300041574983,-0.3853881160665224,-0.3088353929209421,0.0507714515105994,-1.4437437,1.416665686371224,1.361126426501923,1.4724193077403789
urn:mavedb:00000394-a-1#2874,c.[3C>T;6T>G;15A>G;21C>T;36T>C;42C>G;63G>C;69T>C;72C>T;75C>T;85C>T;86G>T;87T>C;102T>C;120A>G;123T>C;126C>T;129G>A;141A>G;165G>A;168G>A;171T>G;177G>A;181A>C;182A>C;183A>G;189G>A],NA,p.[Arg29Phe;Lys61Pro],-0.9474999778944556,-0.989661471671798,-0.8891168138919496,0.0685785288114771,-1.4376678,0.4281754733022082,0.342865460883822,0.5400499891474625
urn:mavedb:00000394-a-1#2875,c.[21C>T;36T>C;42C>G;48C>T;51C>T;72C>T;75C>T;86G>C;87T>G;102T>C;120A>G;138T>C;141A>G;156T>C;165G>A;171T>G;174A>G;177G>A;181A>C;183A>G],NA,p.[Arg29Pro;Lys61Gln],-1.31036413678985,-1.3787852405067766,-1.23366506010961,0.0326965975102668,-1.3845968,-0.9742162911927832,-2.498085179894696,-0.5091915636531277
urn:mavedb:00000394-a-1#2876,c.[6T>G;9G>A;15A>G;21C>T;36T>C;60T>C;66G>A;72C>T;75C>T;86G>C;87T>G;102T>C;120A>G;126C>T;171T>G;177G>A;181A>G],NA,p.[Arg29Pro;Lys61Glu],-1.3120201589591205,-1.3520019601327915,-1.24280525332935,0.0327191363766154,-1.3822713,-1.008923037732813,-1.5244694715875184,-0.5630996053130456
urn:mavedb:00000394-a-1#2877,c.[3C>T;6T>G;21C>T;36T>C;42C>G;57T>G;66G>A;72C>T;75C>T;86G>C;87T>G;120A>G;129G>A;141A>G;165G>A;168G>A;174A>G;183A>C],NA,p.[Arg29Pro;Lys61Asn],-1.4082968056057814,-1.4699268203854687,-1.3646936911548126,0.0442244143619725,-1.3844433,-15.0,-25.0,-1.7792247282212748
urn:mavedb:00000394-a-1#2878,c.[21C>T;36T>C;42C>G;86G>C;87T>A;102T>C;114C>T;120A>G;129G>A;138T>C;141A>G;144C>T;150C>T;165G>A;171T>G;174A>G;177G>A;181A>C;183A>C],NA,p.[Arg29Pro;Lys61His],-1.2636220838520775,-1.314892020291401,-1.1930014008585448,0.044368070411325,-1.3837695,-0.6631251781112855,-1.0213187889457307,-0.3449868677631034
urn:mavedb:00000394-a-1#2879,c.[3C>T;6T>G;12C>T;21C>T;36T>C;42C>G;48C>T;86G>C;87T>G;120A>G;123T>C;171T>G;174A>G;177G>A;180G>C;181A>G;183A>C],NA,p.[Arg29Pro;Lys61Asp],-1.2506160139158151,-1.30591162681366,-1.196384537652965,0.0356973219209137,-1.3824635,-0.6010348743714221,-0.9547786164897952,-0.3627793720336049
urn:mavedb:00000394-a-1#2880,c.[6T>G;9G>A;12C>T;21C>T;36T>C;42C>G;51C>T;75C>T;86G>C;87T>A;120A>G;123T>C;138T>C;141A>G;165G>A;171T>G;174A>G;177G>A;181A>C;182A>G;183A>T],NA,p.[Arg29Pro;Lys61Arg],-1.3497402363307496,-1.411419337655318,-1.254775903897872,0.044899742508574,-1.4224005,-0.9877211915430044,-2.125554849753964,-0.4365286157105302
urn:mavedb:00000394-a-1#2881,c.[6T>G;9G>A;15A>G;18C>T;21C>T;36T>C;51C>T;54G>A;69T>C;72C>T;86G>C;87T>G;120A>G;123T>C;147G>C;156T>C;165G>A;171T>G;177G>A;180G>C;182A>C;183A>T;198G>T],NA,p.[Arg29Pro;Lys61Thr],-1.2663123757257155,-1.3209977524404568,-1.1951746796502796,0.0479549642038907,-1.3848357,-0.672153503776291,-1.0688400884729932,-0.3491561993911766
urn:mavedb:00000394-a-1#2882,c.[6T>G;9G>A;15A>G;21C>T;36T>C;42C>G;60T>C;66G>A;72C>T;75C>T;86G>C;87T>G;102T>C;111G>C;120A>G;135C>T;141A>G;165G>A;168G>A;171T>G;174A>G;181A>T;182A>C;183A>T],NA,p.[Arg29Pro;Lys61Ser],-1.3376906140907303,-1.3763408098558363,-1.275325106287589,0.0399609024301501,-1.3847399,-1.257280706471959,-2.2827530414645123,-0.7248824018835629
urn:mavedb:00000394-a-1#2883,c.[3C>T;6T>G;12C>T;21C>T;39C>T;42C>G;48C>T;63G>C;86G>C;87T>G;120A>G;123T>C;129G>A;132C>T;150C>T;174A>G;181A>G;182A>C;183A>G],NA,p.[Arg29Pro;Lys61Ala],-1.2917678889721813,-1.3368862911073398,-1.2569564244624043,0.0482010055004969,-1.3866129,-0.8178791134684009,-1.2233597722044296,-0.6122920015893111
urn:mavedb:00000394-a-1#2884,c.[3C>T;6T>G;12C>T;15A>G;18C>T;21C>T;36T>C;51C>T;54G>A;69T>C;72C>T;86G>C;87T>G;120A>G;123T>C;138T>C;141A>G;162G>C;165G>A;171T>G;174A>G;177G>A;180G>C;181A>G;182A>G;183A>T],NA,p.[Arg29Pro;Lys61Gly],-1.4036150859215268,-1.4628911796498396,-1.3480149356007909,0.0370480036777764,-1.3853183,-15.0,-25.0,-1.3985208974604877
urn:mavedb:00000394-a-1#2885,c.[6T>G;9G>A;12C>T;21C>T;36T>C;42C>G;69T>C;72C>T;86G>C;87T>G;120A>G;123T>C;126C>T;141A>G;165G>A;171T>G;174A>G;177G>A;180G>C;182A>T;183A>G],NA,p.[Arg29Pro;Lys61Met],-1.0585950377324873,-1.09819811804937,-1.009524639022897,0.0365840763167118,-1.3890467,0.0762516607316944,-0.0273746660443244,0.1937546337449276
urn:mavedb:00000394-a-1#2886,c.[3C>T;6T>G;21C>T;36T>C;42C>G;78C>T;86G>C;87T>G;120A>G;141A>G;156T>C;165G>A;171T>G;174A>G;181A>C;182A>T;183A>G;186A>G;192C>T;195G>A],NA,p.[Arg29Pro;Lys61Leu],-0.9534639310840958,-0.9936639311998534,-0.8899060176519012,0.0417557880241274,-1.3877969,0.3142539190409953,0.2268571373240067,0.4433863885534347
urn:mavedb:00000394-a-1#2887,c.[3C>T;6T>G;18C>T;21C>T;36T>C;39C>T;60T>C;72C>T;75C>T;86G>C;87T>G;108G>C;120A>G;138T>C;141A>G;165G>A;171T>G;177G>A;181A>G;182A>T;183A>G],NA,p.[Arg29Pro;Lys61Val],-0.9920563740652936,-1.0690063014981142,-0.9004345895134408,0.0558563890396459,-1.3867631,0.2281418817632859,0.0440051996714357,0.4206041121386125
urn:mavedb:00000394-a-1#2888,c.[21C>T;36T>C;39C>T;42C>G;86G>C;87T>G;120A>G;126C>T;147G>C;165G>A;168G>A;171T>G;174A>G;180G>C;182A>T;183A>T;192C>T;195G>A],NA,p.[Arg29Pro;Lys61Ile],-0.7674930251186439,-0.8119932042980524,-0.7006019401671115,0.0471831063821076,-1.3886318,0.6712386174012409,0.591754500954189,0.7860948573092048
urn:mavedb:00000394-a-1#2889,c.[12C>T;21C>T;36T>C;42C>G;48C>T;72C>T;75C>T;86G>C;87T>G;120A>G;123T>C;132C>T;135C>T;144C>T;147G>C;162G>C;165G>A;168G>A;177G>A;181A>T;182A>G;183A>G],NA,p.[Arg29Pro;Lys61Trp],-0.6637054187283795,-0.7059268791149546,-0.6303345747334916,0.0402025397118256,-1.3938813,0.8560913567995974,0.7859636540656267,0.910418615686848
urn:mavedb:00000394-a-1#2890,c.[3C>T;6T>G;18C>T;21C>T;36T>C;42C>G;51C>T;72C>T;75C>T;86G>C;87T>G;99G>C;102T>C;111G>C;120A>G;123T>C;132C>T;141A>G;165G>A;171T>G;174A>G;177G>A;181A>T;183A>C],NA,p.[Arg29Pro;Lys61Tyr],-1.0049889522770494,-1.0412202240867798,-0.955041875490062,0.0475776672554891,-1.3907166,0.2079079445875828,0.1231168126899752,0.317085255614537
urn:mavedb:00000394-a-1#2891,c.[3C>T;12C>T;21C>T;36T>C;42C>G;86G>C;87T>G;102T>C;120A>G;141A>G;144C>T;150C>T;165G>A;171T>G;174A>G;177G>A;181A>T;182A>T;183A>C;186A>G;198G>T],NA,p.[Arg29Pro;Lys61Phe],-1.0452736141819332,-1.0725548482066216,-0.9595554659325825,0.0427941740865922,-1.3926754,0.118045050149755,0.0500723775676008,0.3116863061247857
urn:mavedb:00000394-a-1#2892,c.[3C>T;6T>G;21C>T;36T>C;42C>G;72C>T;75C>T;86G>C;87T>G;102T>C;120A>G;135C>T;138T>C;141A>G;153A>G;165G>A;171T>G;174A>G;181A>C;182A>C;183A>G;195G>A;207T>C],NA,p.[Arg29Pro;Lys61Pro],-1.387662895907702,-1.4648914104963675,-1.3348095844901184,0.0445788343871427,-1.3862004,-15.0,-25.0,-1.2031333490934562
urn:mavedb:00000394-a-1#2893,c.[3C>T;6T>G;12C>T;21C>T;36T>C;42C>G;49G>C;51C>G;57T>G;60T>C;66G>A;72C>T;75C>T;78C>T;86G>A;87T>G;120A>G;123T>C;132C>T;141A>G;168G>A;171T>G;174A>G;177G>A],NA,p.[Asp17Gln;Arg29Gln],-1.2706751970877073,-1.3278863191639354,-1.2080593790435663,0.0349407827368222,-1.4266868,-0.4864093017139461,-0.7914494089662285,-0.2458717898400628
urn:mavedb:00000394-a-1#2894,c.[21C>T;36T>C;42C>G;49G>C;51C>A;54G>A;84C>T;85C>G;86G>A;87T>A;120A>G;123T>C;141A>G;156T>C;162G>C;165G>A;171T>G;174A>G;177G>A;198G>T],NA,p.[Asp17Gln;Arg29Glu],-1.3123979948659916,-1.3672674468773007,-1.2705865135284609,0.0397721849914794,-1.4144063,-0.7706897712124462,-1.2561222768321612,-0.5422120314770138
urn:mavedb:00000394-a-1#2895,c.[3C>T;6T>G;18C>T;36T>C;42C>G;49G>C;51C>G;63G>C;72C>T;75C>T;85C>A;86G>A;87T>C;120A>G;123T>C;141A>G;165G>A;168G>A],NA,p.[Asp17Gln;Arg29Asn],-1.5139045796078512,-1.62984904951419,-1.4549086691670323,0.0428701437781974,-1.4226232,-15.0,-25.0,-5.0
urn:mavedb:00000394-a-1#2896,c.[6T>G;9G>A;12C>T;21C>T;36T>C;42C>G;49G>C;51C>G;72C>T;75C>T;86G>A;120A>G;123T>C;138T>C;141A>G;165G>A;168G>A;174A>G],NA,p.[Asp17Gln;Arg29His],-1.201935583111135,-1.2404952699568998,-1.148938936357503,0.0303126272585875,-1.4214649,-0.2428297843116447,-0.3825902705801292,-0.0786791115540662
urn:mavedb:00000394-a-1#2897,c.[3C>T;6T>G;15A>G;21C>T;36T>C;42C>G;49G>C;51C>A;54G>A;85C>G;86G>A;87T>C;120A>G;123T>C;135C>T;141A>G;174A>G],NA,p.[Asp17Gln;Arg29Asp],-1.4800924239689213,-1.5207999395373804,-1.4295781321541647,0.0440406156825847,-1.4129515,-15.0,-25.0,-5.0
urn:mavedb:00000394-a-1#2898,c.[3C>T;6T>G;12C>T;21C>T;36T>C;42C>G;49G>C;51C>G;69T>C;85C>A;86G>A;87T>A;120A>G;123T>C;141A>G;156T>C;165G>A;171T>G;177G>A;180G>C;183A>G],NA,p.[Asp17Gln;Arg29Lys],-1.082053585040804,-1.1121019690778573,-1.0639746530477905,0.0339354980021749,-1.4708862,0.2149060342806093,0.1453395710497133,0.2551618803475212
urn:mavedb:00000394-a-1#2899,c.[27G>A;30G>C;42C>G;49G>C;51C>G;60T>C;85C>A;86G>C;108G>C;120A>G;123T>C;126C>T;129G>A;135C>T;141A>G;165G>A;171T>G;174A>G;177G>A],NA,p.[Asp17Gln;Arg29Thr],-1.3497284785259571,-1.412294437002432,-1.2591341795883766,0.0398203170438516,-1.4253845,-0.9622304911346292,-2.022250451857833,-0.4422807013273805
urn:mavedb:00000394-a-1#2900,c.[18C>T;21C>T;36T>C;49G>C;51C>G;72C>T;75C>T;85C>T;86G>C;120A>G;123T>C;138T>C;141A>G;156T>C;165G>A;171T>G;174A>G],NA,p.[Asp17Gln;Arg29Ser],-1.2629585383691242,-1.3166031995440644,-1.1396489238059055,0.047805427288447,-1.4240532,-0.4642114305153388,-0.7367676318280171,-0.0451582367335247
urn:mavedb:00000394-a-1#2901,c.[21C>T;39C>T;49G>C;51C>G;60T>C;84C>T;85C>G;86G>C;120A>G;123T>C;138T>C;141A>G;165G>A;168G>A;177G>A;207T>C],NA,p.[Asp17Gln;Arg29Ala],-1.2203376555483456,-1.2768148129841423,-1.1605585817735056,0.04646882275788,-1.4374771,-0.2509122567676973,-0.4660798776456822,-0.0661683682282629
urn:mavedb:00000394-a-1#2902,c.[21C>T;36T>C;42C>G;49G>C;51C>G;63G>C;85C>G;120A>G;123T>C;126C>T;138T>C;141A>G;153A>G;165G>A;168G>A;171T>G;174A>G;177G>A;183A>G],NA,p.[Asp17Gln;Arg29Gly],-1.199519226662602,-1.3131855938910988,-1.118582222134208,0.0547928142839987,-1.4268975,-0.2167655648285006,-0.6995556531775504,0.019438060455196
urn:mavedb:00000394-a-1#2903,c.[12C>T;21C>T;36T>C;42C>G;49G>C;51C>G;72C>T;75C>T;84C>T;85C>A;86G>T;87T>G;120A>G;123T>C;165G>A;171T>G;174A>G;177G>A],NA,p.[Asp17Gln;Arg29Met],-0.9197338954959322,-0.9623595923983592,-0.8855668866504699,0.041107724529831,-1.4515157,0.5085655216023387,0.4261702308065958,0.5721976927558592
urn:mavedb:00000394-a-1#2904,c.[3C>T;6T>G;15A>G;21C>T;36T>C;42C>G;49G>C;51C>G;54G>A;63G>C;86G>T;87T>G;120A>G;123T>C;141A>G;156T>C;168G>A;171T>G;174A>G;177G>A],NA,p.[Asp17Gln;Arg29Leu],-0.511499991745932,-0.5264845124511204,-0.4901292574816041,0.0463870370174668,-1.4491854,1.1817049865641762,1.1590109469960126,1.2138969235777246
urn:mavedb:00000394-a-1#2905,c.[15A>G;21C>T;36T>C;42C>G;49G>C;51C>G;85C>G;86G>T;120A>G;123T>C;132C>T;138T>C;141A>G;165G>A;168G>A;171T>G;174A>G;177G>A],NA,p.[Asp17Gln;Arg29Val],-0.8646914653414683,-0.9218035958634432,-0.7772352669896837,0.0512384443350696,-1.4343853,0.5790655618899394,0.4719058241792004,0.7336612178934357
urn:mavedb:00000394-a-1#2906,c.[27G>A;49G>C;51C>G;60T>C;72C>T;75C>T;85C>A;86G>T;87T>C;120A>G;123T>C;141A>G;168G>A;177G>A],NA,p.[Asp17Gln;Arg29Ile],-0.6082278551633915,-0.6305313955634892,-0.5795932300090921,0.0588039040508971,-1.4405069,1.019649898819119,0.9845437630959588,1.06427203645244
urn:mavedb:00000394-a-1#2907,c.[3C>T;6T>G;18C>T;21C>T;49G>C;51C>G;57T>G;72C>T;75C>T;85C>T;87T>G;108G>C;120A>G;123T>C;132C>T;141A>G;165G>A;171T>G;174A>G;177G>A],NA,p.[Asp17Gln;Arg29Trp],-0.546439937199809,-0.5841364102799348,-0.5129348347095632,0.0621341628591086,-1.4822297,1.17879847651637,1.121473250953225,1.2292062700692885
urn:mavedb:00000394-a-1#2908,c.[3C>T;6T>G;12C>T;21C>T;36T>C;49G>C;51C>G;57T>G;60T>C;85C>T;86G>A;87T>C;102T>C;120A>G;123T>C;132C>T;135C>T;141A>G;165G>A;171T>G;174A>G;177G>A],NA,p.[Asp17Gln;Arg29Tyr],-0.8209546117669639,-0.8432525648601237,-0.7824111210756061,0.0370237731621076,-1.4630928,0.7077939783909382,0.6689077638220607,0.7736592954931767
urn:mavedb:00000394-a-1#2909,c.[18C>T;21C>T;36T>C;49G>C;51C>G;60T>C;85C>T;86G>T;87T>C;108G>C;120A>G;126C>T;135C>T;138T>C;141A>G;165G>A;171T>G;174A>G;177G>A],NA,p.[Asp17Gln;Arg29Phe],-0.6138001364967688,-0.6413926346222574,-0.5399427075644421,0.0745842694218838,-1.470593,1.057848060231735,1.014792773309413,1.1710364322627078
urn:mavedb:00000394-a-1#2910,c.[3C>T;6T>G;18C>T;21C>T;36T>C;39C>T;49G>C;51C>G;60T>C;72C>T;75C>T;86G>C;87T>G;102T>C;120A>G;135C>T;144C>T;168G>A;171T>G;174A>G;183A>G],NA,p.[Asp17Gln;Arg29Pro],-1.347316986862097,-1.4605762784134009,-1.2317763547446428,0.0413771101793235,-1.4212127,-0.977093679621083,-25.0,-0.3500140480443546
urn:mavedb:00000394-a-1#2911,c.[21C>T;36T>C;42C>G;51C>G;78C>T;86G>A;87T>G;120A>G;123T>C;129G>A;138T>C;141A>G;156T>C;165G>A;171T>G;174A>G;177G>A;180G>C],NA,p.[Asp17Glu;Arg29Gln],-1.0397219725502365,-1.1064381946594162,-0.9920039321886924,0.0394279064013,-1.3981934,0.144622083721137,-0.0248996983575695,0.2536039546246195
urn:mavedb:00000394-a-1#2912,c.[21C>T;39C>T;42C>G;51C>G;57T>G;69T>C;85C>G;86G>A;87T>G;93C>T;120A>G;123T>C;165G>A;168G>A;171T>G;177G>A;180G>C;198G>T],NA,p.[Asp17Glu;Arg29Glu],-1.258791670523499,-1.3169058119623218,-1.2135159981125827,0.0368561641395322,-1.3854613,-0.627902389174128,-1.0242576461350938,-0.4186850859173757
urn:mavedb:00000394-a-1#2913,c.[3C>T;9G>A;12C>T;18C>T;21C>T;24C>T;36T>C;42C>G;51C>A;57T>G;63G>C;66G>A;85C>A;86G>A;87T>C;120A>G;123T>C;150C>T;165G>A;168G>A;171T>G;174A>G;177G>A],NA,p.[Asp17Glu;Arg29Asn],-1.3023464385624277,-1.3350527200335771,-1.2509119401702682,0.0536386604408332,-1.3939819,-0.84006811703346,-1.11860451873517,-0.5457675111943298
urn:mavedb:00000394-a-1#2914,c.[3C>T;6T>G;21C>T;36T>C;42C>G;51C>A;57T>G;86G>A;87T>C;120A>G;123T>C;141A>G;150C>T;156T>C;165G>A;168G>A;171T>G;174A>G;198G>T;207T>C],NA,p.[Asp17Glu;Arg29His],-0.974423756687382,-1.0068155636047882,-0.92881567340607,0.0325909354135582,-1.3927817,0.2801240937751077,0.208448203565848,0.3756846036120818
urn:mavedb:00000394-a-1#2915,c.[3C>T;6T>G;21C>T;36T>C;42C>G;51C>A;54G>A;72C>T;75C>T;85C>G;86G>A;87T>C;120A>G;132C>T;138T>C;150C>T;171T>G;177G>A],NA,p.[Asp17Glu;Arg29Asp],-1.512081310276736,-1.579995953454307,-1.4142212143747157,0.0451064264421864,-1.3839521,-15.0,-25.0,-5.0
urn:mavedb:00000394-a-1#2916,c.[21C>T;36T>C;42C>G;51C>A;57T>G;66G>A;72C>T;75C>T;85C>A;86G>A;87T>A;120A>G;123T>C;138T>C;141A>G;150C>T;156T>C;171T>G;177G>A],NA,p.[Asp17Glu;Arg29Lys],-0.3407834487783087,-0.3628455958792834,-0.3159662644303072,0.0313621492833002,-1.4439001,1.4264029023060478,1.3943038294929968,1.4623470639764575
urn:mavedb:00000394-a-1#2917,c.[6T>G;9G>A;12C>T;21C>T;36T>C;42C>G;51C>G;57T>G;60T>C;84C>T;85C>A;86G>C;87T>C;120A>G;123T>C;168G>A;177G>A],NA,p.[Asp17Glu;Arg29Thr],-1.3527015967610634,-1.4050727128666194,-1.2962441798012183,0.0312618343288087,-1.3968439,-1.2962493899666212,-25.0,-0.779728259848413
urn:mavedb:00000394-a-1#2918,c.[6T>G;9G>A;21C>T;36T>C;42C>G;51C>G;60T>C;66G>A;85C>T;86G>C;90T>C;120A>G;123T>C;141A>G;147G>C;156T>C;165G>A;171T>G;174A>G;180G>C],NA,p.[Asp17Glu;Arg29Ser],-1.2807604758094258,-1.311302736521134,-1.2317515714243024,0.0368782517097035,-1.395464,-0.6938216682883354,-0.8945775856027879,-0.4529981007071914
urn:mavedb:00000394-a-1#2919,c.[6T>G;9G>A;12C>T;21C>T;36T>C;51C>G;54G>A;57T>G;60T>C;85C>G;86G>C;120A>G;123T>C;129G>A;138T>C;141A>G;147G>C;165G>A;171T>G;174A>G;177G>A],NA,p.[Asp17Glu;Arg29Ala],-0.9586281429170462,-0.9958593298492252,-0.9251757443801272,0.0374398733478268,-1.4093661,0.3485382067581501,0.2696011891341001,0.4163474650360513
urn:mavedb:00000394-a-1#2920,c.[3C>T;6T>G;12C>T;21C>T;36T>C;42C>G;51C>A;57T>G;60T>C;63G>C;66G>A;69T>C;72C>T;75C>T;85C>G;120A>G;129G>A;141A>G;153A>G;165G>A;168G>A;174A>G],NA,p.[Asp17Glu;Arg29Gly],-1.2534694414768135,-1.31757398984219,-1.1734620605079698,0.0568839832327326,-1.3984118,-0.536907462024128,-0.9202364999419907,-0.2247482299732059
urn:mavedb:00000394-a-1#2921,c.[3C>T;6T>G;9G>A;21C>T;36T>C;42C>G;51C>G;60T>C;63G>C;69T>C;72C>T;84C>T;85C>A;86G>T;87T>G;99G>C;120A>G;123T>C;129G>A;141A>G;147G>C;165G>A;168G>A;171T>G;174A>G;177G>A],NA,p.[Asp17Glu;Arg29Met],0.0104948568110173,-0.0350694701187516,0.0684032491145455,0.1276243219777075,-1.4238868,1.8957628761501484,1.832268964285956,1.9761265605514613
urn:mavedb:00000394-a-1#2922,c.[6T>G;9G>A;12C>T;21C>T;36T>C;42C>G;48C>T;51C>A;57T>G;63G>C;72C>T;75C>T;86G>T;87T>G;120A>G;123T>C;138T>C;141A>G;162G>C;165G>A;168G>A;177G>A],NA,p.[Asp17Glu;Arg29Leu],-0.1399262107362234,-0.1534142604468149,-0.0956399496124975,0.0549191184626594,-1.4214773,1.6816889712575458,1.6626245255937309,1.7440706359202478
urn:mavedb:00000394-a-1#2923,c.[3C>T;6T>G;12C>T;21C>T;36T>C;42C>G;51C>A;57T>G;60T>C;69T>C;72C>T;85C>G;86G>T;120A>G;123T>C;141A>G;150C>T;165G>A;168G>A;171T>G;174A>G],NA,p.[Asp17Glu;Arg29Val],-1.0656968754207774,-1.1409793731974882,-0.979352166630466,0.0486194916687882,-1.4061661,0.1011123154552498,-0.0999137398857519,0.2982762083331744
urn:mavedb:00000394-a-1#2924,c.[12C>T;21C>T;36T>C;42C>G;51C>A;54G>A;66G>A;85C>A;86G>T;87T>C;120A>G;123T>C;126C>T;147G>C;165G>A;171T>G;174A>G;177G>A],NA,p.[Asp17Glu;Arg29Ile],-0.8158074610432301,-0.8507383798449086,-0.7618810584774968,0.0553039381451429,-1.4125013,0.6279003558570169,0.5645282485942438,0.7224650428910543
urn:mavedb:00000394-a-1#2925,c.[6T>G;9G>A;21C>T;36T>C;42C>G;48C>T;51C>A;57T>G;66G>A;85C>T;87T>G;120A>G;123T>C;174A>G;180G>C;198G>T;207T>C],NA,p.[Asp17Glu;Arg29Trp],-0.7542427255283584,-0.7914640296751955,-0.7020037146612292,0.0622166387632642,-1.4556131,0.808378161724817,0.7456112191047649,0.8942793341036097
urn:mavedb:00000394-a-1#2926,c.[3C>T;18C>T;21C>T;36T>C;51C>G;60T>C;72C>T;75C>T;78C>T;85C>T;86G>A;87T>C;120A>G;123T>C;141A>G;165G>A;171T>G;177G>A],NA,p.[Asp17Glu;Arg29Tyr],-0.5106315672964536,-0.563552164365922,-0.4799679118344623,0.0408544698197012,-1.4358506,1.1628490720965856,1.0818870246646997,1.209147475935168
urn:mavedb:00000394-a-1#2927,c.[6T>G;9G>A;12C>T;21C>T;51C>G;54G>A;63G>C;75C>T;84C>T;85C>T;86G>T;120A>G;138T>C;141A>G;171T>G;174A>G;177G>A],NA,p.[Asp17Glu;Arg29Phe],-0.5232617661810699,-0.560495952580767,-0.4751474019049084,0.045646032211265,-1.4435973,1.1554261107087154,1.098522016639735,1.2279932256273072
urn:mavedb:00000394-a-1#2928,c.[3C>T;6T>G;21C>T;36T>C;42C>G;51C>G;60T>C;66G>A;72C>T;75C>T;86G>C;87T>G;99G>C;102T>C;111G>C;120A>G;123T>C;135C>T;141A>G;165G>A;171T>G;174A>G;177G>A],NA,p.[Asp17Glu;Arg29Pro],-1.396492715492483,-1.480963230470215,-1.3289132087808009,0.051475387736563,-1.3925195,-15.0,-25.0,-1.0711086834064625
urn:mavedb:00000394-a-1#2929,c.[3C>T;6T>G;21C>T;36T>C;42C>G;49G>A;86G>A;87T>G;120A>G;123T>C;141A>G;171T>G;174A>G;177G>A;180G>C;198G>T],NA,p.[Asp17Asn;Arg29Gln],-0.9007831417484452,-0.9456885252536262,-0.8835995567756084,0.023667549086177,-1.4179859,0.4808037488816093,0.3925427799166482,0.5135047916793533
urn:mavedb:00000394-a-1#2930,c.[3C>T;15A>G;21C>T;36T>C;42C>G;49G>A;60T>C;63G>C;85C>G;86G>A;87T>A;93C>T;120A>G;123T>C;129G>A;135C>T;141A>G;153A>G;165G>A;171T>G;174A>G;177G>A;195G>A],NA,p.[Asp17Asn;Arg29Glu],-0.3310028234525186,-0.3811007549276434,-0.2898102480613354,0.0947159377548249,-1.4055715,1.3849124455627069,1.3113541491671383,1.4448173448724018
urn:mavedb:00000394-a-1#2931,c.[3C>T;6T>G;9G>A;12C>T;21C>T;36T>C;42C>G;49G>A;72C>T;75C>T;85C>A;86G>A;87T>C;120A>G;123T>C;141A>G;177G>A;180G>C],NA,p.[Asp17Asn;Arg29Asn],-1.2116000889760956,-1.251180249205046,-1.1492316561777272,0.0365062368965582,-1.4138789,-0.3027465064720018,-0.45732483297283,-0.1014939997868151
urn:mavedb:00000394-a-1#2932,c.[3C>T;6T>G;21C>T;36T>C;42C>G;49G>A;66G>A;72C>T;75C>T;78C>T;86G>A;87T>C;102T>C;135C>T;141A>G;165G>A;171T>G;174A>G;177G>A],NA,p.[Asp17Asn;Arg29His],-0.7500553776470404,-0.7873446269930475,-0.7266560941260043,0.0403941766543938,-1.4127078,0.7430879543986116,0.6786293243794401,0.7827481324195682
urn:mavedb:00000394-a-1#2933,c.[3C>T;6T>G;21C>T;36T>C;42C>G;49G>A;85C>G;86G>A;87T>C;120A>G;123T>C;141A>G;165G>A;171T>G;174A>G;177G>A;198G>T],NA,p.[Asp17Asn;Arg29Asp],-1.4506234358559165,-1.5057443273943012,-1.3952910041201017,0.0461026254068053,-1.4041014,-15.0,-25.0,-2.254751563362409
urn:mavedb:00000394-a-1#2934,c.[3C>T;6T>G;21C>T;36T>C;42C>G;49G>A;85C>A;86G>A;87T>A;120A>G;123T>C;141A>G;165G>A;168G>A;177G>A],NA,p.[Asp17Asn;Arg29Lys],-0.5835509047042495,-0.5969167418693352,-0.5739765727935686,0.0562165827689649,-1.4626374,1.0923222748143784,1.071691896464471,1.1070412254314208
urn:mavedb:00000394-a-1#2935,c.[3C>T;6T>G;18C>T;21C>T;36T>C;42C>G;49G>A;54G>A;72C>T;75C>T;84C>T;85C>A;86G>C;87T>C;120A>G;123T>C;141A>G;177G>A],NA,p.[Asp17Asn;Arg29Thr],-1.279010757948444,-1.3364596691022357,-1.2268594074847603,0.0296091473077919,-1.4166698,-0.5719426063392477,-0.9251934206536296,-0.3486008380084965
urn:mavedb:00000394-a-1#2936,c.[3C>T;6T>G;18C>T;21C>T;36T>C;42C>G;49G>A;85C>T;86G>C;87T>C;120A>G;123T>C;129G>A;141A>G;165G>A;171T>G;174A>G;177G>A],NA,p.[Asp17Asn;Arg29Ser],-1.0012295543246934,-1.031897516590254,-0.9333695583584556,0.0351171953572241,-1.4153242,0.2708768720082154,0.202666517125906,0.411894965394592
urn:mavedb:00000394-a-1#2937,c.[9G>A;12C>T;21C>T;36T>C;42C>G;49G>A;85C>G;86G>C;120A>G;123T>C;165G>A;168G>A;174A>G],NA,p.[Asp17Asn;Arg29Ala],-0.8525984650407759,-0.8731856233918998,-0.8286148873566967,0.0404914012283621,-1.4288898,0.5910981228585364,0.5533356118031153,0.6342865332119273
urn:mavedb:00000394-a-1#2938,c.[3C>T;21C>T;36T>C;42C>G;49G>A;54G>A;57T>G;84C>T;85C>G;87T>C;102T>C;120A>G;123T>C;129G>A;135C>T;141A>G;165G>A;171T>G;174A>G;177G>A],NA,p.[Asp17Asn;Arg29Gly],-1.1717426262282422,-1.2277338643965232,-1.0944636142321966,0.0539078427977413,-1.4181995,-0.1561338388649575,-0.3461329278293009,0.0592880488916952
urn:mavedb:00000394-a-1#2939,c.[6T>G;9G>A;12C>T;21C>T;36T>C;42C>G;49G>A;75C>T;84C>T;85C>A;86G>T;87T>G;120A>G;123T>C;141A>G;165G>A;171T>G;174A>G],NA,p.[Asp17Asn;Arg29Met],-0.5293215620221967,-0.5554805755189014,-0.5100206852108988,0.0288351730723398,-1.4430733,1.1454149063127617,1.105424092291051,1.1747075706530756
urn:mavedb:00000394-a-1#2940,c.[3C>T;6T>G;21C>T;36T>C;42C>G;49G>A;86G>T;87T>G;120A>G;123T>C;141A>G;147G>C;165G>A;171T>G;174A>G;177G>A;198G>T;207T>C],NA,p.[Asp17Asn;Arg29Leu],-0.1328804735170492,-0.1444902926297875,-0.1171283118225305,0.0583766603878447,-1.4407191,1.718694418384506,1.7023397088366952,1.7408500241879985
urn:mavedb:00000394-a-1#2941,c.[21C>T;36T>C;42C>G;49G>A;54G>A;60T>C;85C>G;86G>T;102T>C;120A>G;123T>C;132C>T;135C>T;138T>C;141A>G;165G>A;171T>G;174A>G;177G>A],NA,p.[Asp17Asn;Arg29Val],-0.904794077403944,-1.0282907704558744,-0.8663614099425251,0.0431117096270733,-1.4257665,0.4880207514271173,0.2343078572755078,0.5601755027753204
urn:mavedb:00000394-a-1#2942,c.[3C>T;6T>G;15A>G;21C>T;36T>C;42C>G;49G>A;85C>A;86G>T;87T>C;90T>C;99G>C;120A>G;123T>C;135C>T;141A>G;165G>A;171T>G;174A>G;177G>A],NA,p.[Asp17Asn;Arg29Ile],-0.7448531127633858,-0.7732239229436779,-0.7032927904630238,0.0609723655732277,-1.4319515,0.7844940434377843,0.7363644661397356,0.8535661013249448
urn:mavedb:00000394-a-1#2943,c.[3C>T;6T>G;12C>T;21C>T;36T>C;49G>A;57T>G;66G>A;69T>C;72C>T;85C>T;87T>G;102T>C;120A>G;123T>C;132C>T;135C>T;141A>G;144C>T;156T>C;165G>A;168G>A;174A>G],NA,p.[Asp17Asn;Arg29Trp],-0.6452587470819056,-0.6663414311271804,-0.620067696532298,0.0449250715629122,-1.4740925,1.0142142323445118,0.9809928928434488,1.053545592040548
urn:mavedb:00000394-a-1#2944,c.[21C>T;36T>C;42C>G;49G>A;78C>T;85C>T;86G>A;87T>C;120A>G;123T>C;144C>T;156T>C;168G>A;177G>A],NA,p.[Asp17Asn;Arg29Tyr],-0.3893487347671395,-0.4111698969678883,-0.3698280243227124,0.0438638679755102,-1.4547663,1.371446374411412,1.3394479776539905,1.3999449323567494
urn:mavedb:00000394-a-1#2945,c.[21C>T;36T>C;42C>G;49G>A;85C>T;86G>T;87T>C;120A>G;123T>C;141A>G;144C>T;177G>A],NA,p.[Asp17Asn;Arg29Phe],-0.5913122853244315,-0.6074917367055842,-0.5818580748893368,0.0269453220703074,-1.4623413,1.0798974795593328,1.0548390302810853,1.0944728751853057
urn:mavedb:00000394-a-1#2946,c.[3C>T;9G>A;21C>T;36T>C;42C>G;49G>A;63G>C;86G>C;87T>G;120A>G;123T>C;129G>A;132C>T;141A>G;174A>G;180G>C],NA,p.[Asp17Asn;Arg29Pro],-1.2356129551597503,-1.285790868775574,-1.1758062582528837,0.0449880925202034,-1.4124527,-0.3989250873849942,-0.6279496504874551,-0.1868495411564496
urn:mavedb:00000394-a-1#2947,c.[3C>T;6T>G;18C>T;21C>T;30G>C;42C>G;49G>C;60T>C;63G>C;75C>T;78C>T;86G>A;87T>G;120A>G;123T>C;126C>T;144C>T;165G>A;171T>G;174A>G;177G>A],NA,p.[Asp17His;Arg29Gln],-0.4223776808882375,-0.4648050527976523,-0.3115181687028273,0.0972216331562157,-1.4137115,1.2622101598364552,1.198682111035802,1.4251225355089918
urn:mavedb:00000394-a-1#2948,c.[3C>T;6T>G;9G>A;15A>G;18C>T;36T>C;39C>T;49G>C;69T>C;72C>T;75C>T;84C>T;85C>G;86G>A;87T>A;90T>C;99G>C;102T>C;114C>T;120A>G;123T>C;126C>T;132C>T;135C>T;141A>G;165G>A;171T>G;174A>G;177G>A],NA,p.[Asp17His;Arg29Glu],-1.2179119843356574,-1.2567351236435922,-1.1558518447367114,0.0313459051845233,-1.4012308,-0.3734260525431038,-0.5390132345309778,-0.1594588697149599
urn:mavedb:00000394-a-1#2949,c.[21C>T;49G>C;69T>C;72C>T;85C>A;86G>A;87T>C;111G>C;120A>G;123T>C;126C>T;132C>T;135C>T;165G>A;171T>G;174A>G;177G>A],NA,p.[Asp17His;Arg29Asn],-1.2736537685809943,-1.3159426196921076,-1.2106083381637198,0.0346434157837865,-1.4095826,-0.5804934194248855,-0.8261341898426283,-0.3146756347715838
urn:mavedb:00000394-a-1#2950,c.[3C>T;6T>G;9G>A;21C>T;36T>C;42C>G;49G>C;63G>C;69T>C;72C>T;86G>A;87T>C;99G>C;120A>G;123T>C;132C>T;141A>G;165G>A;168G>A;174A>G],NA,p.[Asp17His;Arg29His],-0.9347261862769533,-0.9756838678305229,-0.8529292178803813,0.040154806729578,-1.4084058,0.3953303663480503,0.3108365413877981,0.5529262210918382
urn:mavedb:00000394-a-1#2951,c.[3C>T;6T>G;21C>T;36T>C;42C>G;49G>C;85C>G;86G>A;87T>C;120A>G;123T>C;141A>G;165G>A;168G>A;174A>G],NA,p.[Asp17His;Arg29Asp],-1.4545066377535267,-1.5005868496992625,-1.397920393993763,0.0464327942979862,-1.3997517,-15.0,-25.0,-3.17054554845396
urn:mavedb:00000394-a-1#2952,c.[12C>T;21C>T;24C>T;36T>C;42C>G;49G>C;85C>A;86G>A;87T>A;99G>C;111G>C;120A>G;138T>C],NA,p.[Asp17His;Arg29Lys],-0.7759292919976231,-0.8779200296215841,-0.7298986461889434,0.03721244633224,-1.4585876,0.7769974527162943,0.5990238462949328,0.8535941742659824
urn:mavedb:00000394-a-1#2953,c.[3C>T;6T>G;21C>T;42C>G;49G>C;72C>T;75C>T;85C>A;86G>C;87T>C;120A>G;123T>C;141A>G;165G>A;168G>A;177G>A],NA,p.[Asp17His;Arg29Thr],-1.2458778242817687,-1.3088651303387002,-1.1810494863315275,0.0610908332416037,-1.4123888,-0.4411837917256049,-0.7610845811039507,-0.2038669273473426
urn:mavedb:00000394-a-1#2954,c.[3C>T;6T>G;21C>T;36T>C;42C>G;49G>C;72C>T;75C>T;85C>T;86G>C;108G>C;120A>G;123T>C;126C>T;141A>G;165G>A;168G>A;177G>A],NA,p.[Asp17His;Arg29Ser],-1.1746925560826351,-1.2294680632774526,-1.0851022009233215,0.039869333725612,-1.4110355,-0.1878145147196953,-0.3802478975108775,0.0648633694496686
urn:mavedb:00000394-a-1#2955,c.[21C>T;36T>C;42C>G;49G>C;72C>T;75C>T;85C>G;86G>C;102T>C;111G>C;120A>G;123T>C;135C>T;138T>C;141A>G;165G>A;171T>G;174A>G;177G>A],NA,p.[Asp17His;Arg29Ala],-0.7656592615631523,-0.8163305982078686,-0.6720156911532118,0.0628457807364167,-1.4246721,0.7368579108271885,0.6486336783437058,0.8927598232124473
urn:mavedb:00000394-a-1#2956,c.[3C>T;6T>G;18C>T;21C>T;30G>C;36T>C;42C>G;49G>C;72C>T;75C>T;84C>T;85C>G;120A>G;123T>C;132C>T;141A>G;168G>A;174A>G;180G>C],NA,p.[Asp17His;Arg29Gly],-1.1842790409576909,-1.2536611812683127,-1.104181869060446,0.043671663364664,-1.4139261,-0.2093556267368731,-0.4677925113496334,0.0231910917307506
urn:mavedb:00000394-a-1#2957,c.[12C>T;15A>G;21C>T;36T>C;42C>G;49G>C;75C>T;84C>T;85C>A;86G>T;87T>G;102T>C;108G>C;120A>G;123T>C;141A>G;165G>A;171T>G;174A>G;177G>A],NA,p.[Asp17His;Arg29Met],-0.4405055329866614,-0.462422187601694,-0.4095694610631179,0.0505811074853622,-1.4389267,1.2727125054763655,1.2400512006831963,1.3185086209155417
urn:mavedb:00000394-a-1#2958,c.[6T>G;9G>A;12C>T;21C>T;36T>C;42C>G;49G>C;86G>T;87T>G;120A>G;123T>C;138T>C;141A>G;168G>A;171T>G;174A>G;198G>T],NA,p.[Asp17His;Arg29Leu],-0.3516598782479092,-0.4108861381622317,-0.3377438124605715,0.0516540541940185,-1.4365616,1.3999252243989744,1.3130801241278531,1.4201734692506698
urn:mavedb:00000394-a-1#2959,c.[21C>T;36T>C;39C>T;42C>G;49G>C;85C>G;86G>T;99G>C;102T>C;105C>T;111G>C;132C>T;135C>T;138T>C;141A>G;165G>A;171T>G;174A>G;177G>A],NA,p.[Asp17His;Arg29Val],-0.7317304378314928,-0.7877580158409514,-0.6981785903182415,0.0648677232594002,-1.4215326,0.789045626329308,0.6933067748710376,0.8448464922631597
urn:mavedb:00000394-a-1#2960,c.[18C>T;21C>T;27G>A;49G>C;51C>T;72C>T;75C>T;85C>A;86G>T;87T>C;120A>G;123T>C],NA,p.[Asp17His;Arg29Ile],-0.5566213169330385,-0.6115650885220637,-0.5218756942765594,0.0580719067720407,-1.4277496,1.0800897832658476,0.9943620683049664,1.1334267705824868
urn:mavedb:00000394-a-1#2961,c.[3C>T;6T>G;21C>T;36T>C;42C>G;49G>C;85C>T;87T>G;102T>C;120A>G;123T>C;141A>G;165G>A;168G>A;171T>G;174A>G;183A>G],NA,p.[Asp17His;Arg29Trp],-0.6098551262484599,-0.6354333511632498,-0.5848780839641975,0.0431477066972368,-1.470098,1.063200417090693,1.0233562816619726,1.101748696803924
urn:mavedb:00000394-a-1#2962,c.[3C>T;6T>G;12C>T;21C>T;36T>C;42C>G;49G>C;60T>C;85C>T;86G>A;87T>C;102T>C;120A>G;123T>C;126C>T;129G>A;138T>C;141A>G;144C>T;156T>C;165G>A;168G>A;171T>G;174A>G],NA,p.[Asp17His;Arg29Tyr],-0.6255400426566708,-0.6348371390307278,-0.6091951699819388,0.0314571294555672,-1.4506779,1.0084338492142737,0.9937967976889194,1.0340348524002412
urn:mavedb:00000394-a-1#2963,c.[3C>T;6T>G;15A>G;21C>T;36T>C;42C>G;49G>C;72C>T;75C>T;85C>T;86G>T;87T>C;120A>G;123T>C;141A>G;147G>C;153A>G;165G>A;168G>A;171T>G;174A>G;180G>C],NA,p.[Asp17His;Arg29Phe],-0.7183077849065531,-0.7516632738161453,-0.6813398594366086,0.0360361328227444,-1.4582901,0.8720949084336398,0.8171299094188361,0.9319308665003208
urn:mavedb:00000394-a-1#2964,c.[3C>T;6T>G;21C>T;36T>C;42C>G;49G>C;86G>C;87T>A;120A>G;123T>C;141A>G;165G>A;171T>G;174A>G],NA,p.[Asp17His;Arg29Pro],-1.219979568125673,-1.2737990251015572,-1.1718698785129826,0.0392262160126467,-1.4081483,-0.3548127853992595,-0.588382150451596,-0.1880190512134055
urn:mavedb:00000394-a-1#2965,c.[3C>T;6T>G;21C>T;36T>C;42C>G;49G>C;50A>G;51C>T;86G>A;87T>G;120A>G;123T>C;141A>G;165G>A;171T>G;174A>G;180G>C;195G>A;207T>C],NA,p.[Asp17Arg;Arg29Gln],-1.2987492356728234,-1.34452756277338,-1.2615094314891897,0.0281390986521567,-1.4664078,-0.4363967807218989,-0.6536261351755522,-0.2934104498520409
urn:mavedb:00000394-a-1#2966,c.[18C>T;21C>T;30G>C;42C>G;49G>C;50A>G;51C>T;85C>G;86G>A;87T>G;90T>C;108G>C;120A>G;123T>C;135C>T;168G>A;171T>G;174A>G;177G>A;180G>C],NA,p.[Asp17Arg;Arg29Glu],-1.156080102925058,-1.2387634382082495,-1.077641741028816,0.0577349624294745,-1.4547043,-0.006315727596119,-0.2549938300775808,0.188079847117232
urn:mavedb:00000394-a-1#2967,c.[21C>T;36T>C;42C>G;49G>C;50A>G;51C>T;85C>A;86G>A;87T>C;102T>C;120A>G;129G>A;135C>T;138T>C;156T>C;165G>A;171T>G;174A>G;177G>A;180G>C;198G>T],NA,p.[Asp17Arg;Arg29Asn],-1.5118215437320806,-1.5846932296512373,-1.4534327695858875,0.0430560159529927,-1.462534,-15.0,-25.0,-2.235729141839668
urn:mavedb:00000394-a-1#2968,c.[21C>T;36T>C;42C>G;49G>C;50A>G;51C>T;86G>A;87T>C;120A>G;123T>C;138T>C;141A>G;165G>A;171T>G;174A>G],NA,p.[Asp17Arg;Arg29His],-1.079642678686613,-1.1266695082282656,-1.008428622861293,0.0496972688295168,-1.4614301,0.1989104837118951,0.0869834476587873,0.3531906626925482
urn:mavedb:00000394-a-1#2969,c.[6T>G;9G>A;21C>T;36T>C;39C>T;49G>C;50A>G;51C>T;60T>C;72C>T;75C>T;85C>G;86G>A;87T>C;102T>C;120A>G;123T>C;135C>T;165G>A;168G>A;171T>G;174A>G;180G>C],NA,p.[Asp17Arg;Arg29Asp],-1.4430763612005184,-1.4921582588677036,-1.381529174301944,0.0398621765730929,-1.4533191,-2.166430043017566,-25.0,-0.9953135373216552
urn:mavedb:00000394-a-1#2970,c.[6T>G;9G>A;12C>T;21C>T;36T>C;42C>G;49G>C;50A>G;51C>T;72C>T;75C>T;85C>A;86G>A;87T>A;120A>G;123T>C;138T>C;141A>G;156T>C;165G>A;171T>G;177G>A],NA,p.[Asp17Arg;Arg29Lys],-1.053168897528558,-1.1358575471968235,-0.9975346566280984,0.0624256138959077,-1.5085893,0.35815366326917,0.1780574944485597,0.4689246907382551
urn:mavedb:00000394-a-1#2971,c.[15A>G;21C>T;42C>G;49G>C;50A>G;51C>T;60T>C;85C>A;86G>C;87T>C;120A>G;123T>C;138T>C;141A>G;165G>A;171T>G;174A>G;177G>A;198G>T;207T>C],NA,p.[Asp17Arg;Arg29Thr],-1.096798515786677,-1.1558200782001322,-1.0199676087839011,0.0514154539141823,-1.465167,0.1679175274550933,0.0221339126273788,0.3370173846185788
urn:mavedb:00000394-a-1#2972,c.[3C>T;21C>T;42C>G;49G>C;50A>G;51C>T;84C>T;85C>T;86G>C;105C>T;120A>G;123T>C;135C>T;141A>G;177G>A],NA,p.[Asp17Arg;Arg29Ser],-1.2699669937724063,-1.3309765203321784,-1.1832157273916328,0.0461489285645093,-1.4638977,-0.3332021903959039,-0.5955948747712991,-0.055565322330895
urn:mavedb:00000394-a-1#2973,c.[21C>T;36T>C;42C>G;49G>C;50A>G;51C>T;85C>G;86G>C;120A>G;123T>C;138T>C;141A>G;144C>T;165G>A;171T>G;174A>G;177G>A],NA,p.[Asp17Arg;Arg29Ala],-0.906964497023741,-1.012301337912271,-0.8456601514497354,0.0444128987689928,-1.4767013,0.5791208586037384,0.3765294277929176,0.6885091911107152
urn:mavedb:00000394-a-1#2974,c.[12C>T;18C>T;21C>T;36T>C;42C>G;49G>C;50A>G;51C>T;85C>G;120A>G;123T>C;135C>T;138T>C;141A>G;165G>A;171T>G;174A>G;177G>A],NA,p.[Asp17Arg;Arg29Gly],-1.329092189783554,-1.4040411106006567,-1.2500591540977315,0.0525790792745709,-1.46661,-0.5726477532557791,-1.0813694755814132,-0.252919508802003
urn:mavedb:00000394-a-1#2975,c.[3C>T;6T>G;21C>T;24C>T;36T>C;42C>G;49G>C;50A>G;51C>T;72C>T;75C>T;84C>T;85C>A;86G>T;87T>G;99G>C;120A>G;123T>C;141A>G;165G>A;171T>G;177G>A],NA,p.[Asp17Arg;Arg29Met],-0.8737652850427856,-0.9335199933761282,-0.8113150461141264,0.0433651250368326,-1.490099,0.6627204619168141,0.5549216674782935,0.7704354997710094
urn:mavedb:00000394-a-1#2976,c.[21C>T;36T>C;42C>G;49G>C;50A>G;51C>T;86G>T;87T>G;120A>G;123T>C;138T>C;141A>G],NA,p.[Asp17Arg;Arg29Leu],-0.7117291419748538,-0.7385683341385153,-0.6447281086971727,0.0512449697076244,-1.4878745,0.930614173181869,0.8872650002706051,1.036594293551402
urn:mavedb:00000394-a-1#2977,c.[15A>G;21C>T;36T>C;49G>C;50A>G;51C>T;60T>C;85C>G;86G>T;120A>G;123T>C;129G>A;138T>C;141A>G;165G>A;171T>G;174A>G;177G>A],NA,p.[Asp17Arg;Arg29Val],-0.824944582688349,-0.8839639096710353,-0.7530116903427154,0.0648941732863929,-1.4737515,0.7193013080868872,0.6154771568257158,0.8404945352603826
urn:mavedb:00000394-a-1#2978,c.[12C>T;21C>T;49G>C;50A>G;51C>T;78C>T;84C>T;85C>A;86G>T;120A>G;123T>C;132C>T;138T>C;141A>G;165G>A;171T>G;174A>G;177G>A],NA,p.[Asp17Arg;Arg29Ile],-0.5693486220334427,-0.6019531981455106,-0.5298775183484522,0.0641875316486755,-1.4795923,1.1400283130341278,1.0900746260075458,1.1998107106309823
urn:mavedb:00000394-a-1#2979,c.[21C>T;36T>C;42C>G;49G>C;50A>G;51C>T;72C>T;75C>T;78C>T;85C>T;87T>G;120A>G;123T>C;138T>C;141A>G;165G>A;171T>G;174A>G],NA,p.[Asp17Arg;Arg29Trp],-0.4127757194261031,-0.4421415190622134,-0.3689028808302885,0.1049153211032757,-1.5194111,1.4313747310063365,1.3886566113751964,1.4947528129978174
urn:mavedb:00000394-a-1#2980,c.[3C>T;6T>G;21C>T;36T>C;42C>G;49G>C;50A>G;51C>T;54G>A;60T>C;63G>C;69T>C;72C>T;85C>T;86G>A;87T>C;90T>C;102T>C;120A>G;123T>C;141A>G;153A>G;165G>A;171T>G],NA,p.[Asp17Arg;Arg29Tyr],0.2386531347511521,0.0910798946761234,0.3453355164558284,0.1829388200359638,-1.5011501,2.316035953548574,2.1136637503115443,2.461738206235912
urn:mavedb:00000394-a-1#2981,c.[6T>G;9G>A;12C>T;21C>T;36T>C;42C>G;49G>C;50A>G;51C>T;85C>T;86G>T;87T>C;120A>G;123T>C;129G>A;138T>C;141A>G;165G>A;168G>A;174A>G],NA,p.[Asp17Arg;Arg29Phe],-0.6148214142232533,-0.636070464110674,-0.5825356493109163,0.056412190442002,-1.5083084,1.1143930231608352,1.081716590717108,1.1636017386978732
urn:mavedb:00000394-a-1#2982,c.[6T>G;9G>A;12C>T;21C>T;27G>A;36T>C;42C>G;49G>C;50A>G;54G>A;72C>T;75C>T;86G>C;87T>G;99G>C;120A>G;138T>C;141A>G;165G>A;168G>A;174A>G],NA,p.[Asp17Arg;Arg29Pro],-1.33396012886487,-1.3962729308409914,-1.2966749195753702,0.0509488476222295,-1.4611893,-0.6249702348553099,-1.0583999624593543,-0.4496096728205638
urn:mavedb:00000394-a-1#2983,c.[21C>T;36T>C;42C>G;49G>A;51C>A;57T>G;66G>A;69T>C;72C>T;86G>A;87T>G;102T>C;120A>G;123T>C;126C>T;165G>A;168G>A;177G>A],NA,p.[Asp17Lys;Arg29Gln],-1.3738804890148502,-1.405496849724818,-1.3197232365506415,0.0425351244690695,-1.4281969,-1.169034644378338,-1.6964902252774403,-0.7305569888345169
urn:mavedb:00000394-a-1#2984,c.[12C>T;21C>T;36T>C;42C>G;49G>A;51C>A;54G>A;69T>C;72C>T;85C>G;86G>A;87T>A;90T>C;120A>G;123T>C;132C>T;171T>G;174A>G;177G>A],NA,p.[Asp17Lys;Arg29Glu],-1.209559736024751,-1.2557904748232964,-1.1416341056514645,0.0307250028414604,-1.4159393,-0.2881531567629392,-0.4682955841888145,-0.0735906579930648
urn:mavedb:00000394-a-1#2985,c.[15A>G;21C>T;49G>A;51C>A;57T>G;60T>C;85C>A;86G>A;87T>C;108G>C;120A>G;123T>C;135C>T;138T>C;141A>G;165G>A;168G>A;171T>G;174A>G;177G>A],NA,p.[Asp17Lys;Arg29Asn],-1.1389922012511242,-1.278689051208159,-0.940147870927014,0.0868762500266191,-1.4241405,-0.0430919622569033,-0.5345207820315847,0.4159471111785243
urn:mavedb:00000394-a-1#2986,c.[3C>T;6T>G;12C>T;21C>T;36T>C;42C>G;49G>A;51C>A;54G>A;63G>C;69T>C;72C>T;86G>A;87T>C;105C>T;120A>G;123T>C;141A>G;171T>G;177G>A],NA,p.[Asp17Lys;Arg29His],-1.1642213051532448,-1.2877114469816215,-1.0570354833978333,0.0475120887263232,-1.4229841,-0.1188618950114546,-0.5837641111692353,0.1622680487267931
urn:mavedb:00000394-a-1#2987,c.[3C>T;6T>G;21C>T;36T>C;42C>G;49G>A;51C>A;54G>A;57T>G;85C>G;86G>A;87T>C;120A>G;123T>C;126C>T;141A>G;165G>A;171T>G;174A>G;177G>A],NA,p.[Asp17Lys;Arg29Asp],-1.4014159923929488,-1.445903959205083,-1.3525285963586615,0.0499475105010497,-1.4144874,-2.0230883513446014,-25.0,-1.087460594278751
urn:mavedb:00000394-a-1#2988,c.[3C>T;6T>G;12C>T;21C>T;36T>C;42C>G;49G>A;51C>A;57T>G;66G>A;75C>T;85C>A;86G>A;87T>A;102T>C;120A>G;123T>C;129G>A;141A>G;168G>A],NA,p.[Asp17Lys;Arg29Lys],-1.5163192974305142,-1.5510771890598305,-1.4911401651658651,0.0421914974805444,-1.4723186,-15.0,-25.0,-5.0
urn:mavedb:00000394-a-1#2989,c.[3C>T;6T>G;12C>T;21C>T;39C>T;49G>A;51C>A;54G>A;69T>C;72C>T;75C>T;78C>T;85C>A;86G>C;120A>G;123T>C;141A>G;165G>A;171T>G;174A>G;177G>A],NA,p.[Asp17Lys;Arg29Thr],-1.3982307043661086,-1.4646254679127926,-1.35534155776346,0.0486821747252698,-1.426897,-1.5571199289375766,-25.0,-0.9973672046092228
urn:mavedb:00000394-a-1#2990,c.[21C>T;36T>C;42C>G;49G>A;51C>A;54G>A;72C>T;75C>T;85C>T;86G>C;108G>C;111G>C;120A>G;123T>C;126C>T],NA,p.[Asp17Lys;Arg29Ser],-1.3647677644559049,-1.415507777056021,-1.2355195952602798,0.0343343572678588,-1.4255681,-1.0992017916425398,-2.176970463369202,-0.3477052954364036
urn:mavedb:00000394-a-1#2991,c.[3C>T;6T>G;18C>T;21C>T;36T>C;42C>G;49G>A;51C>G;54G>A;63G>C;72C>T;75C>T;85C>G;86G>C;120A>G;123T>C;129G>A;141A>G;180G>C],NA,p.[Asp17Lys;Arg29Ala],-1.2336515518895412,-1.301292947341261,-1.1922610257088229,0.043598957142323,-1.4389677,-0.2919215520698691,-0.5718701981950841,-0.1553694637362148
urn:mavedb:00000394-a-1#2992,c.[3C>T;6T>G;21C>T;36T>C;42C>G;49G>A;51C>G;60T>C;85C>G;120A>G;123T>C;141A>G;165G>A;168G>A;171T>G;174A>G;198G>T;207T>C],NA,p.[Asp17Lys;Arg29Gly],-1.383122723663971,-1.427387151231181,-1.3282318126606518,0.0405547675329767,-1.4284077,-1.28065587372154,-3.51021159474968,-0.7824774904941146
urn:mavedb:00000394-a-1#2993,c.[12C>T;21C>T;36T>C;42C>G;49G>A;51C>A;57T>G;75C>T;78C>T;84C>T;85C>A;86G>T;87T>G;96C>T;120A>G;123T>C;138T>C;141A>G;156T>C;165G>A;168G>A;183A>G],NA,p.[Asp17Lys;Arg29Met],-0.7907916875932381,-0.9144408184953025,-0.7090309154455416,0.0686902964868457,-1.452981,0.7422682858531358,0.5213100647993907,0.8785736942755296
urn:mavedb:00000394-a-1#2994,c.[12C>T;21C>T;42C>G;49G>A;51C>A;54G>A;84C>T;86G>T;87T>G;102T>C;120A>G;123T>C;129G>A;135C>T;162G>C;165G>A;168G>A;171T>G;174A>G;180G>C;192C>T],NA,p.[Asp17Lys;Arg29Leu],-0.691578698749743,-0.7343925539263775,-0.6686574328402797,0.0494559032059284,-1.450655,0.9031406590813612,0.8331156047574593,0.9400261324045156
urn:mavedb:00000394-a-1#2995,c.[3C>T;12C>T;21C>T;36T>C;42C>G;49G>A;51C>A;57T>G;63G>C;69T>C;72C>T;85C>G;86G>T;120A>G;123T>C;141A>G;165G>A;168G>A;177G>A],NA,p.[Asp17Lys;Arg29Val],-0.9328461579407904,-0.9803526437801142,-0.8238568862472085,0.0588973120861763,-1.4358816,0.4534072510996838,0.358406457372193,0.6551471840849326
urn:mavedb:00000394-a-1#2996,c.[3C>T;6T>G;15A>G;21C>T;36T>C;42C>G;49G>A;51C>G;85C>A;86G>T;87T>C;99G>C;120A>G;123T>C;135C>T;141A>G;150C>T;156T>C;165G>A;171T>G;174A>G;177G>A;198G>T],NA,p.[Asp17Lys;Arg29Ile],-0.4445026330094067,-0.4924706704293223,-0.4043735989117902,0.0617662977190381,-1.4419923,1.27132343771517,1.1995688734778804,1.3306760791670036
urn:mavedb:00000394-a-1#2997,c.[9G>A;15A>G;21C>T;30G>C;42C>G;49G>A;51C>A;57T>G;60T>C;69T>C;72C>T;85C>T;87T>G;111G>C;120A>G;123T>C;126C>T;135C>T;141A>G;165G>A;168G>A],NA,p.[Asp17Lys;Arg29Trp],-0.7874030991923615,-0.8293701958873301,-0.7488997765853421,0.0469984424347952,-1.4836421,0.7997873885402058,0.7286926803705066,0.8635046991643507
urn:mavedb:00000394-a-1#2998,c.[21C>T;36T>C;42C>G;49G>A;51C>A;54G>A;69T>C;72C>T;85C>T;86G>A;87T>C;120A>G;123T>C;165G>A;168G>A;171T>G;177G>A],NA,p.[Asp17Lys;Arg29Tyr],-0.9290046532378532,-0.9730855237866818,-0.8974087819494171,0.0465690983078529,-1.4645386,0.5156449973791191,0.4306989779529779,0.5743557348914013
urn:mavedb:00000394-a-1#2999,c.[9G>A;21C>T;36T>C;42C>G;48C>T;49G>A;51C>A;57T>G;72C>T;75C>T;85C>T;86G>T;87T>C;120A>G;123T>C;138T>C;141A>G;177G>A;180G>C],NA,p.[Asp17Lys;Arg29Phe],-0.581337138562614,-0.726688782753067,-0.5374722040956976,0.0765443325301887,-1.4720259,1.110142138170674,0.8808185024881013,1.1769417680095835
urn:mavedb:00000394-a-1#3000,c.[3C>T;6T>G;12C>T;21C>T;36T>C;49G>A;51C>G;72C>T;75C>T;86G>C;87T>G;108G>C;120A>G;165G>A;168G>A;171T>G;174A>G],NA,p.[Asp17Lys;Arg29Pro],-1.2093341151624994,-1.2810665163938264,-1.152514797284955,0.0450721825529703,-1.4227319,-0.2636949186599219,-0.5524857048857025,-0.0853161840668824
urn:mavedb:00000394-a-1#3001,c.[3C>T;6T>G;18C>T;21C>T;36T>C;42C>G;49G>A;50A>C;51C>T;54G>A;86G>A;87T>G;120A>G;123T>C;138T>C;141A>G;165G>A;168G>A;174A>G],NA,p.[Asp17Thr;Arg29Gln],-1.3237438982241403,-1.359148777190203,-1.2746213778179232,0.0339638384961704,-1.42664,-0.7650499576193281,-1.034069673917979,-0.5042716328221327
urn:mavedb:00000394-a-1#3002,c.[12C>T;21C>T;36T>C;42C>G;49G>A;50A>C;51C>T;85C>G;86G>A;87T>A;93C>T;111G>C;120A>G;123T>C;141A>G;156T>C;165G>A;168G>A;177G>A;180G>C],NA,p.[Asp17Thr;Arg29Glu],-1.285893795986194,-1.3279928883272716,-1.219949501265448,0.0384518900760885,-1.4143591,-0.6184864536537797,-0.8780606370624993,-0.3314161477939129
urn:mavedb:00000394-a-1#3003,c.[3C>T;21C>T;27G>A;30G>C;39C>T;42C>G;49G>A;50A>C;51C>T;72C>T;75C>T;85C>A;86G>A;87T>C;120A>G;123T>C;141A>G;168G>A;171T>G;174A>G;177G>A],NA,p.[Asp17Thr;Arg29Asn],-1.3675337722656074,-1.4326251985958534,-1.3174454624304703,0.0436652381797546,-1.4225764,-1.1608351138400803,-25.0,-0.751034497187607
urn:mavedb:00000394-a-1#3004,c.[15A>G;21C>T;36T>C;49G>A;50A>C;51C>T;54G>A;57T>G;60T>C;63G>C;72C>T;75C>T;86G>A;90T>C;99G>C;102T>C;108G>C;120A>G;123T>C;129G>A;138T>C;141A>G;165G>A;171T>G;174A>G;177G>A],NA,p.[Asp17Thr;Arg29His],0.2367497302792701,0.1441675717355045,0.3330544868628598,0.1300823801479294,-1.4214187,2.204770391176337,2.077412576367933,2.3367610329421846
urn:mavedb:00000394-a-1#3005,c.[21C>T;36T>C;42C>G;49G>A;50A>C;51C>T;63G>C;72C>T;75C>T;85C>G;86G>A;87T>C;114C>T;120A>G;123T>C;165G>A;168G>A;177G>A],NA,p.[Asp17Thr;Arg29Asp],-1.4994889919985075,-1.5601488452270025,-1.4400811192338503,0.0333888552153224,-1.4129043,-15.0,-25.0,-5.0
urn:mavedb:00000394-a-1#3006,c.[9G>A;15A>G;21C>T;36T>C;39C>T;49G>A;50A>C;51C>T;57T>G;60T>C;85C>A;86G>A;87T>G;102T>C;120A>G;129G>A;141A>G;144C>T;162G>C;165G>A;168G>A;174A>G],NA,p.[Asp17Thr;Arg29Lys],-1.2757881484128435,-1.3146845103024691,-1.2350917518651836,0.0259979935767355,-1.4708424,-0.3290468865949298,-0.4857716676725196,-0.1897169566994462
urn:mavedb:00000394-a-1#3007,c.[9G>A;12C>T;21C>T;42C>G;49G>A;50A>C;51C>T;54G>A;57T>G;60T>C;85C>A;86G>C;87T>C;120A>G;123T>C;132C>T;141A>G;165G>A;171T>G;174A>G;177G>A],NA,p.[Asp17Thr;Arg29Thr],-1.3290776388390872,-1.431854964851431,-1.2214666063149766,0.0493785494915102,-1.4253387,-0.8083111350429618,-25.0,-0.2970519422762325
urn:mavedb:00000394-a-1#3008,c.[21C>T;36T>C;39C>T;42C>G;49G>A;50A>C;51C>T;85C>T;86G>C;99G>C;120A>G;123T>C;132C>T;138T>C;141A>G;177G>A],NA,p.[Asp17Thr;Arg29Ser],-1.3373799616960254,-1.397402576544892,-1.2854298348952182,0.0577844671431385,-1.4240069,-0.8761343094133816,-1.6018073007759193,-0.5674435005570582
urn:mavedb:00000394-a-1#3009,c.[3C>T;21C>T;36T>C;39C>T;42C>G;49G>A;50A>C;51C>T;72C>T;75C>T;85C>G;86G>C;120A>G;123T>C;126C>T;129G>A;135C>T;141A>G;165G>A;171T>G;174A>G;177G>A],NA,p.[Asp17Thr;Arg29Ala],-1.0990487644315547,-1.137139466818421,-1.044186252735047,0.0521915478215093,-1.4374313,0.0959619133252646,-0.0018395456602421,0.2248472820905649
urn:mavedb:00000394-a-1#3010,c.[12C>T;18C>T;21C>T;24C>T;27G>A;39C>T;49G>A;50A>C;51C>T;57T>G;60T>C;69T>C;72C>T;84C>T;85C>G;87T>C;102T>C;120A>G;123T>C;132C>T;138T>C;141A>G;165G>A;168G>A;171T>G;174A>G;177G>A;183A>G;195G>A;207T>C],NA,p.[Asp17Thr;Arg29Gly],-1.3606882567515632,-1.449759278315624,-1.2798160959607787,0.0515080612097867,-1.4268513,-1.0465073806327854,-25.0,-0.5271230156555009
urn:mavedb:00000394-a-1#3011,c.[3C>T;6T>G;21C>T;36T>C;42C>G;49G>A;50A>C;51C>T;54G>A;84C>T;85C>A;86G>T;87T>G;120A>G;123T>C;132C>T;141A>G;165G>A;168G>A;174A>G],NA,p.[Asp17Thr;Arg29Met],-0.8525578113862241,-0.880411912558812,-0.8267391342486617,0.0353282229648337,-1.4514709,0.6318423630696895,0.581550446798926,0.6774980280823096
urn:mavedb:00000394-a-1#3012,c.[3C>T;6T>G;12C>T;21C>T;36T>C;42C>G;49G>A;50A>C;51C>T;86G>T;87T>C;120A>G;123T>C;141A>G;171T>G;174A>G],NA,p.[Asp17Thr;Arg29Leu],-0.5822428392823609,-0.5948148593058289,-0.5663566418882324,0.0379616080818439,-1.4491405,1.0735272677052874,1.0540390690065375,1.0980273586049694
urn:mavedb:00000394-a-1#3013,c.[9G>A;12C>T;21C>T;36T>C;42C>G;49G>A;50A>C;51C>T;78C>T;85C>G;86G>T;87T>G;105C>T;111G>C;120A>G;165G>A;168G>A;171T>G;174A>G],NA,p.[Asp17Thr;Arg29Val],-0.9139805457982296,-1.00531231985916,-0.8771506469941676,0.0403408727142325,-1.4343395,0.4868429919608819,0.3029816244057926,0.5560784233211656
urn:mavedb:00000394-a-1#3014,c.[21C>T;36T>C;42C>G;49G>A;50A>C;51C>T;85C>A;86G>T;87T>C;120A>G;123T>C;132C>T;141A>G;153A>G;165G>A;171T>G;174A>G;177G>A],NA,p.[Asp17Thr;Arg29Ile],-0.8612311183544339,-0.9115205291071296,-0.7892529012983837,0.0487404752010945,-1.4404616,0.5964290506164579,0.5031894055807175,0.7234576047186095
urn:mavedb:00000394-a-1#3015,c.[21C>T;30G>C;39C>T;42C>G;49G>A;50A>C;51C>T;72C>T;75C>T;78C>T;85C>T;87T>G;120A>G;123T>C;165G>A;171T>G;174A>G;177G>A],NA,p.[Asp17Thr;Arg29Trp],-0.6899634886845418,-0.7124225131575467,-0.6722006646286506,0.044715177809578,-1.4821863,0.956327715538585,0.9203617957390302,0.9845204568553956
urn:mavedb:00000394-a-1#3016,c.[6T>G;9G>A;12C>T;21C>T;49G>A;50A>C;51C>T;54G>A;69T>C;72C>T;84C>T;85C>T;86G>A;87T>C;90T>C;120A>G;123T>C;138T>C;141A>G;165G>A;171T>G;174A>G;177G>A],NA,p.[Asp17Thr;Arg29Tyr],-0.8744323783347787,-0.9500041453781212,-0.8397053856133684,0.0669210256940363,-1.4630489,0.6133760948479172,0.4727844143430471,0.675057975684958
urn:mavedb:00000394-a-1#3017,c.[6T>G;9G>A;12C>T;21C>T;36T>C;42C>G;49G>A;50A>C;51C>T;72C>T;75C>T;85C>T;86G>T;87T>C;120A>G;123T>C;141A>G;165G>A;168G>A;174A>G],NA,p.[Asp17Thr;Arg29Phe],-0.8203974262550418,-0.8504834458425962,-0.7582374653345382,0.044222581805249,-1.4705491,0.7216189499655794,0.6692994841826952,0.8265587898383671
urn:mavedb:00000394-a-1#3018,c.[3C>T;6T>G;15A>G;18C>T;21C>T;36T>C;42C>G;49G>A;50A>C;51C>T;72C>T;75C>T;86G>C;87T>G;102T>C;120A>G;123T>C;126C>T;132C>T;141A>G;165G>A;171T>G;174A>G;177G>A;180G>C;207T>C],NA,p.[Asp17Thr;Arg29Pro],-1.2781914037963948,-1.361085279202792,-1.2150790884424565,0.0489630058708901,-1.421166,-0.5462276755675423,-1.1065984376330886,-0.2891884548698508
urn:mavedb:00000394-a-1#3019,c.[9G>A;15A>G;36T>C;49G>T;50A>C;51C>T;86G>A;87T>G;120A>G;123T>C;132C>T;147G>C;165G>A;168G>A;171T>G;174A>G],NA,p.[Asp17Ser;Arg29Gln],-1.2975802166012411,-1.3549858835665087,-1.224485858134009,0.0354474454132313,-1.4262042,-0.6176618281498975,-1.0003374837461885,-0.30476224244265
urn:mavedb:00000394-a-1#3020,c.[9G>A;12C>T;21C>T;36T>C;42C>G;49G>T;50A>C;51C>T;84C>T;85C>G;86G>A;87T>A;120A>G;138T>C;141A>G;153A>G;177G>A],NA,p.[Asp17Ser;Arg29Glu],-1.1297423899067571,-1.1920174266758543,-1.0805306472633749,0.0430601270524106,-1.4139161,-0.0457962024092093,-0.2348852104165673,0.0835765333151958
urn:mavedb:00000394-a-1#3021,c.[15A>G;21C>T;36T>C;42C>G;49G>T;50A>C;51C>T;85C>A;86G>A;87T>C;99G>C;102T>C;108G>C;120A>G;123T>C;129G>A;141A>G;165G>A;171T>G;174A>G;177G>A],NA,p.[Asp17Ser;Arg29Asn],-1.3387911077365002,-1.4501991738356832,-1.2931321253817298,0.0658346425289152,-1.4221382,-0.9007824082027432,-25.0,-0.6156727431154168
urn:mavedb:00000394-a-1#3022,c.[21C>T;36T>C;42C>G;49G>T;50A>C;51C>T;78C>T;86G>A;105C>T;111G>C;120A>G;138T>C;141A>G;165G>A;168G>A;171T>G;174A>G;195G>A;207T>C],NA,p.[Asp17Ser;Arg29His],-1.06482565738437,-1.1360114367816392,-1.0250981734964166,0.0633240044212464,-1.420979,0.1390920858062852,-0.0435925774678589,0.230752236719875
urn:mavedb:00000394-a-1#3023,c.[18C>T;21C>T;49G>T;50A>C;51C>T;72C>T;75C>T;78C>T;85C>G;86G>A;87T>C;120A>G;123T>C;138T>C;141A>G;156T>C;165G>A;168G>A;177G>A],NA,p.[Asp17Ser;Arg29Asp],-1.329331805905166,-1.4078461041640178,-1.2627685404856717,0.0501811902345744,-1.4124608,-0.902450542887663,-2.632640682868184,-0.5148565536798467
urn:mavedb:00000394-a-1#3024,c.[12C>T;21C>T;36T>C;42C>G;49G>T;50A>C;51C>T;72C>T;75C>T;85C>A;86G>A;87T>A;120A>G;123T>C;138T>C;141A>G;156T>C;165G>A;168G>A;177G>A],NA,p.[Asp17Ser;Arg29Lys],-1.2012161599347513,-1.2846955167364706,-1.1411347786022268,0.0455608259762921,-1.4704285,-0.0882304793531159,-0.364127712869995,0.0733177881220137
urn:mavedb:00000394-a-1#3025,c.[3C>T;6T>G;15A>G;21C>T;39C>T;42C>G;49G>T;50A>C;51C>T;69T>C;72C>T;85C>A;86G>C;87T>C;105C>T;111G>C;120A>G;123T>C;180G>C],NA,p.[Asp17Ser;Arg29Thr],-1.2661734141622958,-1.3195256695758024,-1.2165138885353894,0.0522258156544595,-1.4249015,-0.4744729582727571,-0.7495153077318539,-0.2810917202317263
urn:mavedb:00000394-a-1#3026,c.[21C>T;36T>C;42C>G;49G>T;50A>C;51C>T;63G>C;69T>C;72C>T;85C>T;86G>C;114C>T;120A>G;123T>C;138T>C;141A>G;144C>T;165G>A;168G>A;177G>A;180G>C],NA,p.[Asp17Ser;Arg29Ser],-1.164281199053447,-1.2192001151377498,-1.08429867662949,0.0540455750459964,-1.4235687,-0.1173020123168241,-0.2952831978456143,0.0981550609327813
urn:mavedb:00000394-a-1#3027,c.[3C>T;21C>T;24C>T;36T>C;42C>G;49G>T;50A>C;51C>T;54G>A;72C>T;75C>T;84C>T;85C>G;86G>C;105C>T;111G>C;123T>C;141A>G;144C>T;165G>A;168G>A],NA,p.[Asp17Ser;Arg29Ala],-1.032648744807503,-1.0827288387576872,-0.97150294806376,0.05602703739433,-1.4370008,0.2495426146076799,0.1345880634623573,0.3787780497993321
urn:mavedb:00000394-a-1#3028,c.[3C>T;6T>G;15A>G;21C>T;36T>C;42C>G;49G>T;50A>C;51C>T;54G>A;85C>G;120A>G;123T>C;138T>C;141A>G;165G>A;168G>A;174A>G],NA,p.[Asp17Ser;Arg29Gly],-1.403989292988865,-1.459496484473257,-1.321688898424565,0.0640404609358534,-1.4264154,-1.703716477061409,-25.0,-0.753551829980484
urn:mavedb:00000394-a-1#3029,c.[15A>G;18C>T;21C>T;39C>T;42C>G;49G>T;50A>C;51C>T;84C>T;85C>A;86G>T;87T>G;96C>T;99G>C;108G>C;120A>G;123T>C;138T>C;141A>G;165G>A;171T>G;174A>G;177G>A],NA,p.[Asp17Ser;Arg29Met],-0.4382313199583051,-0.5584965573705952,-0.3955782876016436,0.0940817940344723,-1.4510474,1.2940461092766506,1.1130211057040396,1.3568833549124206
urn:mavedb:00000394-a-1#3030,c.[3C>T;21C>T;36T>C;39C>T;42C>G;49G>T;50A>C;51C>T;54G>A;75C>T;86G>T;87T>G;105C>T;120A>G;123T>C;141A>G;165G>A;168G>A;171T>G;174A>G;177G>A;180G>C],NA,p.[Asp17Ser;Arg29Leu],-0.6323867919952528,-0.669199555610262,-0.5844750422957965,0.0680170581150493,-1.4487157,0.9945686383498592,0.936053665474132,1.069416500074765
urn:mavedb:00000394-a-1#3031,c.[3C>T;6T>G;12C>T;21C>T;36T>C;42C>G;49G>T;50A>C;51C>T;72C>T;75C>T;85C>G;86G>T;120A>G;171T>G;177G>A],NA,p.[Asp17Ser;Arg29Val],-0.9898726161061416,-1.049003550733756,-0.9556069146801364,0.0381949400120101,-1.4339075,0.3346028466332992,0.2060202747543445,0.4045894442377188
urn:mavedb:00000394-a-1#3032,c.[21C>T;36T>C;42C>G;49G>T;50A>C;51C>T;78C>T;85C>A;86G>T;87T>C;120A>G;123T>C;129G>A;138T>C;141A>G;165G>A;168G>A;177G>A],NA,p.[Asp17Ser;Arg29Ile],-0.5037185494414013,-0.5561166413681626,-0.4722686262118899,0.0709557207986824,-1.4400325,1.179644194777978,1.0997785562188591,1.2269706385935073
urn:mavedb:00000394-a-1#3033,c.[3C>T;6T>G;18C>T;21C>T;36T>C;42C>G;49G>T;50A>C;51C>T;72C>T;75C>T;85C>T;87T>G;120A>G;123T>C;129G>A;141A>G;168G>A],NA,p.[Asp17Ser;Arg29Trp],-0.7241484184605492,-0.7783592596344994,-0.6954815527408278,0.0476786432703543,-1.4817781,0.900773501624448,0.8117736611270299,0.946873266290412
urn:mavedb:00000394-a-1#3034,c.[3C>T;21C>T;36T>C;42C>G;49G>T;50A>C;51C>T;85C>T;86G>A;87T>C;108G>C;120A>G;126C>T;135C>T;141A>G;165G>A;171T>G;174A>G;177G>A],NA,p.[Asp17Ser;Arg29Tyr],-0.8395715413835384,-0.8845744459202248,-0.8100099000331622,0.0540792527201072,-1.4626312,0.6745604858375466,0.5942864959358307,0.7258713031424547
urn:mavedb:00000394-a-1#3035,c.[18C>T;39C>T;42C>G;49G>T;50A>C;51C>T;69T>C;85C>T;86G>T;87T>C;99G>C;111G>C;120A>G;132C>T;141A>G;171T>G;177G>A],NA,p.[Asp17Ser;Arg29Phe],-0.7049501701594485,-0.755217482157759,-0.5883191448904692,0.0469430127538871,-1.4701352,0.9129933396830864,0.8308757869009853,1.0965152253792192
urn:mavedb:00000394-a-1#3036,c.[12C>T;21C>T;36T>C;42C>G;49G>T;50A>C;51C>T;86G>C;87T>G;120A>G;123T>C;141A>G;144C>T;177G>A],NA,p.[Asp17Ser;Arg29Pro],-1.258702235309885,-1.3428922352864692,-1.2087715466354922,0.0375597372655253,-1.4207268,-0.4602127246333882,-0.94426627267306,-0.2686703370454693
urn:mavedb:00000394-a-1#3037,c.[12C>T;21C>T;36T>C;39C>T;42C>G;50A>C;51C>G;54G>A;86G>A;87T>G;120A>G;123T>C;126C>T;138T>C;141A>G;168G>A;171T>G;174A>G;195G>A],NA,p.[Asp17Ala;Arg29Gln],-1.202528250802818,-1.2593237711396452,-1.1196702322618126,0.0390949730079214,-1.4276514,-0.2241835061357894,-0.4336025560129075,0.0185595788894505
urn:mavedb:00000394-a-1#3038,c.[12C>T;15A>G;18C>T;21C>T;36T>C;42C>G;50A>C;51C>G;54G>A;63G>C;69T>C;72C>T;84C>T;85C>G;86G>A;87T>A;102T>C;108G>C;111G>C;135C>T;138T>C;141A>G;153A>G;180G>C],NA,p.[Asp17Ala;Arg29Glu],-0.5112241647866267,-0.6727441932387285,-0.3930752147020108,0.1170256865805739,-1.4153848,1.130827191050317,0.8764707097371371,1.308145036606922
urn:mavedb:00000394-a-1#3039,c.[9G>A;21C>T;39C>T;48C>T;50A>C;51C>G;63G>C;85C>A;86G>A;87T>C;99G>C;111G>C;120A>G;123T>C;129G>A;141A>G;165G>A;168G>A;171T>G;174A>G;177G>A],NA,p.[Asp17Ala;Arg29Asn],-1.1701976433093368,-1.2926260969843308,-1.098384160124617,0.0686086095702149,-1.4235926,-0.1349564181912546,-0.6055507389531175,0.0630235590813302
urn:mavedb:00000394-a-1#3040,c.[21C>T;36T>C;42C>G;48C>T;50A>C;51C>G;86G>A;87T>C;120A>G;123T>C;165G>A;168G>A;177G>A;180G>C],NA,p.[Asp17Ala;Arg29His],-1.1935687745167285,-1.2557411434129917,-1.1476909275274547,0.0313154988053477,-1.4224358,-0.2118980662909698,-0.4404162001649653,-0.0723392440155559
urn:mavedb:00000394-a-1#3041,c.[3C>T;6T>G;12C>T;21C>T;36T>C;42C>G;50A>C;51C>G;54G>A;72C>T;75C>T;85C>G;86G>A;87T>C;120A>G;123T>C;132C>T;141A>G;144C>T;177G>A],NA,p.[Asp17Ala;Arg29Asp],-1.4702341929234692,-1.5074505571007053,-1.4253669767644297,0.0512804188341471,-1.4139328,-15.0,-25.0,-5.0
urn:mavedb:00000394-a-1#3042,c.[3C>T;6T>G;21C>T;36T>C;42C>G;50A>C;51C>T;57T>G;66G>A;69T>C;72C>T;85C>A;86G>A;87T>A;120A>G;123T>C;138T>C;141A>G;156T>C;165G>A;171T>G;174A>G;177G>A;180G>C;198G>T],NA,p.[Asp17Ala;Arg29Lys],-1.2795945168232816,-1.3976266247666542,-1.1808881472640091,0.0704517551646462,-1.4718018,-0.33961753572691,-0.9747214551917462,-0.0272220225146177
urn:mavedb:00000394-a-1#3043,c.[6T>G;9G>A;21C>T;30G>C;42C>G;50A>C;51C>T;60T>C;72C>T;75C>T;78C>T;85C>A;86G>C;87T>C;120A>G;123T>C;171T>G;174A>G;177G>A],NA,p.[Asp17Ala;Arg29Thr],-1.2122268205424582,-1.29184791976834,-1.163166316491423,0.067556552978196,-1.4263511,-0.2611997107717903,-0.5876140170000961,-0.1057869808739248
urn:mavedb:00000394-a-1#3044,c.[21C>T;36T>C;42C>G;50A>C;51C>T;54G>A;57T>G;60T>C;85C>T;86G>C;87T>C;102T>C;120A>G;123T>C;132C>T;135C>T;153A>G],NA,p.[Asp17Ala;Arg29Ser],-1.2991523854115892,-1.363192820962384,-1.2281045412234834,0.0533790429001593,-1.4250207,-0.6321530778214737,-1.0887789606035143,-0.3221889401444021
urn:mavedb:00000394-a-1#3045,c.[3C>T;6T>G;21C>T;36T>C;42C>G;50A>C;51C>G;54G>A;69T>C;72C>T;85C>G;86G>C;120A>G;129G>A;138T>C;141A>G;165G>A;168G>A;171T>G;177G>A],NA,p.[Asp17Ala;Arg29Ala],-1.0644497856391788,-1.1249672157579826,-1.0114367214356246,0.0510786658119825,-1.4384289,0.1809700485501107,0.0328805388146048,0.2986428900398037
urn:mavedb:00000394-a-1#3046,c.[3C>T;6T>G;12C>T;21C>T;30G>C;42C>G;48C>T;50A>C;51C>T;57T>G;85C>G;108G>C;120A>G;123T>C;126C>T;135C>T;141A>G;168G>A;171T>G;174A>G;177G>A;180G>C;195G>A],NA,p.[Asp17Ala;Arg29Gly],-0.7621836133854605,-0.830321577824134,-0.614752907001482,0.1020353532038534,-1.4278622,0.7482383976163938,0.6294047517775713,0.9895086245862528
urn:mavedb:00000394-a-1#3047,c.[3C>T;6T>G;21C>T;36T>C;42C>G;50A>C;51C>T;66G>A;69T>C;72C>T;84C>T;85C>A;86G>T;87T>G;99G>C;108G>C;120A>G;123T>C;126C>T;135C>T;141A>G;144C>T;165G>A;168G>A;177G>A],NA,p.[Asp17Ala;Arg29Met],-0.8481318721218587,-0.9008534839897384,-0.7846397687645684,0.0720892233511236,-1.4524517,0.6414759130417382,0.5457099536002402,0.7518536820230665
urn:mavedb:00000394-a-1#3048,c.[3C>T;6T>G;12C>T;21C>T;36T>C;42C>G;50A>C;51C>T;72C>T;75C>T;86G>T;87T>G;120A>G;123T>C;129G>A;141A>G;165G>A;168G>A;171T>G;177G>A],NA,p.[Asp17Ala;Arg29Leu],-0.7731301853279942,-0.8209081483572771,-0.7477036426647787,0.0361495500474369,-1.4501243,0.7674360084115704,0.6853412448872598,0.8101334418547804
urn:mavedb:00000394-a-1#3049,c.[21C>T;42C>G;48C>T;50A>C;51C>G;54G>A;66G>A;72C>T;75C>T;85C>G;86G>T;120A>G;123T>C;138T>C;141A>G;177G>A],NA,p.[Asp17Ala;Arg29Val],-0.919554720603494,-1.0147686665368445,-0.8920733136788564,0.0582675508260452,-1.4353414,0.4780750636392315,0.2848826308567422,0.5301875950075876
urn:mavedb:00000394-a-1#3050,c.[3C>T;9G>A;15A>G;21C>T;36T>C;42C>G;48C>T;50A>C;51C>T;60T>C;72C>T;75C>T;85C>A;86G>T;87T>C;108G>C;120A>G;123T>C;129G>A;135C>T;138T>C;141A>G;150C>T;156T>C;165G>A;168G>A;171T>G;177G>A;195G>A;207T>C],NA,p.[Asp17Ala;Arg29Ile],-0.6531060869533605,-0.7016506344390857,-0.6046144838301356,0.0742411518778134,-1.4414558,0.9501878991544508,0.8718194083861964,1.0267912996602764
urn:mavedb:00000394-a-1#3051,c.[3C>T;6T>G;18C>T;21C>T;36T>C;42C>G;50A>C;51C>T;78C>T;85C>T;87T>G;99G>C;102T>C;120A>G;123T>C;135C>T;141A>G;165G>A;171T>G;174A>G;177G>A],NA,p.[Asp17Ala;Arg29Trp],-0.7422737435072984,-0.8118765342452767,-0.6417023267701206,0.0595332559955975,-1.4831319,0.8735056344721207,0.7576863345077623,1.033919359582193
urn:mavedb:00000394-a-1#3052,c.[21C>T;36T>C;42C>G;50A>C;51C>G;54G>A;85C>T;86G>A;87T>C;108G>C;120A>G;123T>C;126C>T;135C>T;138T>C;141A>G;150C>T;162G>C;165G>A;168G>A;177G>A;183A>G],NA,p.[Asp17Ala;Arg29Tyr],-0.8797590774977972,-0.9730482249130504,-0.8111111347172739,0.0486710402820043,-1.464016,0.6055141448262287,0.4297420883330394,0.7263576291533653
urn:mavedb:00000394-a-1#3053,c.[3C>T;9G>A;21C>T;30G>C;42C>G;50A>C;51C>T;54G>A;57T>G;60T>C;63G>C;66G>A;69T>C;72C>T;85C>T;86G>T;87T>C;102T>C;120A>G;123T>C;141A>G;165G>A;168G>A;180G>C],NA,p.[Asp17Ala;Arg29Phe],-0.7440339749139815,-0.7891872720377286,-0.5976236668156261,0.0750618885117236,-1.4715085,0.851588228533092,0.7764200030940451,1.0842954748367115
urn:mavedb:00000394-a-1#3054,c.[21C>T;36T>C;42C>G;50A>C;51C>G;54G>A;63G>C;86G>C;87T>G;120A>G;123T>C;165G>A;171T>G;174A>G],NA,p.[Asp17Ala;Arg29Pro],-1.171590453951586,-1.2553387906170363,-1.1050506896521457,0.0566881827450641,-1.4221835,-0.1434567797520561,-0.4397876499237554,0.0423856706140382
urn:mavedb:00000394-a-1#3055,c.[3C>T;6T>G;9G>A;12C>T;21C>T;36T>C;42C>G;48C>T;50A>G;51C>T;57T>G;63G>C;69T>C;72C>T;86G>A;87T>A;111G>C;141A>G],NA,p.[Asp17Gly;Arg29Gln],-1.2917349108681258,-1.4192067350210285,-1.1985142687236972,0.0628118193935817,-1.4216766,-0.6108254285933644,-2.9966245262148057,-0.2306778195893641
urn:mavedb:00000394-a-1#3056,c.[3C>T;6T>G;21C>T;36T>C;42C>G;50A>G;54G>A;63G>C;78C>T;85C>G;86G>A;87T>G;93C>T;120A>G;138T>C;141A>G;156T>C;168G>A;174A>G;180G>C],NA,p.[Asp17Gly;Arg29Glu],-1.1904807160836977,-1.2430471279867714,-1.112538104499914,0.0741134146808478,-1.4093189,-0.2451557286886214,-0.4421868197803693,-0.0112641195624094
urn:mavedb:00000394-a-1#3057,c.[3C>T;6T>G;9G>A;21C>T;36T>C;42C>G;48C>T;50A>G;51C>T;54G>A;63G>C;69T>C;72C>T;85C>A;86G>A;87T>C;120A>G;141A>G;165G>A;168G>A;174A>G],NA,p.[Asp17Gly;Arg29Asn],-1.328773526518828,-1.37893536435676,-1.2641544682164876,0.0573412321232742,-1.4175882,-0.8601568102896467,-1.3770010747444008,-0.4978949221090849
urn:mavedb:00000394-a-1#3058,c.[3C>T;6T>G;12C>T;21C>T;36T>C;42C>G;48C>T;50A>G;51C>T;72C>T;75C>T;86G>A;87T>C;90T>C;102T>C;120A>G;135C>T;141A>G;165G>A;171T>G;180G>C],NA,p.[Asp17Gly;Arg29His],-1.2172184372119037,-1.246104724670946,-1.1706495332059668,0.0455702950400155,-1.4164224,-0.313843099543706,-0.4253676424396341,-0.1582451311899881
urn:mavedb:00000394-a-1#3059,c.[21C>T;36T>C;42C>G;48C>T;50A>G;51C>T;85C>G;86G>A;87T>C;120A>G;123T>C;165G>A;171T>G;174A>G],NA,p.[Asp17Gly;Arg29Asp],-1.4384507919339966,-1.496862555435602,-1.382002715346075,0.0463301320662311,-1.4078555,-15.0,-25.0,-1.618931683265433
urn:mavedb:00000394-a-1#3060,c.[3C>T;6T>G;18C>T;21C>T;36T>C;42C>G;48C>T;50A>G;51C>T;84C>T;85C>A;86G>A;87T>A;102T>C;120A>G;123T>C;132C>T;141A>G;165G>A;168G>A;171T>G;174A>G;177G>A],NA,p.[Asp17Gly;Arg29Lys],-1.4564112675041438,-1.5200835007665452,-1.3914217687906998,0.046732185387953,-1.4661355,-2.1969094874692803,-25.0,-0.9701545774717776
urn:mavedb:00000394-a-1#3061,c.[21C>T;42C>G;48C>T;50A>G;63G>C;66G>A;72C>T;75C>T;85C>A;86G>C;87T>C;123T>C;126C>T;135C>T;141A>G;165G>A;171T>G;174A>G;177G>A],NA,p.[Asp17Gly;Arg29Thr],-1.3408267107654273,-1.3885812481328006,-1.2622904372705746,0.0542394558614437,-1.4203663,-0.9305248097746665,-1.495112630749705,-0.4773221681535836
urn:mavedb:00000394-a-1#3062,c.[6T>G;9G>A;12C>T;21C>T;36T>C;42C>G;48C>T;50A>G;51C>T;69T>C;72C>T;85C>T;86G>C;120A>G;123T>C;132C>T;138T>C;141A>G;165G>A;168G>A;174A>G],NA,p.[Asp17Gly;Arg29Ser],-1.2456039813179831,-1.3023523534808936,-1.1929888506579174,0.0493644047206654,-1.4190269,-0.4126782312719974,-0.6825699748289015,-0.2211650325246786
urn:mavedb:00000394-a-1#3063,c.[3C>T;6T>G;21C>T;36T>C;42C>G;48C>T;50A>G;51C>T;72C>T;75C>T;85C>G;86G>C;102T>C;111G>C;120A>G;123T>C;141A>G;165G>A;171T>G;174A>G;177G>A;198G>T],NA,p.[Asp17Gly;Arg29Ala],-1.088265268981806,-1.136895625211419,-1.056548929019501,0.0569441391990589,-1.4325323,0.1104039769684493,-0.0143622883939603,0.1856016151752485
urn:mavedb:00000394-a-1#3064,c.[18C>T;21C>T;27G>A;30G>C;39C>T;42C>G;48C>T;50A>G;51C>T;54G>A;69T>C;72C>T;85C>G;120A>G;123T>C;171T>G],NA,p.[Asp17Gly;Arg29Gly],-1.2677656098261996,-1.3206262453798066,-1.235005668015902,0.048138934961295,-1.4218893,-0.4948056085370613,-0.7754613896543024,-0.3597109371726847
urn:mavedb:00000394-a-1#3065,c.[21C>T;36T>C;42C>G;50A>G;54G>A;78C>T;84C>T;85C>A;86G>T;87T>G;102T>C;111G>C;120A>G;123T>C;132C>T;138T>C;162G>C;165G>A;168G>A;177G>A],NA,p.[Asp17Gly;Arg29Met],-1.0237522739324936,-1.1046775556872173,-0.918649358104194,0.0508645008577563,-1.4466534,0.2898837181271423,0.1047961386686146,0.5014077780588087
urn:mavedb:00000394-a-1#3066,c.[21C>T;36T>C;42C>G;48C>T;50A>G;51C>T;86G>T;87T>G;120A>G;123T>C;165G>A;168G>A;177G>A],NA,p.[Asp17Gly;Arg29Leu],-0.6886198455775607,-0.7251506888387632,-0.6709716622780489,0.0585745127034552,-1.4443092,0.8976615877715507,0.8379069875539936,0.926142325710664
urn:mavedb:00000394-a-1#3067,c.[3C>T;6T>G;12C>T;21C>T;36T>C;42C>G;50A>G;54G>A;63G>C;78C>T;84C>T;85C>G;86G>T;99G>C;111G>C;120A>G;123T>C;132C>T;135C>T;141A>G;165G>A;171T>G;174A>G;177G>A;180G>C],NA,p.[Asp17Gly;Arg29Val],-0.6783235000316918,-0.702295627026052,-0.6484306864482267,0.0806162785926666,-1.4294224,0.8902266020603733,0.8510500995367055,0.9384353865010676
urn:mavedb:00000394-a-1#3068,c.[21C>T;36T>C;39C>T;42C>G;50A>G;54G>A;63G>C;72C>T;75C>T;85C>A;86G>T;87T>C;120A>G;123T>C;165G>A;171T>G;174A>G;177G>A],NA,p.[Asp17Gly;Arg29Ile],-0.6124179970194228,-0.6612129980284763,-0.5868710694349056,0.0505263024801664,-1.4355803,1.0053435454383728,0.9278048121243596,1.0453181858626273
urn:mavedb:00000394-a-1#3069,c.[21C>T;36T>C;42C>G;48C>T;50A>G;85C>T;87T>G;120A>G;123T>C;138T>C;141A>G;144C>T;165G>A;171T>G;174A>G;177G>A],NA,p.[Asp17Gly;Arg29Trp],-0.5896084456569459,-0.6452426394764784,-0.5348900714465278,0.0592217552208491,-1.4775438,1.1059111314289043,1.0196475689641151,1.189170793497025
urn:mavedb:00000394-a-1#3070,c.[3C>T;21C>T;39C>T;48C>T;50A>G;51C>T;54G>A;66G>A;69T>C;72C>T;85C>T;86G>A;87T>C;120A>G;123T>C;132C>T;141A>G;165G>A;171T>G;174A>G;177G>A],NA,p.[Asp17Gly;Arg29Tyr],-0.8769812084364852,-0.9132066638145532,-0.803292536391637,0.0581519532589049,-1.4582973,0.6001986281341489,0.5335836939103806,0.729966695749324
urn:mavedb:00000394-a-1#3071,c.[6T>G;9G>A;12C>T;21C>T;36T>C;42C>G;48C>T;50A>G;51C>T;85C>T;86G>T;87T>C;120A>G;123T>C;126C>T;138T>C;141A>G;165G>A;168G>A;174A>G],NA,p.[Asp17Gly;Arg29Phe],-0.6382857140950156,-0.664183765256028,-0.5999094453612889,0.0629122293853806,-1.4658413,1.0122162051337826,0.9713438290435262,1.0720152327465282
urn:mavedb:00000394-a-1#3072,c.[21C>T;36T>C;42C>G;48C>T;50A>G;51C>T;86G>C;87T>G;120A>G;123T>C;132C>T;135C>T;138T>C;141A>G;165G>A;171T>G;174A>G;177G>A],NA,p.[Asp17Gly;Arg29Pro],-1.2624031324844611,-1.342926022133394,-1.1573623193986002,0.0533352500775836,-1.4161682,-0.4964091117646501,-0.9826939046808356,-0.1187317173030887
urn:mavedb:00000394-a-1#3073,c.[3C>T;6T>G;21C>T;36T>C;42C>G;49G>A;50A>T;51C>G;57T>G;86G>A;87T>G;120A>G;123T>C;141A>G;174A>G],NA,p.[Asp17Met;Arg29Gln],-1.279061435400721,-1.3356908364652351,-1.2391996854611222,0.0365032277661431,-1.4529419,-0.4108319120121566,-0.6793156414149029,-0.2625182988988727
urn:mavedb:00000394-a-1#3074,c.[21C>T;27G>A;36T>C;49G>A;50A>T;51C>G;72C>T;75C>T;84C>T;85C>G;86G>A;87T>A;90T>C;120A>G;123T>C;138T>C;141A>G;165G>A;168G>A;171T>G;174A>G;180G>C],NA,p.[Asp17Met;Arg29Glu],-1.2433624828803271,-1.287678635568178,-1.1729456788680024,0.052638852316468,-1.4410467,-0.3193832640723154,-0.4981948966296491,-0.0914400422513175
urn:mavedb:00000394-a-1#3075,c.[9G>A;15A>G;21C>T;49G>A;50A>T;51C>G;60T>C;85C>A;86G>A;87T>C;102T>C;120A>G;123T>C;126C>T;129G>A;138T>C;141A>G;165G>A;168G>A;174A>G],NA,p.[Asp17Met;Arg29Asn],-1.3477700953615637,-1.439928183673512,-1.2844622467407325,0.0360141226208411,-1.4490047,-0.7756494111491431,-2.2373207757078406,-0.4494881410737679
urn:mavedb:00000394-a-1#3076,c.[3C>T;6T>G;21C>T;36T>C;42C>G;49G>A;50A>T;51C>G;78C>T;86G>A;87T>C;120A>G;123T>C;129G>A;132C>T;141A>G;153A>G;168G>A;177G>A],NA,p.[Asp17Met;Arg29His],-1.1621713225710597,-1.1962893667395542,-1.073386085802081,0.0479496385875189,-1.4478827,-0.0415378084252773,-0.1404210966864401,0.1821634431793423
urn:mavedb:00000394-a-1#3077,c.[21C>T;36T>C;42C>G;49G>A;50A>T;51C>G;54G>A;63G>C;69T>C;72C>T;85C>G;86G>A;87T>C;108G>C;120A>G;123T>C;132C>T;183A>G],NA,p.[Asp17Met;Arg29Asp],-0.9146700245871392,-0.9942592601792264,-0.792073981602716,0.0954885301898601,-1.4396386,0.4956390311275212,0.3374028010660683,0.7171826642674375
urn:mavedb:00000394-a-1#3078,c.[15A>G;21C>T;36T>C;42C>G;49G>A;50A>T;51C>G;85C>A;86G>A;87T>A;90T>C;108G>C;120A>G;123T>C;141A>G;171T>G;174A>G],NA,p.[Asp17Met;Arg29Lys],-1.1711183523847937,-1.2308152100776109,-1.1395038490488607,0.0404487995195905,-1.4958048,0.0616776714734705,-0.1005147908393376,0.1394193451240993
urn:mavedb:00000394-a-1#3079,c.[3C>T;6T>G;18C>T;21C>T;36T>C;42C>G;49G>A;50A>T;51C>G;63G>C;69T>C;72C>T;84C>T;85C>A;86G>C;87T>C;111G>C;123T>C;132C>T;135C>T;141A>G;165G>A;171T>G],NA,p.[Asp17Met;Arg29Thr],-1.176546301783226,-1.249118856191486,-1.076015994408721,0.0780591944380139,-1.4516807,-0.0712385431011652,-0.3017412289864325,0.1848596640789838
urn:mavedb:00000394-a-1#3080,c.[21C>T;42C>G;49G>A;50A>T;51C>G;72C>T;75C>T;84C>T;85C>T;86G>C;102T>C;120A>G;132C>T;138T>C;147G>C;150C>T;168G>A;171T>G;177G>A],NA,p.[Asp17Met;Arg29Ser],-1.328140365807737,-1.3899806738952636,-1.2395121940277365,0.0398996162420856,-1.4503903,-0.6516078903850222,-1.1032123895558472,-0.2724105310452748
urn:mavedb:00000394-a-1#3081,c.[3C>T;12C>T;21C>T;36T>C;42C>G;49G>A;50A>T;51C>G;60T>C;85C>G;86G>C;120A>G;123T>C;141A>G;144C>T;171T>G;174A>G;177G>A],NA,p.[Asp17Met;Arg29Ala],-0.9668519743233616,-1.0406327026173858,-0.9308138436894158,0.0428176578776499,-1.4634008,0.4407189749657187,0.2895915999083936,0.5100822451137285
urn:mavedb:00000394-a-1#3082,c.[3C>T;12C>T;21C>T;36T>C;42C>G;49G>A;50A>T;51C>G;57T>G;85C>G;99G>C;120A>G;123T>C;126C>T;141A>G;165G>A;171T>G;174A>G;177G>A],NA,p.[Asp17Met;Arg29Gly],-1.124044140360814,-1.1633854311923215,-1.0704505765560832,0.0576334791086982,-1.4531465,0.0728421838741209,-0.0303742999033944,0.200986794306146
urn:mavedb:00000394-a-1#3083,c.[3C>T;18C>T;21C>T;27G>A;42C>G;49G>A;50A>T;51C>G;54G>A;63G>C;75C>T;78C>T;84C>T;85C>A;86G>T;87T>G;120A>G;141A>G;177G>A;183A>G],NA,p.[Asp17Met;Arg29Met],-0.7032493993647398,-0.7381679970780466,-0.6729929241583474,0.046111899669954,-1.4770145,0.9268009574266554,0.8702243549697628,0.9750830403530606
urn:mavedb:00000394-a-1#3084,c.[3C>T;6T>G;21C>T;36T>C;42C>G;49G>A;50A>T;51C>G;54G>A;69T>C;72C>T;78C>T;86G>T;87T>G;120A>G;123T>C;141A>G;156T>C;171T>G;174A>G;177G>A;198G>T;207T>C],NA,p.[Asp17Met;Arg29Leu],-0.5759013954087735,-0.6005109868988171,-0.5564819987887866,0.0610292843954004,-1.4747543,1.1226435675620583,1.084845001788929,1.1522529084267663
urn:mavedb:00000394-a-1#3085,c.[3C>T;6T>G;9G>A;21C>T;36T>C;39C>T;49G>A;50A>T;51C>G;60T>C;72C>T;75C>T;85C>G;86G>T;90T>C;108G>C;120A>G;123T>C;132C>T;141A>G;165G>A;168G>A;174A>G],NA,p.[Asp17Met;Arg29Val],-0.5088980966491606,-0.5584359710521913,-0.4616647323738081,0.0701575083486406,-1.4604034,1.2025305069038366,1.1274214293960032,1.2731521468325195
urn:mavedb:00000394-a-1#3086,c.[21C>T;49G>A;50A>T;51C>G;63G>C;66G>A;69T>C;78C>T;85C>A;86G>T;87T>C;120A>G;123T>C;132C>T;165G>A;168G>A;171T>G;177G>A;180G>C],NA,p.[Asp17Met;Arg29Ile],-0.7907238076507249,-0.825940866368069,-0.7505658130210698,0.0423147384213973,-1.4663386,0.7650898599068263,0.70477832949348,0.8322936056296957
urn:mavedb:00000394-a-1#3087,c.[15A>G;21C>T;27G>A;49G>A;50A>T;51C>G;63G>C;72C>T;75C>T;84C>T;85C>T;87T>G;120A>G;123T>C;135C>T;141A>G;153A>G;165G>A;171T>G;174A>G;177G>A;192C>T],NA,p.[Asp17Met;Arg29Trp],-0.6075953907732303,-0.6512415404205274,-0.5780617522030599,0.0596161100200837,-1.5068059,1.1231558050684605,1.0559050605894231,1.1681071085712522
urn:mavedb:00000394-a-1#3088,c.[3C>T;6T>G;21C>T;36T>C;42C>G;49G>A;50A>T;51C>G;78C>T;85C>T;86G>A;87T>C;120A>G;123T>C;132C>T;141A>G;150C>T;168G>A;171T>G;174A>G],NA,p.[Asp17Met;Arg29Tyr],-0.8831552172668471,-0.9287628700759588,-0.8090437846598444,0.041091460901837,-1.4882445,0.642823120058206,0.5602832395361782,0.7711410016829959
urn:mavedb:00000394-a-1#3089,c.[3C>T;9G>A;12C>T;15A>G;21C>T;36T>C;42C>G;49G>A;50A>T;51C>G;85C>T;86G>T;87T>C;120A>G;123T>C;141A>G;165G>A;171T>G;174A>G;177G>A],NA,p.[Asp17Met;Arg29Phe],-0.7244286375961618,-0.7699717179191443,-0.67166216784566,0.0498227433501129,-1.4955196,0.9224866843035362,0.8484014185528653,1.0063787579727912
urn:mavedb:00000394-a-1#3090,c.[3C>T;6T>G;21C>T;36T>C;42C>G;49G>A;50A>T;51C>G;57T>G;78C>T;86G>C;87T>G;120A>G;123T>C;141A>G;165G>A;168G>A;174A>G],NA,p.[Asp17Met;Arg29Pro],-1.216928391956902,-1.2482703672924138,-1.1855846078768593,0.0398487133168536,-1.4476385,-0.205913398062154,-0.313254998497357,-0.1091217192967669
urn:mavedb:00000394-a-1#3091,c.[6T>G;9G>A;21C>T;36T>C;42C>G;49G>C;50A>T;51C>G;60T>C;66G>A;72C>T;75C>T;86G>A;87T>G;120A>G;123T>C;135C>T;168G>A;171T>G;174A>G;177G>A],NA,p.[Asp17Leu;Arg29Gln],-1.3138838496732954,-1.375674159080449,-1.2799399990951164,0.0411242661625044,-1.445302,-0.6032417273353939,-1.0145315935140795,-0.4460236569869151
urn:mavedb:00000394-a-1#3092,c.[6T>G;9G>A;18C>T;21C>T;30G>C;39C>T;42C>G;49G>C;50A>T;51C>G;57T>G;72C>T;75C>T;78C>T;85C>G;86G>A;87T>G;90T>C;120A>G;123T>C;129G>A;141A>G;177G>A],NA,p.[Asp17Leu;Arg29Glu],-1.3763934417590669,-1.4492445590171448,-1.335609540960672,0.0517737492836511,-1.4332972,-1.1402802423722875,-25.0,-0.7987918039355846
urn:mavedb:00000394-a-1#3093,c.[6T>G;9G>A;12C>T;21C>T;36T>C;42C>G;49G>C;50A>T;51C>G;85C>A;86G>A;87T>C;120A>G;123T>C;132C>T;165G>A;168G>A;174A>G],NA,p.[Asp17Leu;Arg29Asn],-1.3957684112230342,-1.482997069864374,-1.348980916019517,0.0424407267547197,-1.441329,-1.276951520084728,-25.0,-0.8350917425751601
urn:mavedb:00000394-a-1#3094,c.[3C>T;6T>G;21C>T;36T>C;42C>G;49G>C;50A>T;51C>G;63G>C;86G>A;87T>C;120A>G;123T>C;141A>G;165G>A;171T>G;174A>G;177G>A;198G>T;207T>C],NA,p.[Asp17Leu;Arg29His],-1.0848092938060918,-1.118726289638151,-1.0288305139998948,0.0483608794359116,-1.440197,0.1372565016042957,0.0535093812656215,0.2649257564686944
urn:mavedb:00000394-a-1#3095,c.[3C>T;6T>G;12C>T;21C>T;36T>C;42C>G;49G>C;50A>T;51C>G;66G>A;72C>T;75C>T;85C>G;86G>A;87T>C;120A>G;141A>G;144C>T;168G>A;171T>G;177G>A],NA,p.[Asp17Leu;Arg29Asp],-1.4547934830861964,-1.5141380666235476,-1.388377795018464,0.0500362963849914,-1.4318757,-15.0,-25.0,-1.3052227099135645
urn:mavedb:00000394-a-1#3096,c.[21C>T;36T>C;42C>G;49G>C;50A>T;51C>G;54G>A;60T>C;69T>C;85C>A;86G>A;87T>A;120A>G;123T>C;141A>G;147G>C;156T>C;162G>C;165G>A;171T>G;177G>A],NA,p.[Asp17Leu;Arg29Lys],-1.282093425889551,-1.3453375002040584,-1.2199609176129946,0.0404776975736314,-1.4885516,-0.287893057506045,-0.5451020560789959,-0.0900339017507426
urn:mavedb:00000394-a-1#3097,c.[3C>T;6T>G;18C>T;36T>C;42C>G;49G>C;50A>T;51C>G;63G>C;72C>T;75C>T;84C>T;85C>A;86G>C;87T>C;105C>T;120A>G;123T>C;126C>T;156T>C;168G>A;171T>G;174A>G;177G>A],NA,p.[Asp17Leu;Arg29Thr],-1.2106885263081375,-1.252438377153764,-1.120002650253913,0.0572899028877367,-1.4440289,-0.1974247563646832,-0.3419175040840564,0.0600173673869896
urn:mavedb:00000394-a-1#3098,c.[21C>T;36T>C;42C>G;49G>C;50A>T;51C>G;57T>G;85C>T;86G>C;102T>C;108G>C;111G>C;120A>G;123T>C;135C>T;141A>G;147G>C;153A>G;183A>G],NA,p.[Asp17Leu;Arg29Ser],-1.0621714393222967,-1.1226479819449848,-0.9958464607607168,0.0703904333655901,-1.442728,0.1961032259327255,0.0499516605262575,0.3405269715289572
urn:mavedb:00000394-a-1#3099,c.[6T>G;9G>A;12C>T;21C>T;36T>C;42C>G;49G>C;50A>T;54G>A;57T>G;72C>T;75C>T;85C>G;86G>C;120A>G;123T>C;126C>T;138T>C;141A>G;144C>T;165G>A;171T>G;174A>G;177G>A],NA,p.[Asp17Leu;Arg29Ala],-0.9277866345045788,-1.0102384110947136,-0.8938986279901822,0.0623692757495764,-1.4558563,0.5015277411641667,0.3378927135535013,0.5648621440767501
urn:mavedb:00000394-a-1#3100,c.[12C>T;21C>T;36T>C;42C>G;49G>C;50A>T;51C>G;54G>A;63G>C;69T>C;72C>T;85C>G;120A>G;123T>C;129G>A;138T>C;141A>G;171T>G;195G>A],NA,p.[Asp17Leu;Arg29Gly],-1.2028186555159714,-1.2390127689971049,-1.137029762811871,0.0452039309768877,-1.445509,-0.1678246966598311,-0.2877487446920258,0.0198629446377352
urn:mavedb:00000394-a-1#3101,c.[3C>T;6T>G;18C>T;21C>T;36T>C;42C>G;49G>C;50A>T;51C>G;60T>C;84C>T;85C>A;86G>T;87T>G;108G>C;120A>G;123T>C;129G>A;141A>G;165G>A;168G>A;174A>G],NA,p.[Asp17Leu;Arg29Met],-0.760023081219295,-0.8298016323812734,-0.7218440415306792,0.0464125315703722,-1.4695926,0.8220107585321496,0.7037248353861223,0.8847461865515257
urn:mavedb:00000394-a-1#3102,c.[3C>T;6T>G;21C>T;36T>C;42C>G;49G>C;50A>T;51C>G;72C>T;75C>T;86G>T;87T>C;120A>G;123T>C;126C>T;141A>G;165G>A;168G>A;177G>A],NA,p.[Asp17Leu;Arg29Leu],-0.6266793518052176,-0.6792799732633716,-0.6084983636690195,0.0360532065741284,-1.4673119,1.032690320121305,0.949657071498937,1.0609868658641624
urn:mavedb:00000394-a-1#3103,c.[3C>T;6T>G;15A>G;21C>T;36T>C;42C>G;49G>C;50A>T;51C>G;54G>A;57T>G;72C>T;75C>T;78C>T;85C>G;86G>T;120A>G;123T>C;138T>C;141A>G;150C>T;156T>C;165G>A;168G>A;174A>G],NA,p.[Asp17Leu;Arg29Val],-0.5929018988667847,-0.6955526309101489,-0.5393687772189891,0.0725582016439031,-1.4528317,1.062733309256629,0.9002296455690962,1.1449631840673655
urn:mavedb:00000394-a-1#3104,c.[21C>T;36T>C;42C>G;49G>C;50A>T;51C>G;63G>C;85C>A;86G>T;87T>C;120A>G;123T>C;156T>C;165G>A;171T>G;174A>G;177G>A;198G>T;207T>C],NA,p.[Asp17Leu;Arg29Ile],-0.7451112983542557,-0.8107472046951946,-0.6908859291068978,0.0459212516490645,-1.4588203,0.8288829385302716,0.7180464182857378,0.917435316381042
urn:mavedb:00000394-a-1#3105,c.[6T>G;9G>A;12C>T;21C>T;36T>C;42C>G;49G>C;50A>T;51C>G;57T>G;85C>T;87T>G;120A>G;123T>C;177G>A;180G>C;198G>T],NA,p.[Asp17Leu;Arg29Trp],-0.6403669906682745,-0.6689826029753055,-0.5834235042859589,0.0436606788534831,-1.4996538,1.0616884103087496,1.0170723038277103,1.1491197859172262
urn:mavedb:00000394-a-1#3106,c.[3C>T;6T>G;21C>T;36T>C;42C>G;49G>C;50A>T;60T>C;85C>T;86G>A;87T>C;90T>C;120A>G;123T>C;141A>G;165G>A;168G>A;174A>G],NA,p.[Asp17Leu;Arg29Tyr],-0.742514020150052,-0.7820354156329516,-0.7077040619017413,0.0435143703731505,-1.4809232,0.8695065478441586,0.8042165145443734,0.925920397786292
urn:mavedb:00000394-a-1#3107,c.[3C>T;21C>T;42C>G;49G>C;50A>T;85C>T;86G>T;87T>C;120A>G;129G>A;141A>G;144C>T;177G>A],NA,p.[Asp17Leu;Arg29Phe],-0.7546239023875067,-0.7938717813906762,-0.7296160513321603,0.0440130225992433,-1.4882646,0.8616965198487931,0.7966944684140992,0.9024175509036344
urn:mavedb:00000394-a-1#3108,c.[3C>T;6T>G;21C>T;36T>C;42C>G;49G>C;50A>T;51C>G;54G>A;86G>C;87T>G;120A>G;123T>C;141A>G;162G>C;165G>A;171T>G;174A>G;177G>A;198G>T],NA,p.[Asp17Leu;Arg29Pro],-1.171798138124457,-1.217072713145498,-1.1134595694561031,0.0491170743472913,-1.43995,-0.0912923195787989,-0.2316305412264193,0.0662625740977423
urn:mavedb:00000394-a-1#3109,c.[15A>G;39C>T;42C>G;50A>T;51C>T;75C>T;86G>A;87T>A;120A>G;123T>C;126C>T;141A>G;150C>T;156T>C;177G>A],NA,p.[Asp17Val;Arg29Gln],-1.3992422999833949,-1.463119469419711,-1.3457197033499946,0.0388757876156217,-1.4310207,-1.495240337530154,-25.0,-0.8859968238884713
urn:mavedb:00000394-a-1#3110,c.[21C>T;27G>A;30G>C;50A>T;51C>T;72C>T;75C>T;85C>G;86G>A;87T>G;120A>G;123T>C;165G>A;168G>A;180G>C],NA,p.[Asp17Val;Arg29Glu],-1.1908280795875852,-1.2568471329495965,-1.0933057381544466,0.0431632122841461,-1.4188056,-0.2148017139506725,-0.4604958242363521,0.0637634594599945
urn:mavedb:00000394-a-1#3111,c.[15A>G;21C>T;36T>C;42C>G;50A>T;51C>T;85C>A;86G>A;87T>C;120A>G;123T>C;135C>T;141A>G;147G>C;183A>G],NA,p.[Asp17Val;Arg29Asn],-1.4774953759832847,-1.538331157495969,-1.4342848105362531,0.0431310372293596,-1.4269786,-15.0,-25.0,-5.0
urn:mavedb:00000394-a-1#3112,c.[6T>G;9G>A;21C>T;39C>T;42C>G;50A>T;51C>T;57T>G;66G>A;72C>T;75C>T;86G>A;87T>C;120A>G;141A>G;165G>A;168G>A;174A>G],NA,p.[Asp17Val;Arg29His],-1.1581451722212917,-1.19494398247863,-1.087798519191753,0.0388850354643346,-1.4258265,-0.0926533131024545,-0.2053490704523986,0.095090531450361
urn:mavedb:00000394-a-1#3113,c.[3C>T;6T>G;18C>T;21C>T;36T>C;42C>G;50A>T;51C>T;57T>G;63G>C;69T>C;72C>T;78C>T;85C>G;86G>A;87T>C;120A>G;123T>C;126C>T;138T>C;141A>G;177G>A],NA,p.[Asp17Val;Arg29Asp],-1.3005449478679454,-1.394610124230077,-1.2315662139454917,0.0469236341907803,-1.4173589,-0.6817797553235874,-1.6952119430964876,-0.3638862117587768
urn:mavedb:00000394-a-1#3114,c.[3C>T;15A>G;21C>T;36T>C;42C>G;50A>T;51C>T;78C>T;85C>A;86G>A;87T>G;102T>C;111G>C;120A>G;123T>C;141A>G;165G>A;171T>G;174A>G;177G>A;198G>T;207T>C],NA,p.[Asp17Val;Arg29Lys],-1.1763771843605673,-1.2422381899340098,-1.1417699356412323,0.0414981351730682,-1.474998,-0.0063306575495443,-0.1992997172975544,0.0831642025892382
urn:mavedb:00000394-a-1#3115,c.[6T>G;9G>A;12C>T;21C>T;39C>T;50A>T;51C>T;72C>T;75C>T;85C>A;86G>C;87T>C;120A>G;123T>C;141A>G],NA,p.[Asp17Val;Arg29Thr],-1.1565804906942798,-1.226828388010097,-1.114565302131338,0.0597406662548699,-1.4297256,-0.0769087471153009,-0.3005350098000002,0.037288227259559
urn:mavedb:00000394-a-1#3116,c.[3C>T;6T>G;15A>G;21C>T;36T>C;42C>G;50A>T;51C>T;54G>A;85C>T;86G>C;108G>C;120A>G;123T>C;126C>T;141A>G;165G>A;168G>A;171T>G;174A>G],NA,p.[Asp17Val;Arg29Ser],-1.3305759161415307,-1.384293779230963,-1.29630996413188,0.0516204428973167,-1.4284015,-0.797876942889349,-1.2967331549231778,-0.5998013690977723
urn:mavedb:00000394-a-1#3117,c.[3C>T;6T>G;12C>T;21C>T;50A>T;51C>T;69T>C;85C>G;86G>C;120A>G;132C>T;138T>C;141A>G;171T>G;177G>A;198G>T;207T>C],NA,p.[Asp17Val;Arg29Ala],-1.0700243767458322,-1.1344082476830293,-0.9429843099301836,0.0514474478178485,-1.4417553,0.1757573707607676,0.0168865026602486,0.4450812254515413
urn:mavedb:00000394-a-1#3118,c.[12C>T;21C>T;42C>G;50A>T;51C>T;85C>G;108G>C;120A>G;123T>C;135C>T;165G>A;168G>A;171T>G;174A>G;198G>T],NA,p.[Asp17Val;Arg29Gly],-1.2490959256112584,-1.35146144320155,-1.2060760506322472,0.0541824655269378,-1.4312315,-0.3780348756763171,-0.928690106167665,-0.2240778075758094
urn:mavedb:00000394-a-1#3119,c.[15A>G;21C>T;39C>T;42C>G;50A>T;51C>T;78C>T;84C>T;85C>A;86G>T;87T>G;120A>G;123T>C;141A>G;177G>A],NA,p.[Asp17Val;Arg29Met],-0.8940025049310993,-0.9666811334942598,-0.8338833797870576,0.0406253513605351,-1.4557228,0.5644252699723179,0.4259420719814393,0.6724238667393279
urn:mavedb:00000394-a-1#3120,c.[3C>T;6T>G;21C>T;36T>C;42C>G;50A>T;51C>T;78C>T;86G>T;87T>G;99G>C;120A>G;123T>C;135C>T;168G>A;171T>G;174A>G;177G>A;180G>C],NA,p.[Asp17Val;Arg29Leu],-0.5978785704706235,-0.6534661968105981,-0.5692670046540017,0.0467426580361852,-1.453404,1.0558982139180948,0.968625449123935,1.1001030360990842
urn:mavedb:00000394-a-1#3121,c.[3C>T;6T>G;21C>T;36T>C;42C>G;50A>T;51C>T;84C>T;85C>G;86G>T;120A>G;123T>C;129G>A;141A>G;153A>G;174A>G],NA,p.[Asp17Val;Arg29Val],-0.8531503493647556,-0.8996447711677149,-0.8188349583666737,0.0498020147971687,-1.4386792,0.6078251713295123,0.5222464463518917,0.668930029102096
urn:mavedb:00000394-a-1#3122,c.[21C>T;24C>T;50A>T;51C>T;85C>A;86G>T;87T>C;102T>C;120A>G;132C>T;138T>C;141A>G;147G>C;165G>A;171T>G;174A>G;177G>A;195G>A],NA,p.[Asp17Val;Arg29Ile],-0.6267535760568035,-0.6514602943126071,-0.6036636465280433,0.0511406363024283,-1.4447708,0.9972342034676036,0.9580941352121556,1.0334546003617608
urn:mavedb:00000394-a-1#3123,c.[3C>T;6T>G;21C>T;24C>T;36T>C;42C>G;50A>T;51C>T;72C>T;75C>T;85C>T;87T>G;120A>G;123T>C;126C>T;141A>G;165G>A;168G>A;171T>G;177G>A],NA,p.[Asp17Val;Arg29Trp],-0.6209340741521561,-0.6522091057933718,-0.574065084637925,0.0360537344341855,-1.4862843,1.0710941381321184,1.022417917693041,1.1430302232571812
urn:mavedb:00000394-a-1#3124,c.[3C>T;6T>G;21C>T;36T>C;42C>G;50A>T;51C>T;60T>C;72C>T;75C>T;85C>T;86G>A;87T>C;120A>G;123T>C;141A>G;156T>C;165G>A;168G>A;177G>A],NA,p.[Asp17Val;Arg29Tyr],-0.9290073386805906,-0.9816502579015136,-0.8786433611878729,0.0422899423931435,-1.4672427,0.5207297557399868,0.419104931568491,0.6133428095352388
urn:mavedb:00000394-a-1#3125,c.[3C>T;6T>G;12C>T;21C>T;36T>C;42C>G;50A>T;51C>T;78C>T;85C>T;86G>T;87T>C;102T>C;111G>C;120A>G;123T>C;141A>G;165G>A;171T>G;174A>G;177G>A;198G>T],NA,p.[Asp17Val;Arg29Phe],-0.7213074703931073,-0.7409788956145128,-0.6979853471924975,0.0454863076777874,-1.4747057,0.8939210908229989,0.8618478614171731,0.9315478505750842
urn:mavedb:00000394-a-1#3126,c.[21C>T;27G>A;36T>C;42C>G;50A>T;51C>T;57T>G;69T>C;72C>T;75C>T;86G>C;87T>G;108G>C;111G>C;120A>G;138T>C;141A>G;171T>G;177G>A;180G>C],NA,p.[Asp17Val;Arg29Pro],-1.1096675977322268,-1.1804192446397073,-1.0092458004972822,0.0792725514496908,-1.4255753,0.0392226580401343,-0.1601557999624208,0.2757219178527893
urn:mavedb:00000394-a-1#3127,c.[9G>A;12C>T;21C>T;30G>C;36T>C;42C>G;49G>A;50A>T;72C>T;75C>T;78C>T;86G>A;87T>G;120A>G;123T>C;141A>G;156T>C;165G>A;171T>G;174A>G;177G>A;198G>T],NA,p.[Asp17Ile;Arg29Gln],-1.3185500534292576,-1.3835748411464914,-1.2263345566601982,0.041050625420515,-1.4407282,-0.6519968355661108,-1.1375726616614916,-0.2602795406521194
urn:mavedb:00000394-a-1#3128,c.[3C>T;6T>G;9G>A;21C>T;36T>C;42C>G;49G>A;50A>T;60T>C;72C>T;75C>T;84C>T;85C>G;86G>A;87T>A;102T>C;108G>C;120A>G;123T>C;141A>G;156T>C;165G>A;171T>G;174A>G;177G>A;198G>T],NA,p.[Asp17Ile;Arg29Glu],-0.5694787889771928,-0.6693604682067814,-0.4602056950295126,0.0859288181140266,-1.4286566,1.0615939771161078,0.9035157310026134,1.2280162530591403
urn:mavedb:00000394-a-1#3129,c.[18C>T;21C>T;36T>C;42C>G;49G>A;50A>T;85C>A;86G>A;87T>C;120A>G;123T>C;138T>C;141A>G;156T>C;165G>A;168G>A;177G>A],NA,p.[Asp17Ile;Arg29Asn],-1.37593741833477,-1.4613356758008833,-1.280261252454614,0.0478597723267111,-1.4367332,-1.0992503573650303,-25.0,-0.4843767718221801
urn:mavedb:00000394-a-1#3130,c.[6T>G;9G>A;12C>T;21C>T;36T>C;42C>G;49G>A;50A>T;69T>C;84C>T;86G>A;87T>C;120A>G;123T>C;153A>G;165G>A;171T>G;177G>A;183A>G;207T>C],NA,p.[Asp17Ile;Arg29His],-1.2034283462976951,-1.2638557074421095,-1.1552576989680383,0.0510999548614326,-1.4355946,-0.2012023741970744,-0.4195409323962523,-0.0565258709637939
urn:mavedb:00000394-a-1#3131,c.[3C>T;6T>G;9G>A;12C>T;21C>T;36T>C;42C>G;49G>A;50A>T;72C>T;75C>T;85C>G;86G>A;87T>C;108G>C;120A>G;123T>C;141A>G;165G>A;168G>A;177G>A],NA,p.[Asp17Ile;Arg29Asp],-1.1344028616822994,-1.2747519043058453,-1.0255739764793887,0.0617612165223665,-1.4272275,-0.0219929230485546,-0.502207840129643,0.2435849696901051
urn:mavedb:00000394-a-1#3132,c.[12C>T;21C>T;36T>C;42C>G;49G>A;50A>T;85C>A;86G>A;87T>A;102T>C;120A>G;135C>T;165G>A;168G>A;171T>G;174A>G],NA,p.[Asp17Ile;Arg29Lys],-1.290432980050492,-1.3432730752179365,-1.213039182997261,0.0424089022861876,-1.4842095,-0.3337786348963281,-0.5560038067586718,-0.0825883748045889
urn:mavedb:00000394-a-1#3133,c.[3C>T;12C>T;15A>G;21C>T;30G>C;42C>G;49G>A;50A>T;85C>A;86G>C;87T>C;120A>G;123T>C;129G>A;141A>G;150C>T;156T>C;165G>A;168G>A;171T>G;174A>G;177G>A],NA,p.[Asp17Ile;Arg29Thr],-1.1750584516249676,-1.31642196966979,-1.08566776271487,0.0541398737458769,-1.4394484,-0.1022548162843572,-0.6473903166650393,0.1334099369510531
urn:mavedb:00000394-a-1#3134,c.[3C>T;6T>G;15A>G;21C>T;36T>C;42C>G;49G>A;50A>T;66G>A;72C>T;75C>T;85C>T;86G>C;120A>G;123T>C;138T>C;141A>G;165G>A;168G>A;171T>G;174A>G],NA,p.[Asp17Ile;Arg29Ser],-1.2502219343629708,-1.2976267501505758,-1.1675297182715445,0.0540235454129771,-1.438139,-0.3557766007919929,-0.558041348695272,-0.0841905208066786
urn:mavedb:00000394-a-1#3135,c.[21C>T;30G>C;39C>T;42C>G;49G>A;50A>T;72C>T;75C>T;85C>G;86G>C;120A>G;165G>A;168G>A;171T>G;177G>A],NA,p.[Asp17Ile;Arg29Ala],-0.9701854692474254,-1.0001145459376863,-0.9237879582056416,0.0460839992868569,-1.4513392,0.4102812613181052,0.3495260068151076,0.5005454307043843
urn:mavedb:00000394-a-1#3136,c.[3C>T;6T>G;21C>T;36T>C;42C>G;49G>A;50A>T;85C>G;120A>G;123T>C;141A>G;165G>A;171T>G;174A>G;177G>A;198G>T],NA,p.[Asp17Ile;Arg29Gly],-0.976043845138676,-1.0729922343779663,-0.9315578472472794,0.0653681101756287,-1.4409361,0.3775457235345223,0.1669337203511518,0.4657155763927967
urn:mavedb:00000394-a-1#3137,c.[3C>T;9G>A;21C>T;36T>C;42C>G;49G>A;50A>T;57T>G;84C>T;85C>A;86G>T;87T>G;120A>G;123T>C;141A>G;162G>C;165G>A;168G>A;177G>A],NA,p.[Asp17Ile;Arg29Met],-0.6687841757986545,-0.6980923522158641,-0.6304339169854112,0.0450317021156922,-1.4651494,0.9629369839597972,0.9160161454688484,1.0234407268515384
urn:mavedb:00000394-a-1#3138,c.[3C>T;6T>G;21C>T;36T>C;42C>G;49G>A;50A>T;86G>T;87T>G;120A>G;123T>C;141A>G;174A>G;180G>C;183A>G;198G>T;207T>C],NA,p.[Asp17Ile;Arg29Leu],-0.5648659215590504,-0.601692594352692,-0.5169559816296131,0.0548280729618776,-1.4628568,1.1213383795224874,1.0646360847854175,1.1940861242626988
urn:mavedb:00000394-a-1#3139,c.[9G>A;12C>T;21C>T;36T>C;42C>G;49G>A;50A>T;85C>G;86G>T;99G>C;120A>G;126C>T;135C>T;141A>G;174A>G],NA,p.[Asp17Ile;Arg29Val],-0.711247851219279,-0.7472039371628046,-0.6659112974059046,0.0454167035937464,-1.4482989,0.8673114871395424,0.807924273557289,0.9406525438756088
urn:mavedb:00000394-a-1#3140,c.[3C>T;6T>G;21C>T;36T>C;42C>G;49G>A;50A>T;72C>T;75C>T;85C>A;86G>T;87T>C;120A>G;123T>C;141A>G;165G>A;171T>G;174A>G],NA,p.[Asp17Ile;Arg29Ile],-0.6439813351939477,-0.705214186043914,-0.6062665769996078,0.0749473986683813,-1.4543195,0.9851037145587076,0.8869653629114334,1.0442761295714424
urn:mavedb:00000394-a-1#3141,c.[3C>T;6T>G;21C>T;36T>C;42C>G;49G>A;50A>T;54G>A;63G>C;75C>T;78C>T;85C>T;87T>G;105C>T;120A>G;123T>C;141A>G;165G>A;168G>A;174A>G],NA,p.[Asp17Ile;Arg29Trp],-0.7709236074798538,-0.8105973037771115,-0.6750689436082178,0.0586135372837736,-1.4953709,0.8465897761999106,0.7805369190100564,1.00078525910144
urn:mavedb:00000394-a-1#3142,c.[6T>G;9G>A;12C>T;21C>T;36T>C;42C>G;49G>A;50A>T;84C>T;85C>T;86G>A;87T>C;120A>G;123T>C;138T>C;141A>G;165G>A;171T>G;174A>G;177G>A],NA,p.[Asp17Ile;Arg29Tyr],-0.646451028626938,-0.6803747093672714,-0.6063205511893606,0.0597176686856284,-1.4765406,1.0161817912532916,0.962609758364726,1.0786329443324467
urn:mavedb:00000394-a-1#3143,c.[21C>T;36T>C;39C>T;42C>G;49G>A;50A>T;85C>T;86G>T;87T>C;120A>G;123T>C;135C>T;165G>A;168G>A;171T>G;174A>G;177G>A],NA,p.[Asp17Ile;Arg29Phe],-0.6089815035531618,-0.6271742230221101,-0.5533641470225928,0.0602926469872525,-1.4839206,1.0859084601306497,1.0577624044538978,1.1708783378539045
urn:mavedb:00000394-a-1#3144,c.[12C>T;27G>A;30G>C;39C>T;49G>A;50A>T;75C>T;78C>T;86G>C;87T>A;102T>C;120A>G;123T>C;126C>T;132C>T;138T>C;150C>T;165G>A;171T>G;174A>G;177G>A;198G>T],NA,p.[Asp17Ile;Arg29Pro],-1.184574954302967,-1.220510072455181,-1.12631415047593,0.0492322200207417,-1.4353466,-0.1429165265357823,-0.2587611747010212,0.0213183147567498
urn:mavedb:00000394-a-1#3145,c.[15A>G;21C>T;27G>A;30G>C;49G>T;50A>G;51C>G;57T>G;72C>T;75C>T;78C>T;86G>A;87T>G;120A>G;138T>C;141A>G;144C>T;165G>A;171T>G;174A>G;177G>A],NA,p.[Asp17Trp;Arg29Gln],-0.9429500641945638,-1.0168042317543793,-0.8850606753342968,0.0612226638283903,-1.4440274,0.4495862146541019,0.2991334991592113,0.5593564369578207
urn:mavedb:00000394-a-1#3146,c.[3C>T;6T>G;12C>T;21C>T;36T>C;42C>G;49G>T;50A>G;51C>G;85C>G;86G>A;87T>A;93C>T;120A>G;123T>C;141A>G;147G>C;150C>T;153A>G;156T>C;165G>A;168G>A;177G>A],NA,p.[Asp17Trp;Arg29Glu],-1.1943729971114256,-1.2505643016525247,-1.0951795053304312,0.0469672268692555,-1.4320045,-0.1837280340486837,-0.3807504833426033,0.0921139170488844
urn:mavedb:00000394-a-1#3147,c.[3C>T;6T>G;12C>T;21C>T;36T>C;42C>G;49G>T;50A>G;51C>G;85C>A;86G>A;87T>C;120A>G;123T>C;135C>T;141A>G;144C>T;165G>A;168G>A;171T>G;174A>G;180G>C],NA,p.[Asp17Trp;Arg29Asn],-1.2404298649985783,-1.2977028158113046,-1.212770642488709,0.0484321067132636,-1.4400482,-0.3123458632439022,-0.5492331754712649,-0.2170991050105395
urn:mavedb:00000394-a-1#3148,c.[3C>T;6T>G;21C>T;36T>C;42C>G;49G>T;50A>G;51C>G;60T>C;69T>C;72C>T;75C>T;86G>A;120A>G;123T>C;141A>G;153A>G;171T>G],NA,p.[Asp17Trp;Arg29His],-1.0197623478333586,-1.082272161102714,-0.9610200429429158,0.0401044846763728,-1.4389138,0.2818175851273243,0.1402506783449379,0.4037728622270872
urn:mavedb:00000394-a-1#3149,c.[15A>G;21C>T;36T>C;42C>G;49G>T;50A>G;51C>G;60T>C;72C>T;75C>T;85C>G;86G>A;87T>C;102T>C;111G>C;120A>G;123T>C;135C>T;141A>G;165G>A;171T>G;174A>G;177G>A],NA,p.[Asp17Trp;Arg29Asp],-1.3329825108287436,-1.4074528821859669,-1.2697580475081738,0.0433425079855678,-1.4305806,-0.799385385873771,-1.6853769580483255,-0.4653864060502172
urn:mavedb:00000394-a-1#3150,c.[9G>A;21C>T;36T>C;42C>G;49G>T;50A>G;51C>G;57T>G;66G>A;85C>A;86G>A;87T>A;99G>C;120A>G;123T>C;126C>T;138T>C;141A>G;168G>A;171T>G;174A>G;177G>A],NA,p.[Asp17Trp;Arg29Lys],-0.9122340944175702,-0.9650880115216084,-0.871747417796501,0.0361548776034491,-1.4873409,0.5889108800763518,0.4904371442739316,0.6614171968818154
urn:mavedb:00000394-a-1#3151,c.[21C>T;27G>A;36T>C;42C>G;49G>T;50A>G;51C>G;72C>T;75C>T;84C>T;85C>A;86G>C;87T>C;120A>G;123T>C;138T>C;141A>G;171T>G;174A>G;177G>A],NA,p.[Asp17Trp;Arg29Thr],-1.0239661400466962,-1.1070900506246282,-0.961804236897733,0.0557854989311723,-1.4427524,0.2810278715624578,0.0892288871065068,0.4098751337240072
urn:mavedb:00000394-a-1#3152,c.[3C>T;6T>G;21C>T;36T>C;42C>G;49G>T;50A>G;51C>G;60T>C;69T>C;72C>T;85C>T;86G>C;102T>C;111G>C;120A>G;123T>C;135C>T;141A>G;165G>A;171T>G;174A>G;177G>A],NA,p.[Asp17Trp;Arg29Ser],-1.1161921994711674,-1.1628347973906346,-1.070273355250981,0.0531477974144709,-1.4414482,0.0631381854986863,-0.0613783651409151,0.1744653810958732
urn:mavedb:00000394-a-1#3153,c.[3C>T;6T>G;21C>T;36T>C;42C>G;49G>T;50A>G;51C>G;60T>C;85C>G;86G>C;120A>G;123T>C;129G>A;138T>C;141A>G;165G>A;171T>G;174A>G;177G>A],NA,p.[Asp17Trp;Arg29Ala],-0.7743523728192966,-0.8346568253320854,-0.7357564288839247,0.0443519987210503,-1.4545975,0.7729281808160483,0.6690895090606139,0.8373746293608132
urn:mavedb:00000394-a-1#3154,c.[3C>T;6T>G;21C>T;36T>C;42C>G;49G>T;50A>G;51C>G;63G>C;66G>A;69T>C;72C>T;85C>G;120A>G;123T>C;135C>T;141A>G;165G>A;171T>G;174A>G;177G>A],NA,p.[Asp17Trp;Arg29Gly],-1.1201214445290528,-1.1503712643921955,-1.0828709138802792,0.0621698313312038,-1.4442344,0.0602375422391879,-0.0191735277166084,0.1514616772850035
urn:mavedb:00000394-a-1#3155,c.[6T>G;9G>A;21C>T;36T>C;49G>T;50A>G;51C>G;60T>C;69T>C;72C>T;84C>T;85C>A;86G>T;87T>G;120A>G;123T>C;129G>A;138T>C;168G>A;174A>G],NA,p.[Asp17Trp;Arg29Met],-0.5568808763505646,-0.6091990344400012,-0.5164428943019249,0.0780393543160011,-1.4683542,1.1419147730580184,1.0615156463959394,1.2031311503330195
urn:mavedb:00000394-a-1#3156,c.[3C>T;6T>G;21C>T;36T>C;42C>G;49G>T;50A>G;51C>G;63G>C;78C>T;86G>T;87T>G;102T>C;120A>G;123T>C;129G>A;156T>C;171T>G;174A>G;177G>A;183A>G],NA,p.[Asp17Trp;Arg29Leu],-0.348519472066732,-0.4225386013260891,-0.3074164495930299,0.0616518661363136,-1.4660707,1.447286550359388,1.3393351490985836,1.5065708186306994
urn:mavedb:00000394-a-1#3157,c.[12C>T;21C>T;36T>C;42C>G;49G>T;50A>G;51C>G;85C>G;86G>T;120A>G;123T>C;165G>A;168G>A],NA,p.[Asp17Trp;Arg29Val],-0.5892490371952128,-0.6335324405484731,-0.5476569219280135,0.0567639168307173,-1.4515686,1.0664383664693065,0.9972573122015096,1.1304018068094144
urn:mavedb:00000394-a-1#3158,c.[3C>T;6T>G;18C>T;21C>T;36T>C;49G>T;50A>G;51C>G;72C>T;75C>T;85C>A;86G>T;87T>C;120A>G;123T>C;138T>C;141A>G;165G>A;168G>A;174A>G],NA,p.[Asp17Trp;Arg29Ile],-0.4924181842398482,-0.5106053351035507,-0.459705660543941,0.0736332313924008,-1.4575658,1.2230253954590482,1.195690020891795,1.2718508080669892
urn:mavedb:00000394-a-1#3159,c.[15A>G;21C>T;27G>A;39C>T;49G>T;50A>G;51C>G;57T>G;85C>T;87T>G;120A>G;123T>C;138T>C;141A>G;168G>A;177G>A],NA,p.[Asp17Trp;Arg29Trp],-0.3555341497258889,-0.3892429054526828,-0.3390812216605648,0.0748449696937709,-1.4984593,1.4838722936136202,1.4351527942026958,1.5075458748555108
urn:mavedb:00000394-a-1#3160,c.[15A>G;21C>T;36T>C;42C>G;48C>T;49G>T;50A>G;51C>G;54G>A;72C>T;75C>T;85C>T;86G>A;87T>C;120A>G;123T>C;144C>T;177G>A],NA,p.[Asp17Trp;Arg29Tyr],-0.6619428289461504,-0.7176952708349783,-0.6362861657269858,0.0383138052150788,-1.479702,0.9967940164771032,0.9078543652307444,1.0370225654408862
urn:mavedb:00000394-a-1#3161,c.[3C>T;6T>G;21C>T;36T>C;42C>G;49G>T;50A>G;51C>G;63G>C;66G>A;75C>T;85C>T;86G>T;108G>C;120A>G;123T>C;132C>T;141A>G;165G>A;171T>G;174A>G;177G>A],NA,p.[Asp17Trp;Arg29Phe],-0.4838262043168687,-0.517537111308984,-0.4322579220780345,0.0609082467675843,-1.4870543,1.2797807357640063,1.2295329301545517,1.355838328007702
urn:mavedb:00000394-a-1#3162,c.[3C>T;6T>G;21C>T;36T>C;42C>G;49G>T;50A>G;51C>G;63G>C;66G>A;78C>T;86G>C;87T>G;120A>G;123T>C;129G>A;141A>G;165G>A;171T>G;174A>G;177G>A],NA,p.[Asp17Trp;Arg29Pro],-1.0818639985237517,-1.1515364896283704,-1.038787820363347,0.0531197779525755,-1.4386673,0.1406362351759563,-0.0376090720423196,0.2396480614135487
urn:mavedb:00000394-a-1#3163,c.[3C>T;6T>G;21C>T;36T>C;42C>G;49G>T;86G>A;87T>G;120A>G;123T>C;141A>G;165G>A;168G>A;174A>G],NA,p.[Asp17Tyr;Arg29Gln],-1.1870120115878848,-1.225857184324763,-1.1186941756760331,0.0293884420032372,-1.4374714,-0.1438683085947703,-0.2698548527242306,0.0466117521814422
urn:mavedb:00000394-a-1#3164,c.[6T>G;9G>A;21C>T;36T>C;49G>T;63G>C;66G>A;72C>T;75C>T;85C>G;86G>A;87T>A;120A>G;123T>C;147G>C;156T>C;177G>A],NA,p.[Asp17Tyr;Arg29Glu],-1.3620659269203688,-1.4151162004700215,-1.2864509339117762,0.0428704125045192,-1.4253521,-1.0742603646329212,-2.166817636579736,-0.5658608948637445
urn:mavedb:00000394-a-1#3165,c.[21C>T;49G>T;72C>T;75C>T;85C>A;86G>A;87T>C;120A>G;123T>C;129G>A;138T>C;141A>G;165G>A;168G>A;171T>G;174A>G;177G>A;183A>G],NA,p.[Asp17Tyr;Arg29Asn],-1.31724230807927,-1.4011971389103086,-1.2301728313200893,0.0423103537541496,-1.4334607,-0.6851632805816361,-1.4861247682962595,-0.2991390722435062
urn:mavedb:00000394-a-1#3166,c.[3C>T;15A>G;21C>T;36T>C;42C>G;49G>T;63G>C;69T>C;72C>T;75C>T;86G>A;102T>C;111G>C;120A>G;123T>C;141A>G;165G>A;171T>G;174A>G;177G>A],NA,p.[Asp17Tyr;Arg29His],-0.8845688961989815,-0.9488790463223236,-0.8390057337864285,0.0576950489075447,-1.4323173,0.5385574888535053,0.4148406725355718,0.6218299931933562
urn:mavedb:00000394-a-1#3167,c.[3C>T;6T>G;15A>G;21C>T;36T>C;42C>G;49G>T;54G>A;57T>G;69T>C;72C>T;75C>T;85C>G;86G>A;120A>G;126C>T;129G>A;135C>T;141A>G],NA,p.[Asp17Tyr;Arg29Asp],-1.292467656295633,-1.3415058321373534,-1.201029083233704,0.0400442461533142,-1.4239173,-0.6030761613739225,-0.9079752452518504,-0.23158999072478
urn:mavedb:00000394-a-1#3168,c.[21C>T;36T>C;42C>G;49G>T;75C>T;85C>A;86G>A;87T>A;108G>C;123T>C;129G>A;141A>G;165G>A;168G>A;177G>A],NA,p.[Asp17Tyr;Arg29Lys],-1.0774871719547132,-1.1263092307261329,-1.0229390163510446,0.0418333364290913,-1.4811187,0.2479368087516148,0.1358601271069755,0.3638285449502958
urn:mavedb:00000394-a-1#3169,c.[15A>G;21C>T;27G>A;42C>G;49G>T;72C>T;75C>T;85C>A;86G>C;120A>G;123T>C;126C>T;141A>G],NA,p.[Asp17Tyr;Arg29Thr],-1.2653804969321163,-1.3358195569551936,-1.2010684105281682,0.04903266274627,-1.4361868,-0.423362986933886,-0.7812394346981976,-0.1917259959629849
urn:mavedb:00000394-a-1#3170,c.[6T>G;9G>A;12C>T;21C>T;36T>C;42C>G;49G>T;57T>G;60T>C;75C>T;78C>T;85C>T;86G>C;120A>G;123T>C;138T>C;141A>G;162G>C;165G>A;171T>G;174A>G],NA,p.[Asp17Tyr;Arg29Ser],-1.1427337781235565,-1.2647262427981585,-1.060746093140155,0.0495357873785994,-1.4348717,-0.0238669025168246,-0.4260812718037424,0.1813102438230241
urn:mavedb:00000394-a-1#3171,c.[21C>T;36T>C;42C>G;49G>T;69T>C;72C>T;78C>T;85C>G;86G>C;120A>G;123T>C;138T>C;141A>G;165G>A;168G>A;177G>A;180G>C],NA,p.[Asp17Tyr;Arg29Ala],-0.8576852867118835,-0.9140540302778402,-0.7898611232463091,0.0409481146113627,-1.4481239,0.6166622408705014,0.5128913620357884,0.7355574924402976
urn:mavedb:00000394-a-1#3172,c.[3C>T;6T>G;21C>T;36T>C;42C>G;49G>T;69T>C;72C>T;85C>G;120A>G;123T>C;132C>T;141A>G;165G>A;171T>G],NA,p.[Asp17Tyr;Arg29Gly],-1.246184328101833,-1.2754277302345922,-1.2100715436796552,0.0314806219991494,-1.4376802,-0.3422704568613909,-0.4592396541742283,-0.2160137716663268
urn:mavedb:00000394-a-1#3173,c.[3C>T;6T>G;18C>T;21C>T;36T>C;42C>G;49G>T;54G>A;57T>G;84C>T;85C>A;86G>T;87T>G;111G>C;120A>G;132C>T;135C>T;138T>C;141A>G;162G>C;165G>A;171T>G;174A>G;177G>A],NA,p.[Asp17Tyr;Arg29Met],-0.4839254676800549,-0.5704629687171873,-0.4511266819893374,0.0663905910608683,-1.4619865,1.2423441833760631,1.111433552093804,1.2911322978035238
urn:mavedb:00000394-a-1#3174,c.[21C>T;30G>C;36T>C;42C>G;49G>T;78C>T;86G>T;87T>G;90T>C;102T>C;120A>G;123T>C;126C>T;129G>A;144C>T;156T>C;165G>A;171T>G;174A>G;177G>A],NA,p.[Asp17Tyr;Arg29Leu],-0.3855033176818263,-0.4239240913240992,-0.3663919614599792,0.0519281051195455,-1.4596858,1.3842481429107367,1.3279132343611142,1.4120994901518915
urn:mavedb:00000394-a-1#3175,c.[3C>T;15A>G;21C>T;36T>C;42C>G;49G>T;51C>T;72C>T;75C>T;85C>G;86G>T;120A>G;123T>C;138T>C;141A>G;156T>C;165G>A;171T>G;174A>G;177G>A;198G>T;207T>C],NA,p.[Asp17Tyr;Arg29Val],-0.6398103115848547,-0.7216164007801574,-0.574529550781791,0.0622873873028781,-1.4450722,0.9770784584391798,0.8449948053378823,1.079165401100966
urn:mavedb:00000394-a-1#3176,c.[3C>T;6T>G;21C>T;36T>C;42C>G;49G>T;60T>C;66G>A;72C>T;75C>T;78C>T;85C>A;86G>T;87T>C;120A>G;123T>C;141A>G;144C>T;150C>T;165G>A;168G>A;171T>G;177G>A;207T>C],NA,p.[Asp17Tyr;Arg29Ile],-0.676197504919501,-0.7262817234480635,-0.6482754329304516,0.0594318969322549,-1.4511151,0.9286745646611272,0.8472588459019385,0.9732329187104678
urn:mavedb:00000394-a-1#3177,c.[6T>G;9G>A;21C>T;36T>C;42C>G;49G>T;63G>C;72C>T;75C>T;85C>T;87T>G;114C>T;120A>G;129G>A;135C>T;141A>G;162G>C;165G>A;168G>A;177G>A],NA,p.[Asp17Tyr;Arg29Trp],-0.5932187017154237,-0.6406743821398649,-0.5590417698671392,0.0598943906240959,-1.4923224,1.1230078186574697,1.0498328302939983,1.174991740078704
urn:mavedb:00000394-a-1#3178,c.[18C>T;21C>T;27G>A;39C>T;42C>G;49G>T;72C>T;75C>T;85C>T;86G>A;87T>C;120A>G;123T>C;153A>G;165G>A;168G>A;171T>G;177G>A],NA,p.[Asp17Tyr;Arg29Tyr],-0.7193740836521721,-0.754758205965537,-0.6884741720354005,0.0587479554480672,-1.4734206,0.8949737539958713,0.8370651977752298,0.9447229394195192
urn:mavedb:00000394-a-1#3179,c.[3C>T;21C>T;30G>C;39C>T;49G>T;85C>T;86G>T;90T>C;105C>T;111G>C;120A>G;141A>G;150C>T;171T>G;174A>G;177G>A;180G>C],NA,p.[Asp17Tyr;Arg29Phe],-0.6445602592867921,-0.6991234149123248,-0.6134818703023364,0.0436450983073316,-1.4808288,1.025855816238549,0.9395320097784436,1.074188207621013
urn:mavedb:00000394-a-1#3180,c.[3C>T;6T>G;21C>T;36T>C;42C>G;49G>T;72C>T;75C>T;86G>C;87T>G;102T>C;111G>C;120A>G;132C>T;138T>C;141A>G;153A>G;165G>A;171T>G;174A>G;177G>A;180G>C;183A>G;198G>T],NA,p.[Asp17Tyr;Arg29Pro],-1.0704864420824358,-1.1217039489348934,-1.0049449297360868,0.0578475800988582,-1.4320679,0.1519813206375725,0.0248073028883803,0.2989246376172548
urn:mavedb:00000394-a-1#3181,c.[21C>T;36T>C;42C>G;49G>T;50A>T;86G>A;87T>G;120A>G;123T>C;144C>T;165G>A;168G>A],NA,p.[Asp17Phe;Arg29Gln],-1.143261207943397,-1.1651485916952626,-1.1206841076356957,0.034120280447126,-1.4502845,0.0160310237005967,-0.0431341239628675,0.074094506232963
urn:mavedb:00000394-a-1#3182,c.[3C>T;12C>T;21C>T;36T>C;42C>G;49G>T;50A>T;57T>G;60T>C;69T>C;85C>G;86G>A;87T>G;102T>C;111G>C;114C>T;120A>G;123T>C;129G>A;138T>C;141A>G;144C>T;150C>T;165G>A;168G>A;171T>G;183A>G],NA,p.[Asp17Phe;Arg29Glu],-1.2704784387839825,-1.320511440389851,-1.2079564095353006,0.0442534729026006,-1.4383512,-0.435497840962278,-0.6759970290521043,-0.2069334133914759
urn:mavedb:00000394-a-1#3183,c.[21C>T;39C>T;42C>G;49G>T;50A>T;72C>T;75C>T;85C>A;86G>A;87T>C;120A>G;123T>C;138T>C;141A>G;177G>A],NA,p.[Asp17Phe;Arg29Asn],-1.33788975805739,-1.4296275709419888,-1.2778447495453629,0.0428772150098307,-1.4463348,-0.7307335517985681,-1.8783109537521807,-0.4329319423998327
urn:mavedb:00000394-a-1#3184,c.[3C>T;6T>G;21C>T;36T>C;42C>G;49G>T;50A>T;86G>A;87T>C;120A>G;123T>C;138T>C;141A>G;165G>A;168G>A;174A>G],NA,p.[Asp17Phe;Arg29His],-1.0203464443400567,-1.0586293608133683,-0.9729192326794726,0.0337817700682114,-1.445209,0.2940884191710087,0.2098186925146767,0.3925148183690471
urn:mavedb:00000394-a-1#3185,c.[27G>A;39C>T;42C>G;49G>T;50A>T;85C>G;86G>A;87T>C;99G>C;123T>C;126C>T;132C>T;135C>T;141A>G;165G>A;171T>G;174A>G;177G>A],NA,p.[Asp17Phe;Arg29Asp],-1.3757562322701085,-1.4192747918830335,-1.3427894385991894,0.0417958985858667,-1.4369383,-1.0953127843558748,-1.8453841365664545,-0.8226440194783413
urn:mavedb:00000394-a-1#3186,c.[3C>T;21C>T;36T>C;39C>T;42C>G;49G>T;50A>T;72C>T;75C>T;85C>A;86G>A;87T>A;108G>C;114C>T;120A>G;123T>C;129G>A;132C>T;135C>T;141A>G;162G>C;165G>A;168G>A;177G>A;180G>C;183A>G],NA,p.[Asp17Phe;Arg29Lys],-0.8348544771858286,-0.8765857139803981,-0.7979106401394347,0.0397778546145522,-1.4932809,0.735808246144353,0.6633555851070544,0.7983273208417858
urn:mavedb:00000394-a-1#3187,c.[12C>T;15A>G;21C>T;39C>T;42C>G;49G>T;50A>T;72C>T;75C>T;85C>A;86G>C;120A>G;123T>C;141A>G;144C>T;171T>G],NA,p.[Asp17Phe;Arg29Thr],-1.0936539824738394,-1.1397428865504473,-1.010938732509272,0.053823801668902,-1.4490185,0.1371980408299161,0.0219518116176837,0.3221244192070617
urn:mavedb:00000394-a-1#3188,c.[3C>T;21C>T;24C>T;36T>C;42C>G;49G>T;50A>T;72C>T;75C>T;78C>T;85C>T;86G>C;120A>G;123T>C;141A>G;177G>A;183A>G],NA,p.[Asp17Phe;Arg29Ser],-0.954101595321383,-1.0168570061087543,-0.9174044864457972,0.0611554764770144,-1.4477248,0.4349805028199391,0.3068884920324446,0.5058004929898652
urn:mavedb:00000394-a-1#3189,c.[12C>T;21C>T;36T>C;42C>G;49G>T;50A>T;72C>T;75C>T;85C>G;86G>C;120A>G;123T>C;132C>T;165G>A;171T>G;177G>A],NA,p.[Asp17Phe;Arg29Ala],-0.9900403381823826,-1.0245321595514367,-0.8926149630278215,0.0408432203578129,-1.4607759,0.3893734406135249,0.318254673902149,0.5762462911268984
urn:mavedb:00000394-a-1#3190,c.[3C>T;6T>G;21C>T;36T>C;42C>G;49G>T;50A>T;85C>G;120A>G;123T>C;141A>G;165G>A;171T>G;174A>G;177G>A;198G>T],NA,p.[Asp17Phe;Arg29Gly],-1.1307195182281289,-1.178013333941131,-1.025653605800324,0.0623296037984029,-1.4504895,0.0491548234847228,-0.078830239948377,0.2940292342559676
urn:mavedb:00000394-a-1#3191,c.[21C>T;36T>C;42C>G;49G>T;50A>T;84C>T;85C>A;86G>T;87T>G;120A>G;123T>C;132C>T;183A>G],NA,p.[Asp17Phe;Arg29Met],-0.6701805474264436,-0.7108585752295808,-0.6555831886796881,0.0361963669508852,-1.474432,0.9754497423066558,0.91038893933283,0.998515863009143
urn:mavedb:00000394-a-1#3192,c.[21C>T;36T>C;42C>G;49G>T;50A>T;66G>A;72C>T;75C>T;86G>T;87T>G;105C>T;114C>T;120A>G;123T>C;126C>T;132C>T;138T>C;141A>G;144C>T;153A>G;165G>A;168G>A;177G>A],NA,p.[Asp17Phe;Arg29Leu],-0.4191959771782657,-0.4564445047015793,-0.395483200343137,0.0427937546897991,-1.4721651,1.3531823116710997,1.298313171326751,1.3878752649268151
urn:mavedb:00000394-a-1#3193,c.[3C>T;6T>G;21C>T;24C>T;36T>C;42C>G;49G>T;50A>T;72C>T;75C>T;78C>T;85C>G;86G>T;120A>G;123T>C;141A>G;165G>A;168G>A;174A>G],NA,p.[Asp17Phe;Arg29Val],-0.6728070380172572,-0.6924182420332503,-0.6377761454112423,0.0500561162457373,-1.4577694,0.9447622096027,0.9132717884855764,1.0003342649589606
urn:mavedb:00000394-a-1#3194,c.[21C>T;30G>C;39C>T;49G>T;50A>T;72C>T;75C>T;85C>A;86G>T;87T>C;120A>G;123T>C;144C>T;165G>A;168G>A;171T>G;174A>G;177G>A],NA,p.[Asp17Phe;Arg29Ile],-0.426366649690499,-0.4649513349993986,-0.342755275493203,0.0963215577731901,-1.4637232,1.3302548803110568,1.2731966423206245,1.4522357899694711
urn:mavedb:00000394-a-1#3195,c.[3C>T;6T>G;9G>A;21C>T;36T>C;39C>T;49G>T;50A>T;57T>G;72C>T;75C>T;85C>T;87T>G;120A>G;123T>C;129G>A;141A>G;177G>A],NA,p.[Asp17Phe;Arg29Trp],-0.5190925338462034,-0.5724324133853393,-0.4697523374260509,0.0634812630909844,-1.5043178,1.2529795042037513,1.1728666038079587,1.326084063559686
urn:mavedb:00000394-a-1#3196,c.[3C>T;21C>T;36T>C;42C>G;49G>T;50A>T;72C>T;75C>T;85C>T;86G>A;87T>C;105C>T;111G>C;120A>G;123T>C;141A>G;165G>A;168G>A;177G>A],NA,p.[Asp17Phe;Arg29Tyr],-0.668026207491371,-0.689591535537749,-0.6077301724944877,0.039185791976225,-1.4856973,0.9966497175581164,0.9625061305335012,1.0905735465126063
urn:mavedb:00000394-a-1#3197,c.[6T>G;9G>A;12C>T;15A>G;21C>T;42C>G;49G>T;50A>T;72C>T;75C>T;78C>T;85C>T;86G>T;87T>C;120A>G;123T>C;138T>C;141A>G;168G>A;174A>G;180G>C],NA,p.[Asp17Phe;Arg29Phe],-0.5767891876068737,-0.6254823691122496,-0.5131707079846126,0.0565887946125312,-1.4929957,1.149091013483944,1.0744331449291606,1.2449369969302704
urn:mavedb:00000394-a-1#3198,c.[6T>G;9G>A;12C>T;21C>T;36T>C;42C>G;49G>T;50A>T;86G>C;87T>G;120A>G;123T>C;126C>T;132C>T;141A>G;144C>T;162G>C;165G>A;168G>A],NA,p.[Asp17Phe;Arg29Pro],-1.100224521013049,-1.164814267680462,-1.0715015472258738,0.0482831565521152,-1.4449639,0.1115518269837775,-0.0570546454909965,0.1797715503025947
urn:mavedb:00000394-a-1#3199,c.[21C>T;36T>C;42C>G;48C>T;49G>C;50A>C;51C>G;54G>A;66G>A;75C>T;78C>T;86G>A;87T>G;120A>G;123T>C;126C>T;132C>T;135C>T;138T>C;141A>G;165G>A;171T>G;174A>G;177G>A],NA,p.[Asp17Pro;Arg29Gln],-1.3897058396150026,-1.4581863388642458,-1.347113260725767,0.0471411182085513,-1.4198513,-1.52693849600664,-25.0,-0.9870468107727904
urn:mavedb:00000394-a-1#3200,c.[3C>T;6T>G;12C>T;21C>T;36T>C;42C>G;48C>T;49G>C;50A>C;51C>G;54G>A;69T>C;72C>T;85C>G;86G>A;87T>A;120A>G;123T>C;141A>G;150C>T;153A>G;165G>A;168G>A;177G>A],NA,p.[Asp17Pro;Arg29Glu],-1.399877942135572,-1.4864505154537182,-1.3044429478994513,0.0546261165757608,-1.4074659,-2.342205717567211,-25.0,-0.7642433701842772
urn:mavedb:00000394-a-1#3201,c.[3C>T;9G>A;21C>T;36T>C;42C>G;48C>T;49G>C;50A>C;51C>A;54G>A;63G>C;85C>A;86G>A;87T>C;111G>C;120A>G;123T>C;132C>T;141A>G;144C>T;165G>A;171T>G;174A>G;177G>A],NA,p.[Asp17Pro;Arg29Asn],-1.4180050168325171,-1.4953825357052208,-1.3724237881690693,0.053950876188954,-1.4157534,-15.0,-25.0,-1.307582521918003
urn:mavedb:00000394-a-1#3202,c.[21C>T;36T>C;39C>T;48C>T;49G>C;50A>C;51C>A;54G>A;69T>C;72C>T;78C>T;86G>A;87T>C;99G>C;120A>G;123T>C;171T>G;177G>A;180G>C],NA,p.[Asp17Pro;Arg29His],-1.404388875732942,-1.4918628086662609,-1.3549444437539009,0.0529797386673377,-1.4145851,-2.169094969994682,-25.0,-1.1111617781465395
urn:mavedb:00000394-a-1#3203,c.[3C>T;6T>G;12C>T;21C>T;36T>C;42C>G;48C>T;49G>C;50A>C;51C>G;54G>A;72C>T;75C>T;85C>G;86G>A;87T>C;120A>G;141A>G;165G>A;168G>A;174A>G;183A>G],NA,p.[Asp17Pro;Arg29Asp],-1.4439027094604326,-1.509357665439134,-1.3970970715819586,0.0308499165821655,-1.4059982,-15.0,-25.0,-2.2487485810506125
urn:mavedb:00000394-a-1#3204,c.[3C>T;15A>G;21C>T;36T>C;42C>G;48C>T;49G>C;50A>C;51C>A;85C>A;86G>A;87T>A;102T>C;105C>T;111G>C;123T>C;126C>T;132C>T;135C>T;141A>G;165G>A;168G>A;177G>A],NA,p.[Asp17Pro;Arg29Lys],-1.4949715262094183,-1.5485490124189,-1.4109398253663674,0.0456618358085385,-1.464406,-15.0,-25.0,-1.1787712506592725
urn:mavedb:00000394-a-1#3205,c.[21C>T;36T>C;42C>G;48C>T;49G>C;50A>C;51C>A;85C>A;86G>A;87T>A;99G>C;120A>G;123T>C;132C>T;141A>G;168G>A;171T>G;174A>G],NA,p.[Asp17Pro;Arg29Lys],-1.1873710293708029,-1.29691299607916,-1.0990051957908438,0.0526495648326976,-1.4898591,0.0040071526713983,-0.3368664405035525,0.219456438137578
urn:mavedb:00000394-a-1#3206,c.[3C>T;6T>G;12C>T;21C>T;36T>C;39C>T;42C>G;48C>T;49G>C;50A>C;51C>G;84C>T;85C>A;86G>C;87T>C;120A>G;123T>C;135C>T;165G>A;168G>A;174A>G],NA,p.[Asp17Pro;Arg29Thr],-1.392533885640864,-1.4300307890345028,-1.3287289864531195,0.0460433551205985,-1.418539,-1.6154233310813295,-25.0,-0.8530055309553053
urn:mavedb:00000394-a-1#3207,c.[3C>T;21C>T;42C>G;48C>T;49G>C;50A>C;51C>A;63G>C;85C>T;86G>C;99G>C;120A>G;141A>G;165G>A;168G>A;171T>G;174A>G;177G>A],NA,p.[Asp17Pro;Arg29Ser],-1.4135917034961398,-1.5551826219131606,-1.2720904807325346,0.0818627782524663,-1.4171958,-2.776678925307348,-25.0,-0.5361451592907678
urn:mavedb:00000394-a-1#3208,c.[21C>T;30G>C;42C>G;48C>T;49G>C;50A>C;51C>G;54G>A;78C>T;85C>G;86G>C;108G>C;120A>G;171T>G;174A>G;177G>A],NA,p.[Asp17Pro;Arg29Ala],-1.2418030094697703,-1.3335489391006428,-1.195884522981334,0.0702231351450435,-1.4307308,-0.3519398105364558,-0.8021526379675177,-0.1925942659325113
urn:mavedb:00000394-a-1#3209,c.[3C>T;6T>G;18C>T;21C>T;27G>A;48C>T;49G>C;50A>C;51C>A;60T>C;72C>T;75C>T;85C>G;120A>G;141A>G;165G>A;168G>A;174A>G],NA,p.[Asp17Pro;Arg29Gly],-1.3893945112039665,-1.4632271139491635,-1.2887985329220446,0.0518711062062746,-1.4200644,-1.5165809046395509,-25.0,-0.6040157128684315
urn:mavedb:00000394-a-1#3210,c.[3C>T;6T>G;18C>T;21C>T;36T>C;42C>G;48C>T;49G>C;50A>C;51C>G;72C>T;75C>T;84C>T;85C>A;86G>T;87T>G;120A>G;123T>C;141A>G;165G>A;168G>A;174A>G],NA,p.[Asp17Pro;Arg29Met],-1.1195616123597647,-1.2056688947605558,-1.0710894748513315,0.044262391162032,-1.4448819,0.0632999637330453,-0.1787315828819901,0.1805357109458866
urn:mavedb:00000394-a-1#3211,c.[3C>T;6T>G;15A>G;21C>T;36T>C;42C>G;48C>T;49G>C;50A>C;51C>A;72C>T;75C>T;86G>T;87T>G;120A>G;123T>C;141A>G;168G>A;177G>A],NA,p.[Asp17Pro;Arg29Leu],-0.8978644110376849,-0.9556177973774056,-0.8546818900768113,0.0540264434967408,-1.4425335,0.5328041730784262,0.4217402790392791,0.6120105957310245
urn:mavedb:00000394-a-1#3212,c.[3C>T;6T>G;12C>T;21C>T;36T>C;42C>G;48C>T;49G>C;50A>C;51C>G;63G>C;78C>T;84C>T;85C>G;86G>T;102T>C;120A>G;129G>A;141A>G;165G>A;168G>A;174A>G],NA,p.[Asp17Pro;Arg29Val],-0.891494223644602,-0.9487907182941756,-0.8538909678959924,0.0695695814558515,-1.4276142,0.5167686491167861,0.4056384189225351,0.5864243043587795
urn:mavedb:00000394-a-1#3213,c.[15A>G;21C>T;36T>C;42C>G;48C>T;49G>C;50A>C;51C>A;54G>A;60T>C;63G>C;85C>A;86G>T;87T>C;102T>C;120A>G;123T>C;126C>T;135C>T;138T>C;141A>G;147G>C;165G>A;171T>G;174A>G;177G>A],NA,p.[Asp17Pro;Arg29Ile],0.2507558711000934,0.108363183831733,0.4324811391443053,0.1447666592879524,-1.433785,2.240862162160199,2.045008255784272,2.489437759269536
urn:mavedb:00000394-a-1#3214,c.[3C>T;6T>G;15A>G;21C>T;36T>C;42C>G;48C>T;49G>C;50A>C;51C>G;54G>A;63G>C;85C>T;87T>G;120A>G;123T>C;141A>G;165G>A;168G>A;174A>G],NA,p.[Asp17Pro;Arg29Trp],-0.7133750542478681,-0.7413867609978739,-0.6788100205132068,0.0427569910149668,-1.4758368,0.908592574361373,0.8630318978076001,0.9639794218605594
urn:mavedb:00000394-a-1#3215,c.[6T>G;9G>A;12C>T;21C>T;36T>C;42C>G;48C>T;49G>C;50A>C;51C>G;54G>A;57T>G;60T>C;63G>C;69T>C;72C>T;85C>T;86G>A;99G>C;120A>G;123T>C;141A>G;144C>T;165G>A;168G>A;171T>G;174A>G],NA,p.[Asp17Pro;Arg29Tyr],0.8630394324129795,0.730852006146251,0.976755231008418,0.1734082977817027,-1.4565506,3.108562739437972,2.9274493073961136,3.2651870779555483
urn:mavedb:00000394-a-1#3216,c.[21C>T;36T>C;42C>G;48C>T;49G>C;50A>C;51C>G;57T>G;85C>T;86G>T;87T>C;120A>G;123T>C;141A>G;156T>C;165G>A;171T>G;174A>G;177G>A;198G>T;207T>C],NA,p.[Asp17Pro;Arg29Phe],-0.935586562448491,-1.022592080323434,-0.8965601390058716,0.0655437608964719,-1.4641099,0.5023848511154589,0.3293305258377842,0.575125305000352
urn:mavedb:00000394-a-1#3217,c.[6T>G;9G>A;12C>T;21C>T;36T>C;42C>G;48C>T;49G>C;50A>C;51C>A;60T>C;69T>C;72C>T;86G>C;87T>G;120A>G;123T>C;129G>A;138T>C;141A>G;156T>C;165G>A;168G>A;174A>G],NA,p.[Asp17Pro;Arg29Pro],-1.1815979816831317,-1.236109875056144,-1.1373953014651788,0.0573946507960839,-1.414331,-0.1993702253417541,-0.3934270691355155,-0.0661127582923771
urn:mavedb:00000394-a-1#3218,c.[6T>G;9G>A;12C>T;21C>T;36T>C;37A>C;38C>A;39C>G;42C>G;48C>T;72C>T;75C>T;82G>C;84C>A;90T>C;120A>G;123T>C;129G>A;165G>A;171T>G;174A>G;177G>A],NA,p.[Thr13Gln;Asp28Gln],-1.1353594055376277,-1.1992154284647003,-1.0778601118706896,0.037015754444533,-1.5909371,0.3584490240543867,0.221377929430429,0.4727940228305844
urn:mavedb:00000394-a-1#3219,c.[6T>G;9G>A;21C>T;36T>C;37A>C;38C>A;39C>G;42C>G;63G>C;69T>C;72C>T;84C>A;87T>C;120A>G;123T>C;126C>T;129G>A;141A>G;165G>A;171T>G;174A>G;177G>A],NA,p.[Thr13Gln;Asp28Glu],-0.662970329317464,-0.6905193629375814,-0.6387972273058907,0.0599623639997239,-1.5511847,1.10626574573435,1.063778464557786,1.143218488177102
urn:mavedb:00000394-a-1#3220,c.[6T>G;9G>A;12C>T;21C>T;36T>C;37A>C;38C>A;39C>G;72C>T;75C>T;82G>A;120A>G;123T>C;126C>T;129G>A;141A>G;177G>A;180G>C],NA,p.[Thr13Gln;Asp28Asn],-1.5926301339730948,-1.639148842896908,-1.5184737840113134,0.0305919933425452,-1.5788841,-15.0,-25.0,-1.1032244339739854
urn:mavedb:00000394-a-1#3221,c.[12C>T;21C>T;30G>C;36T>C;37A>C;38C>A;39C>G;42C>G;51C>T;54G>A;82G>C;120A>G;123T>C;138T>C;141A>G;162G>C;165G>A;171T>G;174A>G;177G>A;198G>T;207T>C],NA,p.[Thr13Gln;Asp28His],-1.31904021355308,-1.3371468064817973,-1.2670125016916816,0.0360157572574493,-1.5726619,-0.1343076108985201,-0.1904905676314695,0.012372675814406
urn:mavedb:00000394-a-1#3222,c.[3C>T;21C>T;36T>C;37A>C;38C>A;39C>G;42C>G;82G>C;83A>G;84C>T;120A>G;123T>C;126C>T;141A>G;165G>A;171T>G;174A>G;177G>A],NA,p.[Thr13Gln;Asp28Arg],-1.6558785617374694,-1.7388676606488356,-1.551157039085283,0.0459582035092863,-1.697309,-1.3349044729210109,-25.0,-0.5312852423938692
urn:mavedb:00000394-a-1#3223,c.[21C>T;36T>C;37A>C;38C>A;39C>G;42C>G;82G>A;84C>A;123T>C;126C>T;129G>A;141A>G;171T>G;174A>G;177G>A],NA,p.[Thr13Gln;Asp28Lys],-1.62436526105754,-1.7453589264841136,-1.5151704492974238,0.0526220245987795,-1.6261468,-3.186588667920858,-25.0,-0.715617729341376
urn:mavedb:00000394-a-1#3224,c.[3C>T;6T>G;12C>T;21C>T;27G>A;36T>C;37A>C;38C>A;39C>G;42C>G;82G>A;83A>C;84C>T;120A>G;141A>G;165G>A;168G>A;171T>G;174A>G;180G>C],NA,p.[Thr13Gln;Asp28Thr],-1.517365570777318,-1.5657041314696505,-1.4616668198405078,0.0358327058140789,-1.5985756,-0.917348292453302,-1.474910094023946,-0.5756728022944012
urn:mavedb:00000394-a-1#3225,c.[21C>T;36T>C;37A>C;38C>A;39C>G;42C>G;69T>C;72C>T;82G>T;83A>C;120A>G;123T>C;126C>T;141A>G;171T>G;177G>A],NA,p.[Thr13Gln;Asp28Ser],-1.4727267868802398,-1.6385729317738875,-1.3241896722151665,0.037531301699861,-1.6031971,-0.6081320152014585,-25.0,-0.060306744840461
urn:mavedb:00000394-a-1#3226,c.[21C>T;30G>C;36T>C;37A>C;38C>A;39C>G;42C>G;48C>T;72C>T;75C>T;83A>C;84C>G;120A>G;123T>C;141A>G;165G>A;171T>G;174A>G;177G>A],NA,p.[Thr13Gln;Asp28Ala],-1.5065883507321245,-1.592722417586432,-1.4242968008042625,0.0278597150012656,-1.615665,-0.7269530855714118,-1.6901881361520452,-0.3427837862156273
urn:mavedb:00000394-a-1#3227,c.[3C>T;21C>T;36T>C;37A>C;38C>A;39C>G;42C>G;54G>A;83A>G;84C>T;120A>G;123T>C;126C>T;141A>G;165G>A;171T>G;174A>G;177G>A],NA,p.[Thr13Gln;Asp28Gly],-1.6122221746281111,-1.7656513716767266,-1.497461755210361,0.0440231247380439,-1.5941682,-15.0,-25.0,-0.8053529887783752
urn:mavedb:00000394-a-1#3228,c.[21C>T;36T>C;37A>C;38C>A;39C>G;42C>G;48C>T;54G>A;69T>C;72C>T;78C>T;82G>A;83A>T;84C>G;120A>G;123T>C;126C>T;141A>G;162G>C;165G>A;171T>G;174A>G;177G>A;207T>C],NA,p.[Thr13Gln;Asp28Met],-1.177556260310651,-1.244285956355094,-1.0942554432447895,0.0636056525559806,-1.6360221,0.3643626262047485,0.2213990238087462,0.5272887953868926
urn:mavedb:00000394-a-1#3229,c.[21C>T;36T>C;37A>C;38C>A;39C>G;42C>G;82G>T;83A>G;90T>C;96C>T;120A>G;129G>A;141A>G;165G>A;171T>G;174A>G;177G>A],NA,p.[Thr13Gln;Asp28Cys],-0.6312197135032195,-0.6413824221855541,-0.6209569731533633,0.0364116957224497,-1.6145153,1.2499778771931946,1.2348008868263327,1.265262780555796
urn:mavedb:00000394-a-1#3230,c.[21C>T;36T>C;37A>C;38C>A;39C>G;42C>G;51C>T;72C>T;75C>T;82G>C;83A>T;84C>G;93C>T;120A>G;123T>C;132C>T;135C>T;141A>G;150C>T;165G>A;171T>G;174A>G;177G>A;198G>T;207T>C],NA,p.[Thr13Gln;Asp28Leu],-1.049652336120491,-1.0823808977609857,-0.993605589893482,0.0477461096575001,-1.6209793,0.5819616494280098,0.521347825396723,0.682032419215531
urn:mavedb:00000394-a-1#3231,c.[21C>T;36T>C;37A>C;38C>A;39C>G;42C>G;51C>T;83A>T;84C>T;120A>G;123T>C;141A>G;165G>A;171T>G;174A>G;177G>A],NA,p.[Thr13Gln;Asp28Val],-1.3432790759349291,-1.396355600990545,-1.2983850785340283,0.0503411683186606,-1.6058807,-0.1075447834222166,-0.2771519374936372,0.0172352827677511
urn:mavedb:00000394-a-1#3232,c.[6T>G;9G>A;21C>T;36T>C;37A>C;38C>A;39C>G;42C>G;57T>G;72C>T;75C>T;78C>T;82G>A;83A>T;102T>C;120A>G;141A>G;165G>A;171T>G;174A>G;177G>A;207T>C],NA,p.[Thr13Gln;Asp28Ile],-0.8026060676447799,-0.8578965557804865,-0.6967975517541554,0.0717616666106039,-1.6157036,0.9893335915138696,0.9009687068195914,1.1530746563523837
urn:mavedb:00000394-a-1#3233,c.[21C>T;36T>C;37A>C;38C>A;39C>G;42C>G;48C>T;69T>C;72C>T;78C>T;82G>T;83A>G;84C>G;120A>G;123T>C;141A>G;150C>T;171T>G;174A>G;177G>A],NA,p.[Thr13Gln;Asp28Trp],-0.8638279985184476,-0.8931241909904434,-0.8309523108919548,0.0519191296818949,-1.6453896,0.9391861508198266,0.8919696665245688,0.9914291319536556
urn:mavedb:00000394-a-1#3234,c.[3C>T;21C>T;27G>A;36T>C;37A>C;38C>A;39C>G;42C>G;78C>T;82G>T;102T>C;120A>G;123T>C;126C>T;141A>G;165G>A;171T>G;174A>G;177G>A;207T>C],NA,p.[Thr13Gln;Asp28Tyr],-0.9018762496494358,-0.939699884879957,-0.8279472124981431,0.0593852045340247,-1.6234517,0.841778334092999,0.7787433863142897,0.9614478235676536
urn:mavedb:00000394-a-1#3235,c.[21C>T;36T>C;37A>C;38C>A;39C>G;42C>G;82G>T;83A>T;120A>G;141A>G;177G>A],NA,p.[Thr13Gln;Asp28Phe],-0.9396636670072516,-1.0061132991327102,-0.8979328309238096,0.0601290281156105,-1.6382904,0.8036884112052919,0.690407683819701,0.8725885824270257
urn:mavedb:00000394-a-1#3236,c.[3C>T;6T>G;21C>T;36T>C;37A>C;38C>A;39C>G;42C>G;82G>C;83A>C;84C>A;120A>G;123T>C;126C>T;141A>G;174A>G],NA,p.[Thr13Gln;Asp28Pro],-1.502583893206218,-1.5455555822989575,-1.409288854893968,0.0343921864244698,-1.5887156,-0.8798279208646701,-1.3099978319715706,-0.3886916098091021
urn:mavedb:00000394-a-1#3237,c.[3C>T;6T>G;21C>T;36T>C;37A>G;38C>A;39C>A;42C>G;82G>C;84C>G;120A>G;123T>C;126C>T;141A>G;165G>A;168G>A;171T>G;174A>G;177G>A;198G>T],NA,p.[Thr13Glu;Asp28Gln],-1.051258786204784,-1.0754957554010132,-1.034882772438083,0.0192969941853201,-1.5834708,0.5093213842473397,0.4629391727555051,0.5400514322980893
urn:mavedb:00000394-a-1#3238,c.[21C>T;36T>C;37A>G;38C>A;39C>A;42C>G;84C>A;87T>C;120A>G;129G>A;141A>G;165G>A;171T>G;174A>G;177G>A],NA,p.[Thr13Glu;Asp28Glu],-0.76641074149373,-0.789964101387669,-0.758233731471791,0.0187216113926971,-1.54319,0.9315886888597156,0.8935906451334271,0.9446828627659692
urn:mavedb:00000394-a-1#3239,c.[6T>G;9G>A;21C>T;36T>C;37A>G;38C>A;39C>A;42C>G;48C>T;63G>C;72C>T;75C>T;82G>A;120A>G;123T>C;141A>G;165G>A;171T>G;174A>G;177G>A],NA,p.[Thr13Glu;Asp28Asn],-1.3995072733970542,-1.500262843417857,-1.3001276890818114,0.0379551004723991,-1.5712471,-0.4195639182194536,-1.0024303858968608,-0.082755182908614
urn:mavedb:00000394-a-1#3240,c.[21C>T;36T>C;37A>G;38C>A;39C>A;42C>G;69T>C;72C>T;82G>C;120A>G;129G>A;141A>G;171T>G],NA,p.[Thr13Glu;Asp28His],-1.4497284177206295,-1.4989465262690655,-1.3553515116750796,0.033981711024258,-1.5649414,-0.6909270832520286,-1.048120407807396,-0.2769185970264121
urn:mavedb:00000394-a-1#3241,c.[6T>G;9G>A;12C>T;21C>T;36T>C;37A>G;38C>A;39C>A;42C>G;72C>T;75C>T;82G>C;83A>G;84C>T;120A>G;123T>C;126C>T;141A>G;165G>A;171T>G;174A>G;177G>A;207T>C],NA,p.[Thr13Glu;Asp28Arg],-1.6001968290293225,-1.6399805724248335,-1.5517127041111745,0.039035633201337,-1.6918697,-0.8398509099413847,-1.1972399476545743,-0.5598005241592507
urn:mavedb:00000394-a-1#3242,c.[3C>T;6T>G;21C>T;36T>C;37A>G;38C>A;39C>A;42C>G;51C>T;57T>G;66G>A;82G>A;84C>A;120A>G;123T>C;141A>G;165G>A;168G>A;171T>G;174A>G;177G>A],NA,p.[Thr13Glu;Asp28Lys],-1.630899200525144,-1.6930562749857636,-1.5663868879543346,0.0347353495109244,-1.619237,-15.0,-25.0,-1.1859342770552437
urn:mavedb:00000394-a-1#3243,c.[12C>T;21C>T;36T>C;37A>G;38C>A;39C>A;42C>G;82G>A;83A>C;84C>T;120A>G;123T>C;126C>T;129G>A;141A>G;165G>A;171T>G;174A>G;177G>A;180G>C;186A>G;189G>A],NA,p.[Thr13Glu;Asp28Thr],-1.5657133797169565,-1.61522544375582,-1.5283216464448288,0.0392726832783158,-1.5912213,-1.6269794929362351,-25.0,-1.0781032614628927
urn:mavedb:00000394-a-1#3244,c.[21C>T;36T>C;37A>G;38C>A;39C>A;42C>G;51C>T;72C>T;75C>T;82G>T;83A>C;84C>T;120A>G;123T>C;141A>G;165G>A;171T>G;177G>A],NA,p.[Thr13Glu;Asp28Ser],-1.4800121368637282,-1.52742413947026,-1.4235600653623772,0.0302781830818736,-1.5959139,-0.6869940580825108,-1.0248929981665118,-0.4170609225942109
urn:mavedb:00000394-a-1#3245,c.[21C>T;27G>A;36T>C;37A>G;38C>A;39C>A;42C>G;51C>T;75C>T;78C>T;83A>C;84C>G;96C>T;99G>C;120A>G;141A>G;165G>A;171T>G;174A>G;177G>A;198G>T],NA,p.[Thr13Glu;Asp28Ala],-1.337590838330163,-1.38909467208431,-1.2843777815502202,0.0468301386670014,-1.6085787,-0.0831411883673739,-0.2430225721037658,0.0604170961653372
urn:mavedb:00000394-a-1#3246,c.[21C>T;36T>C;37A>G;38C>A;39C>A;42C>G;72C>T;75C>T;83A>G;84C>T;120A>G;123T>C;126C>T;141A>G;177G>A],NA,p.[Thr13Glu;Asp28Gly],-1.576835619596194,-1.667765215885192,-1.5081133902298829,0.0529140241728243,-1.5867491,-2.185618948025026,-25.0,-0.937802231239418
urn:mavedb:00000394-a-1#3247,c.[3C>T;9G>A;15A>G;21C>T;30G>C;37A>G;38C>A;39C>G;42C>G;48C>T;72C>T;75C>T;78C>T;82G>A;83A>T;84C>G;90T>C;123T>C;141A>G;165G>A;171T>G;198G>T;207T>C],NA,p.[Thr13Glu;Asp28Met],-1.1962410686915237,-1.2996822660741376,-1.1374096787086574,0.0560880976336866,-1.6292858,0.3114425588913714,0.0740554634655227,0.4314712234777524
urn:mavedb:00000394-a-1#3248,c.[3C>T;21C>T;36T>C;37A>G;38C>A;39C>A;42C>G;51C>T;72C>T;75C>T;82G>T;83A>G;120A>G;123T>C;129G>A;141A>G;171T>G;174A>G;177G>A],NA,p.[Thr13Glu;Asp28Cys],-0.7131937651509201,-0.7672482394797315,-0.6904839176037301,0.0435632247663774,-1.6074104,1.1154197963528187,1.0318362066220446,1.150073093771741
urn:mavedb:00000394-a-1#3249,c.[6T>G;9G>A;21C>T;36T>C;37A>G;38C>A;39C>A;42C>G;48C>T;63G>C;72C>T;75C>T;82G>C;83A>T;84C>G;90T>C;120A>G;123T>C;141A>G],NA,p.[Thr13Glu;Asp28Leu],-0.8908248505026013,-1.0641733304714471,-0.769549996327489,0.1033676763990136,-1.6139812,0.844389219955098,0.542310465643362,1.0384932582263942
urn:mavedb:00000394-a-1#3250,c.[21C>T;36T>C;37A>G;38C>A;39C>A;42C>G;78C>T;83A>T;84C>T;120A>G;123T>C;126C>T;129G>A;141A>G;165G>A;171T>G;174A>G;177G>A],NA,p.[Thr13Glu;Asp28Val],-1.011565730350413,-1.0681187329498332,-0.9574208159001883,0.0566757629470107,-1.5986385,0.6105300209483573,0.5061131685575101,0.7061264372614392
urn:mavedb:00000394-a-1#3251,c.[21C>T;36T>C;37A>G;38C>A;39C>A;42C>G;51C>T;66G>A;78C>T;82G>A;83A>T;84C>T;120A>G;123T>C;135C>T;141A>G;156T>C;165G>A;171T>G;174A>G;177G>A],NA,p.[Thr13Glu;Asp28Ile],-0.8052724465910663,-0.9157649000785526,-0.7552632374208125,0.0611538314623186,-1.6086183,0.9739100405662572,0.7940444376143317,1.0523877215531805
urn:mavedb:00000394-a-1#3252,c.[3C>T;6T>G;12C>T;21C>T;36T>C;37A>G;38C>A;39C>A;42C>G;69T>C;72C>T;82G>T;83A>G;84C>G;120A>G;123T>C;126C>T;129G>A;141A>G;168G>A;174A>G],NA,p.[Thr13Glu;Asp28Trp],-0.725862278953548,-0.8631573033659756,-0.6540237449360355,0.0467838139738872,-1.6388268,1.1440199002662257,0.9297458534486124,1.2522021811235189
urn:mavedb:00000394-a-1#3253,c.[3C>T;6T>G;21C>T;36T>C;37A>G;38C>A;39C>A;48C>T;82G>T;120A>G;123T>C;129G>A;141A>G;165G>A;171T>G;174A>G;177G>A;207T>C],NA,p.[Thr13Glu;Asp28Tyr],-1.0311451864880827,-1.1277090373831655,-0.9440614250513424,0.0675692665043343,-1.6164951,0.6074158295809313,0.4253754308185313,0.7596113336614196
urn:mavedb:00000394-a-1#3254,c.[3C>T;6T>G;21C>T;36T>C;37A>G;38C>A;39C>G;42C>G;48C>T;51C>T;82G>T;83A>T;120A>G;123T>C;141A>G;171T>G;174A>G;180G>C;198G>T],NA,p.[Thr13Glu;Asp28Phe],-1.1001514024260517,-1.1535838226853108,-0.9991674623181672,0.0476000759219044,-1.6315961,0.5078527817457018,0.4039381836431684,0.6908486805261195
urn:mavedb:00000394-a-1#3255,c.[9G>A;12C>T;21C>T;36T>C;37A>G;38C>A;39C>A;48C>T;69T>C;72C>T;82G>C;83A>C;84C>G;123T>C;126C>T;141A>G;156T>C;174A>G],NA,p.[Thr13Glu;Asp28Pro],-1.395677546835859,-1.4307783011110913,-1.3669503309948674,0.0286714488041885,-1.5812173,-0.3648911083147868,-0.5114752585221195,-0.2607439807729308
urn:mavedb:00000394-a-1#3256,c.[12C>T;21C>T;38C>A;42C>G;48C>T;72C>T;75C>T;82G>C;84C>G;120A>G;123T>C;141A>G;165G>A;168G>A;171T>G;174A>G;177G>A;180G>C],NA,p.[Thr13Asn;Asp28Gln],-1.3735471875140508,-1.4428339062430184,-1.3494900416726203,0.0366854588819652,-1.5864286,-0.2655086482709055,-0.5433112918561464,-0.1859616696362772
urn:mavedb:00000394-a-1#3257,c.[21C>T;36T>C;38C>A;42C>G;51C>T;72C>T;75C>T;84C>A;87T>C;123T>C;129G>A;141A>G;165G>A;168G>A],NA,p.[Thr13Asn;Asp28Glu],-0.9497565090549258,-0.9652044290103496,-0.9063141324950852,0.0274311416776903,-1.5463552,0.627655795304003,0.5998545708165343,0.7041142635712504
urn:mavedb:00000394-a-1#3258,c.[3C>T;6T>G;21C>T;30G>C;38C>A;42C>G;54G>A;72C>T;75C>T;82G>A;84C>T;120A>G;132C>T;141A>G;174A>G],NA,p.[Thr13Asn;Asp28Asn],-1.525000310600508,-1.635511729176132,-1.4002000331773623,0.0429372182792971,-1.5742722,-1.2290270091632107,-25.0,-0.4100797682464213
urn:mavedb:00000394-a-1#3259,c.[3C>T;6T>G;21C>T;36T>C;38C>A;42C>G;69T>C;72C>T;82G>C;120A>G;123T>C;126C>T;141A>G;165G>A;168G>A;174A>G;180G>C],NA,p.[Thr13Asn;Asp28His],-1.435100348660062,-1.5146176123696176,-1.343021796459452,0.0468664178603224,-1.5679994,-0.5957252177497023,-1.179760029459343,-0.2246959557379197
urn:mavedb:00000394-a-1#3260,c.[12C>T;21C>T;36T>C;38C>A;39C>T;42C>G;72C>T;75C>T;82G>C;83A>G;84C>T;141A>G;165G>A;171T>G;174A>G;177G>A;180G>C],NA,p.[Thr13Asn;Asp28Arg],-1.6883283654825956,-1.7707302224405117,-1.612507511442624,0.045202270766791,-1.6940308,-2.509191633364803,-25.0,-0.9149105637672056
urn:mavedb:00000394-a-1#3261,c.[12C>T;21C>T;36T>C;38C>A;39C>T;42C>G;48C>T;54G>A;82G>A;84C>A;123T>C;141A>G;162G>C;165G>A;171T>G;174A>G;177G>A],NA,p.[Thr13Asn;Asp28Lys],-1.6320496354953145,-1.6729440828216922,-1.612085447040326,0.024637856938308,-1.6219769,-15.0,-25.0,-2.1869276772748205
urn:mavedb:00000394-a-1#3262,c.[21C>T;36T>C;38C>A;42C>G;60T>C;82G>A;83A>C;84C>T;120A>G;123T>C;126C>T;141A>G;165G>A;171T>G;174A>G;177G>A],NA,p.[Thr13Asn;Asp28Thr],-1.43632677305912,-1.5634936260748575,-1.2855674821148,0.0618454095744201,-1.5941353,-0.4785263050595792,-1.5171584995723444,0.0200568043999265
urn:mavedb:00000394-a-1#3263,c.[9G>A;15A>G;21C>T;36T>C;38C>A;42C>G;72C>T;75C>T;82G>T;83A>C;84C>T;120A>G;123T>C;126C>T;141A>G;171T>G;174A>G;177G>A;207T>C],NA,p.[Thr13Asn;Asp28Ser],-1.611952198719632,-1.6837415228448558,-1.5759883001848274,0.0377259614276467,-1.5988002,-15.0,-25.0,-1.6935874916164009
urn:mavedb:00000394-a-1#3264,c.[15A>G;21C>T;36T>C;38C>A;42C>G;51C>T;72C>T;75C>T;83A>C;84C>G;120A>G;123T>C;141A>G;165G>A;171T>G;198G>T],NA,p.[Thr13Asn;Asp28Ala],-1.5392726095965048,-1.622116151858855,-1.375612690855859,0.0276326665060857,-1.6113877,-0.9924925076191938,-25.0,-0.1896688062154546
urn:mavedb:00000394-a-1#3265,c.[21C>T;36T>C;38C>A;39C>T;42C>G;69T>C;72C>T;83A>G;84C>T;120A>G;141A>G;165G>A;168G>A;171T>G;174A>G],NA,p.[Thr13Asn;Asp28Gly],-1.6752652141015405,-1.7479700571264498,-1.5880112465772125,0.0465482297372122,-1.5896888,-15.0,-25.0,-3.2215362018505176
urn:mavedb:00000394-a-1#3266,c.[21C>T;36T>C;38C>A;42C>G;72C>T;75C>T;78C>T;82G>A;83A>T;84C>G;120A>G;123T>C;126C>T;141A>G;165G>A;171T>G;174A>G;177G>A;207T>C],NA,p.[Thr13Asn;Asp28Met],-1.2038153849341278,-1.294959523003051,-1.1452665064227272,0.0616236091921187,-1.631957,0.3010296562571823,0.0924864385065856,0.4212221493368517
urn:mavedb:00000394-a-1#3267,c.[6T>G;9G>A;21C>T;36T>C;38C>A;42C>G;54G>A;57T>G;72C>T;75C>T;78C>T;82G>T;83A>G;120A>G;141A>G;174A>G],NA,p.[Thr13Asn;Asp28Cys],-0.5431943530551895,-0.5831088269304163,-0.4902082264582461,0.0735701994410701,-1.6102271,1.3735825807915638,1.314973798731368,1.4506242992624132
urn:mavedb:00000394-a-1#3268,c.[9G>A;12C>T;21C>T;38C>A;39C>T;42C>G;48C>T;82G>C;83A>T;84C>G;120A>G;123T>C;126C>T;132C>T;141A>G;150C>T;162G>C;165G>A;168G>A;174A>G],NA,p.[Thr13Asn;Asp28Leu],-0.9909076482917828,-1.037305153275137,-0.9336115307429638,0.051530146206682,-1.616756,0.6793662923301723,0.5967444218448837,0.7777231671978334
urn:mavedb:00000394-a-1#3269,c.[3C>T;9G>A;12C>T;21C>T;36T>C;38C>A;42C>G;69T>C;72C>T;83A>T;84C>T;141A>G;171T>G;174A>G],NA,p.[Thr13Asn;Asp28Val],-1.2123683839432164,-1.4127261921915075,-1.135235476002017,0.0741552558597463,-1.6015081,0.2155598473598091,-0.3525264896508641,0.3802891886891226
urn:mavedb:00000394-a-1#3270,c.[3C>T;21C>T;36T>C;38C>A;42C>G;69T>C;72C>T;78C>T;82G>A;83A>T;99G>C;114C>T;120A>G;129G>A;141A>G;165G>A;171T>G;174A>G;177G>A;198G>T],NA,p.[Thr13Asn;Asp28Ile],-0.9858543875930128,-1.045177768346498,-0.8949982973534377,0.0674250729144211,-1.6114264,0.6788849594203333,0.5726739481397723,0.8332848953463878
urn:mavedb:00000394-a-1#3271,c.[6T>G;9G>A;21C>T;30G>C;38C>A;42C>G;63G>C;69T>C;72C>T;78C>T;82G>T;83A>G;84C>G;120A>G;123T>C;126C>T;141A>G;165G>A;171T>G;174A>G;177G>A],NA,p.[Thr13Asn;Asp28Trp],-0.9195029317512492,-0.961228870501845,-0.8382239802115365,0.0509082202966715,-1.6414304,0.8423494226309481,0.7727467077249476,0.9736680751597572
urn:mavedb:00000394-a-1#3272,c.[21C>T;36T>C;38C>A;42C>G;48C>T;82G>T;120A>G;123T>C;141A>G;165G>A;168G>A;171T>G;174A>G;183A>G],NA,p.[Thr13Asn;Asp28Tyr],-1.0852048354259805,-1.1276726294441008,-1.0137157220547317,0.0561762365695637,-1.6192536,0.5127786953186189,0.430892613369463,0.6435575895468845
urn:mavedb:00000394-a-1#3273,c.[3C>T;21C>T;36T>C;38C>A;39C>T;42C>G;69T>C;82G>T;83A>T;120A>G;123T>C;126C>T;129G>A;141A>G;171T>G;177G>A;180G>C;183A>G;198G>T],NA,p.[Thr13Asn;Asp28Phe],-1.021357683990911,-1.0591821591772568,-0.9502072009923686,0.0562213205364923,-1.6342516,0.6565822518289374,0.5887784304807676,0.7792311297357591
urn:mavedb:00000394-a-1#3274,c.[3C>T;6T>G;21C>T;38C>A;42C>G;48C>T;78C>T;82G>C;83A>C;84C>G;120A>G;123T>C;126C>T;141A>G;165G>A;171T>G;174A>G;177G>A],NA,p.[Thr13Asn;Asp28Pro],-1.5518267363809113,-1.6546112520149232,-1.4096704224455947,0.0402067892614003,-1.5841875,-1.4843356231846658,-25.0,-0.4082839054777705
urn:mavedb:00000394-a-1#3275,c.[12C>T;21C>T;36T>C;37A>C;38C>A;42C>G;51C>T;66G>A;82G>C;84C>G;90T>C;120A>G;123T>C;129G>A;141A>G;162G>C;165G>A;168G>A;177G>A],NA,p.[Thr13His;Asp28Gln],-1.4134072446185473,-1.4695786221850575,-1.356365405845194,0.0221176620748934,-1.5854301,-0.4184097363996477,-0.6872793449814201,-0.2112905309683383
urn:mavedb:00000394-a-1#3276,c.[3C>T;6T>G;21C>T;36T>C;37A>C;38C>A;42C>G;72C>T;75C>T;84C>A;87T>C;120A>G;141A>G;165G>A;171T>G;177G>A;207T>C],NA,p.[Thr13His;Asp28Glu],-0.9800228018009944,-1.0169502217892676,-0.9474521742249956,0.0431934980927642,-1.5452871,0.5708954786228307,0.5019946825544787,0.6298664722382362
urn:mavedb:00000394-a-1#3277,c.[6T>G;9G>A;21C>T;36T>C;37A>C;38C>A;39C>T;42C>G;60T>C;72C>T;75C>T;82G>A;120A>G;123T>C;126C>T;141A>G;165G>A;171T>G;174A>G;177G>A],NA,p.[Thr13His;Asp28Asn],-1.4618155560875694,-1.5138922378396058,-1.402547261146343,0.0328243094797417,-1.5732512,-0.712895171524078,-1.1141249411051355,-0.4238104712616375
urn:mavedb:00000394-a-1#3278,c.[21C>T;36T>C;37A>C;38C>A;42C>G;51C>T;60T>C;72C>T;75C>T;78C>T;82G>C;120A>G;123T>C;141A>G;165G>A;171T>G;174A>G],NA,p.[Thr13His;Asp28His],-1.4821717581814275,-1.5609626391242917,-1.399632713856114,0.0362284253635361,-1.566967,-0.8898169584930359,-2.479052917597567,-0.4377692119999003
urn:mavedb:00000394-a-1#3279,c.[21C>T;24C>T;36T>C;37A>C;38C>A;51C>T;72C>T;75C>T;82G>C;83A>G;84C>T;120A>G;123T>C;141A>G;165G>A;171T>G;174A>G],NA,p.[Thr13His;Asp28Arg],-1.6342362808168434,-1.7345468515554825,-1.5095374371434247,0.0543149639630589,-1.6933022,-1.1172090940183952,-25.0,-0.3717524628031549
urn:mavedb:00000394-a-1#3280,c.[12C>T;24C>T;36T>C;37A>C;38C>A;42C>G;48C>T;66G>A;72C>T;75C>T;82G>A;84C>A;102T>C;120A>G;123T>C;141A>G;165G>A;171T>G;174A>G;177G>A;189G>A;198G>T],NA,p.[Thr13His;Asp28Lys],-1.5713010917373644,-1.6160181705590977,-1.442483792316687,0.0359314568884096,-1.6210523,-1.22309140638299,-2.581930500074025,-0.3920901368565747
urn:mavedb:00000394-a-1#3281,c.[12C>T;21C>T;36T>C;37A>C;38C>A;42C>G;48C>T;54G>A;82G>A;83A>C;84C>T;87T>C;123T>C;129G>A;141A>G;171T>G;174A>G;177G>A],NA,p.[Thr13His;Asp28Thr],-1.3867126731416128,-1.4771564328767417,-1.3030162252340858,0.0571967914235881,-1.593152,-0.2879800958592265,-0.6864590083118964,-0.0293815319163785
urn:mavedb:00000394-a-1#3282,c.[6T>G;9G>A;21C>T;36T>C;37A>C;38C>A;42C>G;57T>G;72C>T;75C>T;82G>T;83A>C;84C>T;108G>C;114C>T;120A>G;132C>T;141A>G;162G>C;165G>A;171T>G;177G>A],NA,p.[Thr13His;Asp28Ser],-1.3953657284609675,-1.6145559132946976,-1.325056845470265,0.0568189723906363,-1.5978255,-0.3021365584008569,-25.0,-0.0780273360052895
urn:mavedb:00000394-a-1#3283,c.[21C>T;36T>C;37A>C;38C>A;42C>G;83A>C;84C>G;114C>T;120A>G;138T>C;141A>G;198G>T;207T>C],NA,p.[Thr13His;Asp28Ala],-1.429414340645254,-1.4895607138392388,-1.2266119400243192,0.0501842988828774,-1.6104398,-0.3824086974833349,-0.6591332338880441,0.2035182785910116
urn:mavedb:00000394-a-1#3284,c.[21C>T;24C>T;36T>C;37A>C;38C>A;42C>G;83A>G;84C>T;120A>G;141A>G;165G>A;171T>G;174A>G;177G>A;207T>C],NA,p.[Thr13His;Asp28Gly],-1.5526414154024697,-1.649688045214778,-1.4580407904771102,0.0400968364904775,-1.588697,-1.4191293748628189,-25.0,-0.6071737421462784
urn:mavedb:00000394-a-1#3285,c.[3C>T;6T>G;21C>T;36T>C;37A>C;38C>A;42C>G;48C>T;75C>T;78C>T;82G>A;83A>T;84C>G;120A>G;123T>C;129G>A;141A>G;165G>A;168G>A;174A>G;180G>C;207T>C],NA,p.[Thr13His;Asp28Met],-1.132839241928496,-1.2061318528889269,-1.0345216526077543,0.0359802127201415,-1.6310558,0.4439225163639929,0.2941588658477445,0.6275038533001221
urn:mavedb:00000394-a-1#3286,c.[3C>T;21C>T;36T>C;37A>C;38C>A;42C>G;82G>T;83A>G;99G>C;111G>C;120A>G;123T>C;126C>T;141A>G;165G>A;171T>G;174A>G;177G>A],NA,p.[Thr13His;Asp28Cys],-0.662197722715907,-0.6746667701417384,-0.6200493265848372,0.0318521881922429,-1.6092763,1.195700939598941,1.176881911970647,1.2588221251950962
urn:mavedb:00000394-a-1#3287,c.[3C>T;6T>G;21C>T;36T>C;37A>C;38C>A;48C>T;51C>T;66G>A;72C>T;75C>T;78C>T;82G>C;83A>T;84C>G;120A>G;123T>C;141A>G;165G>A;171T>G;177G>A;180G>C;186A>G],NA,p.[Thr13His;Asp28Leu],-0.765332129571965,-0.8300223633133219,-0.729950877373788,0.0454939527144804,-1.6158195,1.047923807948944,0.9459772201374748,1.102609111578212
urn:mavedb:00000394-a-1#3288,c.[3C>T;6T>G;21C>T;36T>C;37A>C;38C>A;42C>G;54G>A;72C>T;75C>T;83A>T;84C>T;120A>G;141A>G;165G>A;168G>A;174A>G],NA,p.[Thr13His;Asp28Val],-0.9048917536305991,-1.0042751063317237,-0.7309009901380271,0.0761620513119451,-1.6005397,0.798728009491997,0.6270339818865889,1.0776221725210284
urn:mavedb:00000394-a-1#3289,c.[3C>T;6T>G;21C>T;36T>C;37A>C;38C>A;42C>G;54G>A;60T>C;63G>C;78C>T;82G>A;83A>T;99G>C;120A>G;141A>G;144C>T;162G>C;165G>A;168G>A;174A>G;207T>C],NA,p.[Thr13His;Asp28Ile],0.5291936521951609,0.4642921305927846,0.6002550682520882,0.1203947444707044,-1.6104789,2.859547792086558,2.771318991931549,2.9562050037089787
urn:mavedb:00000394-a-1#3290,c.[21C>T;36T>C;37A>C;38C>A;42C>G;72C>T;75C>T;82G>T;83A>G;84C>G;120A>G;123T>C;126C>T;129G>A;141A>G;168G>A;177G>A],NA,p.[Thr13His;Asp28Trp],-0.6928704446112617,-0.7256021229873814,-0.6639873291602748,0.040060205117682,-1.640552,1.19658144114937,1.1470396664499545,1.2399059889268818
urn:mavedb:00000394-a-1#3291,c.[3C>T;21C>T;36T>C;37A>C;38C>A;42C>G;54G>A;66G>A;82G>T;120A>G;141A>G;168G>A;198G>T;207T>C],NA,p.[Thr13His;Asp28Tyr],-1.1761267767726356,-1.258048468723993,-1.1158991678985637,0.0304777713140824,-1.6183228,0.3306972710193009,0.1488337447077922,0.452142103038299
urn:mavedb:00000394-a-1#3292,c.[3C>T;6T>G;21C>T;36T>C;37A>C;38C>A;42C>G;82G>T;83A>T;120A>G;141A>G;165G>A;171T>G;174A>G;177G>A;180G>C],NA,p.[Thr13His;Asp28Phe],-0.9480276421220912,-0.9968873750572044,-0.9053058556786212,0.048541713065264,-1.6333556,0.7813929678169281,0.6978745364721463,0.8524307079961152
urn:mavedb:00000394-a-1#3293,c.[3C>T;6T>G;21C>T;36T>C;37A>C;38C>A;42C>G;72C>T;75C>T;82G>C;83A>C;84C>A;120A>G;129G>A;135C>T;141A>G;171T>G;174A>G;177G>A;180G>C],NA,p.[Thr13His;Asp28Pro],-1.5566808792862414,-1.6432833053506744,-1.4100111019209995,0.0422224222588934,-1.5831852,-1.6040815770229455,-25.0,-0.4137210020518565
urn:mavedb:00000394-a-1#3294,c.[21C>T;36T>C;37A>G;38C>A;42C>G;48C>T;72C>T;75C>T;82G>C;84C>A;123T>C;141A>G;165G>A;171T>G;174A>G;177G>A],NA,p.[Thr13Asp;Asp28Gln],-1.3407264407086037,-1.413752064195296,-1.2762723204551856,0.0330784202925861,-1.5813518,-0.1743182747408572,-0.4366635822167642,0.0108632991346797
urn:mavedb:00000394-a-1#3295,c.[21C>T;36T>C;37A>G;38C>A;39C>T;42C>G;63G>C;72C>T;75C>T;84C>A;87T>C;120A>G;123T>C;126C>T;132C>T;141A>G;177G>A],NA,p.[Thr13Asp;Asp28Glu],-1.181915812353593,-1.2053476308687343,-1.1317559787363471,0.0272776904155367,-1.5409241,0.145850606371178,0.0889867854216023,0.2600859537623586
urn:mavedb:00000394-a-1#3296,c.[3C>T;6T>G;21C>T;36T>C;37A>G;38C>A;42C>G;75C>T;78C>T;82G>A;90T>C;93C>T;99G>C;102T>C;114C>T;120A>G;123T>C;126C>T;141A>G;165G>A;168G>A;177G>A;186A>G],NA,p.[Thr13Asp;Asp28Asn],-1.5270453801917985,-1.5617706884191116,-1.4663699532703316,0.0178456555918761,-1.5690813,-1.3260646798082911,-2.3640108030236835,-0.7662449116617701
urn:mavedb:00000394-a-1#3297,c.[15A>G;21C>T;30G>C;36T>C;37A>G;38C>A;39C>T;42C>G;48C>T;54G>A;66G>A;82G>C;120A>G;123T>C;129G>A;141A>G;165G>A;171T>G;174A>G;177G>A;186A>G],NA,p.[Thr13Asp;Asp28His],-1.4662605276639171,-1.5119071516915232,-1.368522691984954,0.0376033176744789,-1.5627518,-0.8067895876372498,-1.2097306870011484,-0.3321163812721376
urn:mavedb:00000394-a-1#3298,c.[21C>T;24C>T;36T>C;37A>G;38C>A;42C>G;82G>C;83A>G;84C>T;120A>G;129G>A;135C>T;141A>G;165G>A;171T>G;174A>G;177G>A;180G>C],NA,p.[Thr13Asp;Asp28Arg],-1.5806899473977354,-1.6759584672415266,-1.4634530078995582,0.0414790911021042,-1.6903162,-0.7236645633814134,-1.967819353636672,-0.2185074899461806
urn:mavedb:00000394-a-1#3299,c.[3C>T;6T>G;21C>T;36T>C;37A>G;38C>A;42C>G;48C>T;69T>C;72C>T;82G>A;84C>A;120A>G;123T>C;141A>G;171T>G;174A>G;177G>A],NA,p.[Thr13Asp;Asp28Lys],-1.5675675421075574,-1.644408822168098,-1.4997194194786714,0.0385156938927242,-1.6172719,-1.2236693019480105,-25.0,-0.677642859209331
urn:mavedb:00000394-a-1#3300,c.[3C>T;6T>G;21C>T;30G>C;36T>C;37A>G;38C>A;42C>G;51C>T;54G>A;72C>T;75C>T;82G>A;83A>C;120A>G;123T>C;129G>A;141A>G;174A>G],NA,p.[Thr13Asp;Asp28Thr],-1.494433513291334,-1.5528871551940775,-1.4175943432328364,0.0486223256724992,-1.5891337,-0.818900585885007,-1.4159363893296772,-0.4203869812462221
urn:mavedb:00000394-a-1#3301,c.[6T>G;9G>A;21C>T;36T>C;37A>G;38C>A;42C>G;63G>C;69T>C;72C>T;82G>T;83A>C;84C>T;120A>G;123T>C;126C>T;141A>G;165G>A;171T>G;177G>A;180G>C],NA,p.[Thr13Asp;Asp28Ser],-1.4650316137320067,-1.5081874360108949,-1.4394720152401328,0.0287721327132293,-1.5938458,-0.6167010915174284,-0.8833513677583199,-0.4937206839814966
urn:mavedb:00000394-a-1#3302,c.[21C>T;36T>C;37A>G;38C>A;42C>G;51C>T;69T>C;72C>T;83A>C;84C>G;93C>T;120A>G;123T>C;129G>A;141A>G;165G>A;171T>G;174A>G;177G>A],NA,p.[Thr13Asp;Asp28Ala],-1.376823563495428,-1.4146543293991538,-1.3394617489521348,0.0330041187201888,-1.6065655,-0.2090901173916107,-0.3407497770069698,-0.0943746398387106
urn:mavedb:00000394-a-1#3303,c.[3C>T;6T>G;21C>T;36T>C;37A>G;38C>A;42C>G;54G>A;60T>C;63G>C;72C>T;75C>T;83A>G;84C>T;120A>G;123T>C;126C>T;141A>G;162G>C;165G>A;171T>G;174A>G],NA,p.[Thr13Asp;Asp28Gly],-1.6447041995585194,-1.8787190535623024,-1.565463528024263,0.0718974873693892,-1.5846429,-15.0,-25.0,-1.796630717642839
urn:mavedb:00000394-a-1#3304,c.[6T>G;9G>A;15A>G;21C>T;36T>C;37A>G;38C>A;42C>G;48C>T;72C>T;75C>T;78C>T;82G>A;83A>T;84C>G;90T>C;120A>G;123T>C;126C>T;129G>A;141A>G;165G>A;171T>G;174A>G;177G>A;198G>T;207T>C],NA,p.[Thr13Asp;Asp28Met],-1.2826479105876698,-1.4280817310819294,-1.179408493493543,0.0542447897880735,-1.6273694,0.1114582649103528,-0.3135820669319618,0.342704695005413
urn:mavedb:00000394-a-1#3305,c.[21C>T;36T>C;37A>G;38C>A;42C>G;69T>C;72C>T;82G>T;83A>G;120A>G;123T>C;126C>T;141A>G;171T>G;174A>G;177G>A;180G>C],NA,p.[Thr13Asp;Asp28Cys],-0.5061579720291971,-0.535021131452607,-0.4545259964397443,0.0603169490460653,-1.605392,1.420506222600099,1.3784667262106092,1.4951264496506516
urn:mavedb:00000394-a-1#3306,c.[6T>G;9G>A;21C>T;36T>C;37A>G;38C>A;42C>G;48C>T;54G>A;63G>C;72C>T;75C>T;82G>C;83A>T;84C>G;90T>C;120A>G;123T>C;141A>G;171T>G;174A>G;180G>C],NA,p.[Thr13Asp;Asp28Leu],-0.9853769270741524,-1.0143507284268165,-0.9274474464480158,0.0317355624168849,-1.6119928,0.6807111662363147,0.6294923529063081,0.7800857290892624
urn:mavedb:00000394-a-1#3307,c.[3C>T;6T>G;9G>A;15A>G;18C>T;21C>T;30G>C;36T>C;37A>G;38C>A;42C>G;51C>T;54G>A;69T>C;72C>T;83A>T;84C>T;90T>C;123T>C;135C>T;141A>G;165G>A;171T>G],NA,p.[Thr13Asp;Asp28Val],-1.0726415526318884,-1.165748655704397,-0.9975141765426692,0.0607480843844828,-1.5965815,0.493611504661225,0.3067630881654966,0.6320445366616865
urn:mavedb:00000394-a-1#3308,c.[9G>A;12C>T;21C>T;36T>C;37A>G;38C>A;42C>G;78C>T;82G>A;83A>T;84C>T;120A>G;123T>C;126C>T;129G>A;141A>G;174A>G],NA,p.[Thr13Asp;Asp28Ile],-0.7987330001132266,-0.8333669845303516,-0.7695850629043969,0.0619333897214772,-1.6066046,0.9810795695340762,0.9258596988585448,1.0269257036357702
urn:mavedb:00000394-a-1#3309,c.[21C>T;36T>C;37A>G;38C>A;42C>G;51C>T;82G>T;83A>G;84C>G;120A>G;123T>C;129G>A;141A>G;171T>G;174A>G;177G>A;195G>A],NA,p.[Thr13Asp;Asp28Trp],-0.8127979166683892,-0.8320019271353082,-0.781934123340038,0.0441343950767154,-1.6369591,1.0067475393153238,0.9764455226646052,1.054961429159786
urn:mavedb:00000394-a-1#3310,c.[3C>T;9G>A;15A>G;21C>T;36T>C;37A>G;38C>A;42C>G;66G>A;69T>C;72C>T;78C>T;82G>T;108G>C;120A>G;141A>G;165G>A;171T>G;174A>G;177G>A],NA,p.[Thr13Asp;Asp28Tyr],-0.8616652635741668,-0.8955484666609572,-0.8240490366688736,0.0689073908713369,-1.6145177,0.8929396281357787,0.8374824046910231,0.9534337061158694
urn:mavedb:00000394-a-1#3311,c.[21C>T;36T>C;37A>G;38C>A;42C>G;48C>T;72C>T;75C>T;82G>T;83A>T;120A>G;123T>C;129G>A;141A>G;165G>A;171T>G;174A>G],NA,p.[Thr13Asp;Asp28Phe],-0.9174868214430892,-0.9482995778829736,-0.8641468230600583,0.0524596194155494,-1.6296911,0.8262826261395045,0.7747607653898645,0.9134614368907829
urn:mavedb:00000394-a-1#3312,c.[21C>T;36T>C;37A>G;38C>A;42C>G;82G>C;83A>C;84C>G;120A>G;123T>C;126C>T;141A>G;168G>A;171T>G;174A>G;177G>A;180G>C;207T>C],NA,p.[Thr13Asp;Asp28Pro],-1.606544695018688,-1.6701412716187218,-1.4779720007811197,0.0336497976451384,-1.5790892,-15.0,-25.0,-0.7764252209054359
urn:mavedb:00000394-a-1#3313,c.[21C>T;36T>C;37A>C;38C>G;39C>T;42C>G;48C>T;72C>T;75C>T;78C>T;82G>C;84C>G;120A>G;123T>C;141A>G;165G>A;168G>A;171T>G;174A>G;177G>A],NA,p.[Thr13Arg;Asp28Gln],-1.387532283913679,-1.4185595143377403,-1.369773938389813,0.0209929208468679,-1.6603117,-0.0780081480098475,-0.1708005343158029,-0.0282933850916751
urn:mavedb:00000394-a-1#3314,c.[21C>T;36T>C;37A>C;38C>G;39C>T;42C>G;69T>C;72C>T;84C>G;120A>G;141A>G;177G>A],NA,p.[Thr13Arg;Asp28Glu],-0.9055263798855766,-0.9407616277706105,-0.8894534054810322,0.0415988760565378,-1.626534,0.8408402135124475,0.7821442174080093,0.8672397134762144
urn:mavedb:00000394-a-1#3315,c.[18C>T;21C>T;30G>C;36T>C;37A>C;38C>G;39C>T;42C>G;72C>T;75C>T;82G>A;120A>G;141A>G;165G>A;171T>G;174A>G;177G>A;180G>C],NA,p.[Thr13Arg;Asp28Asn],-1.6551343128773437,-1.7187204125327664,-1.603544802182013,0.0243453525422764,-1.6501732,-15.0,-25.0,-1.2628172394978168
urn:mavedb:00000394-a-1#3316,c.[3C>T;6T>G;21C>T;36T>C;37A>C;38C>G;39C>T;51C>T;54G>A;72C>T;75C>T;82G>C;120A>G;123T>C;129G>A;141A>G;174A>G],NA,p.[Thr13Arg;Asp28His],-1.386090318539991,-1.450011574729352,-1.3291744932861365,0.0410946650612251,-1.6449032,-0.1187631699318755,-0.3296794779278905,0.0387035065811772
urn:mavedb:00000394-a-1#3317,c.[12C>T;21C>T;24C>T;36T>C;37A>C;38C>G;39C>T;42C>G;69T>C;72C>T;82G>C;83A>G;84C>T;120A>G;123T>C;126C>T;138T>C;141A>G;177G>A;207T>C],NA,p.[Thr13Arg;Asp28Arg],-1.56428801064422,-1.607416589839283,-1.5274591824816304,0.0330283130563186,-1.7451954,-0.382889632666577,-0.5714052017400815,-0.248944789070501
urn:mavedb:00000394-a-1#3318,c.[6T>G;9G>A;12C>T;21C>T;36T>C;37A>C;38C>G;39C>T;42C>G;51C>T;82G>A;84C>A;120A>G;123T>C;141A>G;165G>A;168G>A;174A>G],NA,p.[Thr13Arg;Asp28Lys],-1.599542323902956,-1.66450851993808,-1.5061631528036676,0.0479303952978437,-1.6893563,-0.853017128597681,-1.642642646216719,-0.3739674632856462
urn:mavedb:00000394-a-1#3319,c.[12C>T;21C>T;24C>T;36T>C;37A>C;38C>G;39C>T;42C>G;48C>T;54G>A;60T>C;82G>A;83A>C;84C>T;90T>C;120A>G;123T>C;141A>G;165G>A;168G>A;171T>G;174A>G],NA,p.[Thr13Arg;Asp28Thr],-1.4640278985431951,-1.5116002818321412,-1.425129302419578,0.046016340289919,-1.666686,-0.3014367688116798,-0.4905586586952093,-0.1714133608818757
urn:mavedb:00000394-a-1#3320,c.[21C>T;36T>C;37A>C;38C>G;39C>T;42C>G;48C>T;82G>T;83A>C;84C>T;120A>G;123T>C;141A>G;165G>A;171T>G;174A>G;177G>A;198G>T;207T>C],NA,p.[Thr13Arg;Asp28Ser],-1.4429730675609012,-1.530151207745443,-1.3478229153198853,0.0428414277940037,-1.6705246,-0.2162477566751563,-0.5587508353880636,0.0565915251540863
urn:mavedb:00000394-a-1#3321,c.[21C>T;36T>C;37A>C;38C>G;39C>T;42C>G;48C>T;83A>C;84C>G;120A>G;123T>C;129G>A;141A>G;165G>A;171T>G;174A>G;198G>T],NA,p.[Thr13Arg;Asp28Ala],-1.4864828617907435,-1.6029336198749682,-1.3998651692390198,0.0447979972850992,-1.6808019,-0.3318020590563499,-0.9440294264861802,-0.0548980621790402
urn:mavedb:00000394-a-1#3322,c.[21C>T;36T>C;37A>C;38C>G;39C>T;42C>G;51C>T;54G>A;63G>C;66G>A;83A>G;84C>T;120A>G;135C>T;141A>G;150C>T;171T>G;174A>G;177G>A;207T>C],NA,p.[Thr13Arg;Asp28Gly],-1.641749855419354,-1.7447690148809816,-1.4793800843874387,0.0625486263601389,-1.663013,-1.7354153488835031,-25.0,-0.3722588983078966
urn:mavedb:00000394-a-1#3323,c.[6T>G;9G>A;21C>T;36T>C;37A>C;38C>G;39C>T;42C>G;63G>C;69T>C;72C>T;78C>T;82G>A;83A>T;84C>G;87T>C;90T>C;123T>C;126C>T;141A>G;174A>G],NA,p.[Thr13Arg;Asp28Met],-1.3120086679601703,-1.3654714918124329,-1.234573436419783,0.0465597141484187,-1.6973405,0.2069176419431223,0.0797183715145072,0.3731342665555949
urn:mavedb:00000394-a-1#3324,c.[3C>T;6T>G;21C>T;36T>C;37A>C;38C>G;39C>T;42C>G;54G>A;82G>T;83A>G;120A>G;141A>G;162G>C;165G>A;171T>G;174A>G;177G>A],NA,p.[Thr13Arg;Asp28Cys],-0.6932234142597696,-0.7597354871864571,-0.6634533061921162,0.0333481101895878,-1.6798592,1.254896752650159,1.154873592557129,1.2990826721467947
urn:mavedb:00000394-a-1#3325,c.[6T>G;9G>A;12C>T;21C>T;30G>C;36T>C;37A>C;38C>G;42C>G;72C>T;75C>T;82G>C;83A>T;84C>G;120A>G;129G>A;141A>G;165G>A;171T>G;174A>G;177G>A;207T>C],NA,p.[Thr13Arg;Asp28Leu],-0.895963742534903,-0.9394995145866752,-0.8549404400662786,0.0460374246618496,-1.6851497,0.9513469014626637,0.881194807251148,1.016211447781642
urn:mavedb:00000394-a-1#3326,c.[21C>T;36T>C;37A>C;38C>G;39C>T;42C>G;69T>C;72C>T;83A>T;84C>T;120A>G;123T>C;126C>T;141A>G;162G>C;165G>A;168G>A;180G>C],NA,p.[Thr13Arg;Asp28Val],-1.0147588749234155,-1.1178057677981452,-0.9441009946868814,0.0560132159186867,-1.6727457,0.734964861529798,0.5518153713102087,0.8533884416182118
urn:mavedb:00000394-a-1#3327,c.[21C>T;36T>C;37A>C;38C>G;39C>T;42C>G;48C>T;78C>T;82G>A;83A>T;120A>G;123T>C;141A>G;156T>C;180G>C],NA,p.[Thr13Arg;Asp28Ile],-0.934836882218534,-1.0147177878588467,-0.8381780799702516,0.0516987623040769,-1.6808338,0.8817614798336249,0.7488434670884361,1.0356796549195937
urn:mavedb:00000394-a-1#3328,c.[6T>G;9G>A;21C>T;30G>C;36T>C;37A>C;38C>G;39C>T;42C>G;54G>A;57T>G;72C>T;75C>T;82G>T;83A>G;84C>G;102T>C;120A>G;129G>A;141A>G;171T>G;177G>A;180G>C;192C>T],NA,p.[Thr13Arg;Asp28Trp],-0.7357846519707745,-0.8433231785173702,-0.6690690075157926,0.0505791093640036,-1.7048464,1.2286313546733298,1.064996108909909,1.3276379543908434
urn:mavedb:00000394-a-1#3329,c.[6T>G;9G>A;21C>T;36T>C;37A>C;38C>G;39C>T;42C>G;63G>C;69T>C;72C>T;82G>T;120A>G;123T>C;126C>T;141A>G;165G>A;171T>G;174A>G;177G>A],NA,p.[Thr13Arg;Asp28Tyr],-1.133740220188661,-1.3009900224790238,-1.0337453695194314,0.050585234291124,-1.6871643,0.5490020017725005,0.2088313471768684,0.7271266548595625
urn:mavedb:00000394-a-1#3330,c.[3C>T;6T>G;21C>T;36T>C;37A>C;38C>G;39C>T;42C>G;48C>T;54G>A;69T>C;72C>T;75C>T;82G>T;83A>T;120A>G;123T>C;141A>G;171T>G;174A>G;177G>A;207T>C],NA,p.[Thr13Arg;Asp28Phe],-0.8803830236447352,-0.9114934155178336,-0.791992000752619,0.0517164021397304,-1.6991649,0.9982465930660932,0.9489229177299676,1.1351515801552758
urn:mavedb:00000394-a-1#3331,c.[21C>T;36T>C;37A>C;38C>G;39C>T;42C>G;78C>T;82G>C;83A>C;84C>G;102T>C;120A>G;126C>T;141A>G;165G>A;168G>A;180G>C;183A>G;207T>C],NA,p.[Thr13Arg;Asp28Pro],-1.61233687629014,-1.691196991795549,-1.5609631106867974,0.0324763903991984,-1.6584501,-1.2696120795630534,-25.0,-0.8001577623016366
urn:mavedb:00000394-a-1#3332,c.[3C>T;6T>G;21C>T;36T>C;38C>A;39C>A;42C>G;72C>T;75C>T;82G>C;84C>A;90T>C;120A>G;123T>C;126C>T;141A>G;165G>A;171T>G;174A>G;177G>A;189G>A;198G>T],NA,p.[Thr13Lys;Asp28Gln],-1.3658232683375924,-1.3995535678005928,-1.299726248560305,0.0299410693758885,-1.6076026,-0.1707065766087058,-0.2823172496821614,0.0182366926789371
urn:mavedb:00000394-a-1#3333,c.[21C>T;36T>C;38C>A;39C>A;42C>G;84C>A;87T>C;120A>G;141A>G;168G>A;171T>G;174A>G;177G>A;180G>C],NA,p.[Thr13Lys;Asp28Glu],-0.8799719009519509,-0.8970732879286806,-0.8630058808165033,0.0315479166550176,-1.569098,0.787812324703065,0.7589414546898495,0.8161675175308951
urn:mavedb:00000394-a-1#3334,c.[6T>G;9G>A;21C>T;36T>C;38C>A;39C>A;42C>G;51C>T;54G>A;57T>G;63G>C;66G>A;82G>A;120A>G;123T>C;141A>G;165G>A;168G>A;171T>G;174A>G;189G>A],NA,p.[Thr13Lys;Asp28Asn],-1.5504024207801068,-1.6054655365304633,-1.5004733064348736,0.0430874923362932,-1.5959511,-1.2771333340701116,-25.0,-0.8136201395782173
urn:mavedb:00000394-a-1#3335,c.[12C>T;21C>T;36T>C;38C>A;39C>A;42C>G;48C>T;54G>A;82G>C;120A>G;123T>C;141A>G;165G>A;171T>G;174A>G;177G>A;198G>T],NA,p.[Thr13Lys;Asp28His],-1.5422335999620205,-1.631107837605852,-1.4668092189269468,0.0477426552150029,-1.5899277,-1.2489789995497058,-25.0,-0.6469180554268494
urn:mavedb:00000394-a-1#3336,c.[3C>T;6T>G;15A>G;21C>T;36T>C;38C>A;39C>A;42C>G;48C>T;78C>T;82G>C;83A>G;84C>T;120A>G;123T>C;141A>G;168G>A;177G>A],NA,p.[Thr13Lys;Asp28Arg],-1.5289287753121554,-1.6037600213871754,-1.46813465481623,0.0344988492275406,-1.7092543,-0.3851692830856125,-0.7488236447452321,-0.1727889453493171
urn:mavedb:00000394-a-1#3337,c.[12C>T;21C>T;36T>C;38C>A;39C>A;42C>G;54G>A;82G>A;84C>A;102T>C;120A>G;123T>C;126C>T;138T>C;141A>G;165G>A;168G>A;177G>A],NA,p.[Thr13Lys;Asp28Lys],-1.6421699640150516,-1.790705335900432,-1.5886530706141246,0.0421558578722905,-1.6415019,-15.0,-25.0,-1.1859517155694526
urn:mavedb:00000394-a-1#3338,c.[21C>T;36T>C;38C>A;39C>A;42C>G;54G>A;72C>T;75C>T;82G>A;83A>C;84C>T;120A>G;141A>G;162G>C;165G>A;171T>G;177G>A],NA,p.[Thr13Lys;Asp28Thr],-1.610645022499955,-1.6774532480850184,-1.5694752287657092,0.033896003946846,-1.614975,-2.669794382467724,-25.0,-1.2777918927501712
urn:mavedb:00000394-a-1#3339,c.[3C>T;21C>T;36T>C;38C>A;39C>A;42C>G;48C>T;54G>A;82G>T;83A>C;84C>T;120A>G;123T>C;141A>G;168G>A;180G>C;198G>T],NA,p.[Thr13Lys;Asp28Ser],-1.511412189777769,-1.55301560646251,-1.4567617814804397,0.0284043124983804,-1.619431,-0.7333418489202378,-1.044155241663748,-0.4574894364993046
urn:mavedb:00000394-a-1#3340,c.[3C>T;6T>G;21C>T;36T>C;38C>A;39C>A;42C>G;72C>T;75C>T;83A>C;84C>G;120A>G;123T>C;126C>T;129G>A;141A>G;168G>A;174A>G],NA,p.[Thr13Lys;Asp28Ala],-1.5724086733042824,-1.6206702315669137,-1.492287205518872,0.0344863399347497,-1.6314335,-1.1176342898763043,-2.137352525329921,-0.5647016311621392
urn:mavedb:00000394-a-1#3341,c.[21C>T;36T>C;38C>A;39C>A;42C>G;54G>A;69T>C;72C>T;83A>G;84C>T;120A>G;141A>G;177G>A;207T>C],NA,p.[Thr13Lys;Asp28Gly],-1.6810233592816028,-1.7531480284887704,-1.6219011992274328,0.044444043868879,-1.6107225,-15.0,-25.0,-5.0
urn:mavedb:00000394-a-1#3342,c.[21C>T;36T>C;38C>A;39C>A;42C>G;72C>T;75C>T;78C>T;82G>A;83A>T;84C>G;87T>C;120A>G;123T>C;126C>T;141A>G;165G>A;171T>G;174A>G;177G>A],NA,p.[Thr13Lys;Asp28Met],-1.2158327538414595,-1.235990179399919,-1.1286301248573318,0.048346299145927,-1.6509686,0.31585658256111,0.2727196448892461,0.4905381371531385
urn:mavedb:00000394-a-1#3343,c.[21C>T;36T>C;38C>A;39C>A;42C>G;82G>T;83A>G;120A>G;123T>C;126C>T;129G>A;141A>G;168G>A;177G>A;195G>A],NA,p.[Thr13Lys;Asp28Cys],-0.7056895365839213,-0.7380197917024749,-0.6699437952311166,0.0406028168773194,-1.6303282,1.1617644805540708,1.1124780086069033,1.215688106547234
urn:mavedb:00000394-a-1#3344,c.[12C>T;21C>T;36T>C;38C>A;39C>A;42C>G;48C>T;54G>A;63G>C;72C>T;75C>T;82G>C;83A>T;84C>G;120A>G;123T>C;141A>G;153A>G;165G>A;168G>A;177G>A],NA,p.[Thr13Lys;Asp28Leu],-1.0046424656031898,-1.0481243054260034,-0.9608908029971948,0.0405701577244643,-1.6365409,0.689922877838102,0.6129355338546336,0.765053311108484
urn:mavedb:00000394-a-1#3345,c.[6T>G;9G>A;12C>T;21C>T;36T>C;38C>A;39C>A;42C>G;54G>A;69T>C;72C>T;83A>T;84C>T;120A>G;123T>C;126C>T;141A>G;165G>A;171T>G;174A>G],NA,p.[Thr13Lys;Asp28Val],-1.2513063728891556,-1.343963322051401,-1.1626364998991974,0.0488775184234218,-1.6220164,0.1733313689253586,-0.0630028379846607,0.3662380135419658
urn:mavedb:00000394-a-1#3346,c.[21C>T;36T>C;38C>A;39C>A;42C>G;48C>T;78C>T;82G>A;83A>T;84C>T;120A>G;123T>C;135C>T;141A>G;165G>A;171T>G;174A>G;177G>A],NA,p.[Thr13Lys;Asp28Ile],-0.7165497251393447,-0.8203176802204029,-0.6811140770824934,0.058762990993189,-1.6314707,1.1470029935456405,0.9862519663126876,1.2006168646826656
urn:mavedb:00000394-a-1#3347,c.[9G>A;21C>T;36T>C;38C>A;39C>A;42C>G;60T>C;69T>C;72C>T;82G>T;83A>G;84C>G;93C>T;123T>C;126C>T;129G>A;141A>G;165G>A;171T>G;174A>G;177G>A],NA,p.[Thr13Lys;Asp28Trp],-0.8644322747615449,-0.9010471078827984,-0.8174109724625224,0.0474093009042581,-1.6599312,0.9614170056002136,0.9026869702594338,1.0354813880893774
urn:mavedb:00000394-a-1#3348,c.[9G>A;21C>T;36T>C;38C>A;39C>A;42C>G;57T>G;78C>T;82G>T;120A>G;141A>G;165G>A;171T>G;174A>G;177G>A],NA,p.[Thr13Lys;Asp28Tyr],-1.0229390020272733,-1.0973526266324276,-0.9581209966361168,0.0645432922258087,-1.6389146,0.6620181612923675,0.5269041981989862,0.7737473961258238
urn:mavedb:00000394-a-1#3349,c.[3C>T;6T>G;21C>T;36T>C;38C>A;39C>A;42C>G;82G>T;83A>T;123T>C;126C>T;129G>A;141A>G;165G>A;171T>G;174A>G;177G>A],NA,p.[Thr13Lys;Asp28Phe],-0.972594459414024,-0.9997388365841904,-0.9397242736673204,0.0451162291039038,-1.6531405,0.7733230036216324,0.7271108362840103,0.8282790046011368
urn:mavedb:00000394-a-1#3350,c.[6T>G;9G>A;12C>T;21C>T;36T>C;38C>A;39C>A;42C>G;48C>T;57T>G;69T>C;72C>T;82G>C;83A>C;84C>G;120A>G;123T>C;126C>T;141A>G;162G>C;165G>A;171T>G;177G>A],NA,p.[Thr13Lys;Asp28Pro],-1.5225860369136104,-1.570943370682136,-1.4643386745711446,0.0269092003233844,-1.6054568,-0.904463838981583,-1.445528902546741,-0.5551488895522054
urn:mavedb:00000394-a-1#3351,c.[3C>T;21C>T;24C>T;27G>A;30G>C;36T>C;37A>T;48C>T;54G>A;72C>T;75C>T;82G>C;84C>A;120A>G;123T>C;141A>G;177G>A;195G>A;207T>C],NA,p.[Thr13Ser;Asp28Gln],-1.1160500287974184,-1.159358226367205,-1.1014655887851836,0.0211421072381758,-1.5943704,0.4045662591000164,0.3156110671869357,0.4335084899566579
urn:mavedb:00000394-a-1#3352,c.[21C>T;36T>C;37A>T;39C>T;42C>G;51C>T;84C>G;120A>G;123T>C;141A>G;171T>G;174A>G;177G>A;207T>C],NA,p.[Thr13Ser;Asp28Glu],-0.5004517258385941,-0.5191429778196835,-0.4731439852838228,0.0354508341025207,-1.5548668,1.3551812307475173,1.3277213066368738,1.3950984349823592
urn:mavedb:00000394-a-1#3353,c.[21C>T;36T>C;37A>T;39C>T;42C>G;48C>T;54G>A;72C>T;75C>T;78C>T;82G>A;108G>C;111G>C;123T>C;126C>T;141A>G;165G>A;171T>G;174A>G;180G>C],NA,p.[Thr13Ser;Asp28Asn],-1.359914060893389,-1.4156894467371683,-1.2791442677637417,0.027391126276076,-1.5823975,-0.2329729286630371,-0.4403914364007001,0.0060195937522378
urn:mavedb:00000394-a-1#3354,c.[21C>T;36T>C;37A>T;39C>T;42C>G;69T>C;82G>C;120A>G;141A>G;171T>G;177G>A;207T>C],NA,p.[Thr13Ser;Asp28His],-1.46222006761454,-1.5919068454201573,-1.3727698143610714,0.0327979384336224,-1.5762148,-0.6979436652652632,-25.0,-0.2986081228644223
urn:mavedb:00000394-a-1#3355,c.[6T>G;9G>A;21C>T;36T>C;37A>T;39C>T;42C>G;63G>C;72C>T;75C>T;82G>C;83A>G;84C>T;120A>G;123T>C;126C>T;141A>G;165G>A;171T>G;174A>G;177G>A],NA,p.[Thr13Ser;Asp28Arg],-1.686812481124468,-1.757586134205114,-1.6269516455264563,0.0386228496320901,-1.6997919,-2.02728126568694,-25.0,-0.9862013564340888
urn:mavedb:00000394-a-1#3356,c.[6T>G;9G>A;12C>T;21C>T;36T>C;37A>T;39C>T;42C>G;54G>A;60T>C;78C>T;82G>A;84C>A;120A>G;123T>C;126C>T;141A>G;162G>C;165G>A;171T>G;174A>G;177G>A],NA,p.[Thr13Ser;Asp28Lys],-1.554401796193178,-1.6126339376347978,-1.4727252970600595,0.0432405551025556,-1.6293182,-0.9684674547630636,-1.879147691706621,-0.4838774296548169
urn:mavedb:00000394-a-1#3357,c.[21C>T;37A>T;39C>T;42C>G;48C>T;69T>C;72C>T;82G>A;83A>C;120A>G;123T>C;129G>A;141A>G;165G>A;171T>G;174A>G;177G>A],NA,p.[Thr13Ser;Asp28Thr],-1.5301702061735336,-1.6092372712823628,-1.4032183953295716,0.0366526525216881,-1.6019554,-0.9953770997816556,-25.0,-0.3155785773708925
urn:mavedb:00000394-a-1#3358,c.[21C>T;36T>C;37A>T;39C>T;42C>G;54G>A;82G>T;83A>C;84C>T;120A>G;141A>G;162G>C;165G>A;171T>G;174A>G;177G>A],NA,p.[Thr13Ser;Asp28Ser],-1.4229865110557078,-1.5231187902889043,-1.3803472807291075,0.0310319417372039,-1.6065445,-0.3725407133672302,-0.9002104827297508,-0.2206825062605782
urn:mavedb:00000394-a-1#3359,c.[21C>T;27G>A;36T>C;37A>T;39C>T;42C>G;69T>C;72C>T;78C>T;83A>C;84C>T;120A>G;123T>C;126C>T;141A>G;165G>A;168G>A;171T>G;177G>A],NA,p.[Thr13Ser;Asp28Ala],-1.366178704193422,-1.4111917185053005,-1.2597831053994832,0.0457680835385756,-1.6189194,-0.13697999921204,-0.2834473742870952,0.1461346890052243
urn:mavedb:00000394-a-1#3360,c.[3C>T;9G>A;12C>T;21C>T;36T>C;37A>T;39C>T;42C>G;54G>A;78C>T;83A>G;84C>T;120A>G;141A>G;165G>A;171T>G;174A>G;177G>A],NA,p.[Thr13Ser;Asp28Gly],-1.6482313896319147,-1.716023862808662,-1.6002012217918475,0.0347079964610878,-1.5975795,-15.0,-25.0,-5.0
urn:mavedb:00000394-a-1#3361,c.[3C>T;6T>G;21C>T;36T>C;37A>T;42C>G;78C>T;82G>A;83A>T;84C>G;93C>T;111G>C;120A>G;141A>G;174A>G;180G>C;186A>G;207T>C],NA,p.[Thr13Ser;Asp28Met],-1.2303014097817928,-1.316504373920114,-1.095315308758965,0.0461137113169039,-1.639111,0.2592735717156246,0.0563555430303679,0.5310866303898686
urn:mavedb:00000394-a-1#3362,c.[3C>T;6T>G;21C>T;36T>C;37A>T;39C>T;42C>G;69T>C;72C>T;82G>T;83A>G;120A>G;141A>G;165G>A;168G>A;177G>A],NA,p.[Thr13Ser;Asp28Cys],-0.5232364953821573,-0.5701244458419457,-0.5048265161120418,0.0589792457751519,-1.6177788,1.413673472148631,1.3451851897412628,1.440385725270488
urn:mavedb:00000394-a-1#3363,c.[12C>T;21C>T;27G>A;30G>C;36T>C;37A>T;39C>T;42C>G;48C>T;51C>T;54G>A;82G>C;83A>T;120A>G;123T>C;141A>G;171T>G;174A>G;177G>A;198G>T;207T>C],NA,p.[Thr13Ser;Asp28Leu],-1.0276172986601575,-1.125396267738768,-0.9705155386074864,0.0890093629473187,-1.6241922,0.6275794477535809,0.4450582538250821,0.7275957040215206
urn:mavedb:00000394-a-1#3364,c.[15A>G;21C>T;36T>C;37A>T;42C>G;51C>T;54G>A;69T>C;72C>T;83A>T;84C>T;105C>T;111G>C;114C>T;123T>C;141A>G;165G>A;171T>G;174A>G;177G>A;183A>G;198G>T],NA,p.[Thr13Ser;Asp28Val],-1.3019165090229847,-1.4114084824838355,-1.2290520605306954,0.0494008324271969,-1.6092081,0.0166973836194521,-0.3189955043431308,0.195135757120068
urn:mavedb:00000394-a-1#3365,c.[3C>T;37A>T;39C>T;42C>G;75C>T;78C>T;82G>A;83A>T;99G>C;120A>G;141A>G;165G>A;171T>G;174A>G;177G>A;207T>C],NA,p.[Thr13Ser;Asp28Ile],-0.8243508499877066,-0.8973233694009785,-0.7334708529832381,0.0763243422603,-1.6189575,0.9600221202225376,0.8418774891416037,1.102019921985896
urn:mavedb:00000394-a-1#3366,c.[21C>T;36T>C;37A>T;39C>T;42C>G;51C>T;72C>T;75C>T;82G>T;83A>G;84C>G;120A>G;123T>C;129G>A;141A>G;171T>G;174A>G;177G>A],NA,p.[Thr13Ser;Asp28Trp],-0.7462316041622881,-0.7833582657768501,-0.7209841659631105,0.0472780091442487,-1.648397,1.1275455757910038,1.0704753651922294,1.165955261368688
urn:mavedb:00000394-a-1#3367,c.[3C>T;6T>G;21C>T;37A>T;39C>T;42C>G;78C>T;82G>T;120A>G;123T>C;126C>T;129G>A;141A>G;165G>A;171T>G;174A>G;177G>A],NA,p.[Thr13Ser;Asp28Tyr],-1.145297945759999,-1.210493702731763,-1.0842402820257655,0.0531022923953838,-1.6266446,0.4106007104475842,0.2752684190724404,0.5284866609590443
urn:mavedb:00000394-a-1#3368,c.[15A>G;21C>T;36T>C;37A>T;42C>G;48C>T;75C>T;82G>T;83A>T;120A>G;123T>C;126C>T;141A>G;177G>A],NA,p.[Thr13Ser;Asp28Phe],-1.076926480282237,-1.1156804299588252,-0.9632136058180454,0.0445107298849374,-1.6413608,0.5693337205582986,0.4969110369029021,0.7692758817368258
urn:mavedb:00000394-a-1#3369,c.[3C>T;6T>G;21C>T;36T>C;37A>T;42C>G;51C>T;54G>A;72C>T;75C>T;82G>C;83A>C;84C>G;120A>G;123T>C;141A>G;165G>A;171T>G;198G>T],NA,p.[Thr13Ser;Asp28Pro],-1.5254632524491063,-1.5968647085715124,-1.450436348196534,0.0341334920505852,-1.5921645,-1.0414651444179506,-25.0,-0.5522156030402562
urn:mavedb:00000394-a-1#3370,c.[15A>G;21C>T;36T>C;37A>G;39C>T;42C>G;54G>A;57T>G;72C>T;75C>T;82G>C;84C>G;120A>G;123T>C;126C>T;141A>G;162G>C;165G>A;171T>G;177G>A],NA,p.[Thr13Ala;Asp28Gln],-1.261711294295,-1.309521861750342,-1.226431176168455,0.0258437741992478,-1.5995216,0.0945034470680047,-0.0297557747449925,0.1788634533788576
urn:mavedb:00000394-a-1#3371,c.[6T>G;9G>A;12C>T;21C>T;36T>C;37A>G;39C>G;48C>T;84C>G;120A>G;123T>C;171T>G;174A>G;198G>T;207T>C],NA,p.[Thr13Ala;Asp28Glu],-0.8636113145047366,-0.8851614880687523,-0.853179787550604,0.0348677003869104,-1.560399,0.8006564656173708,0.764393078886475,0.818046599171842
urn:mavedb:00000394-a-1#3372,c.[21C>T;30G>C;36T>C;37A>G;39C>G;42C>G;48C>T;69T>C;72C>T;82G>A;120A>G;123T>C;141A>G;165G>A;171T>G;174A>G;177G>A],NA,p.[Thr13Ala;Asp28Asn],-1.4219659582522368,-1.4821916258628316,-1.3704072806595111,0.034174971056829,-1.5876708,-0.4446058194661682,-0.7489024327228478,-0.2505234768998792
urn:mavedb:00000394-a-1#3373,c.[21C>T;27G>A;36T>C;37A>G;39C>G;42C>G;48C>T;82G>C;87T>C;126C>T;141A>G;165G>A;171T>G;174A>G;177G>A],NA,p.[Thr13Ala;Asp28His],-1.5488467775423018,-1.5927810362372927,-1.4650829019242575,0.0406746415052947,-1.5815496,-1.4780054826979143,-25.0,-0.6837776976124988
urn:mavedb:00000394-a-1#3374,c.[3C>T;21C>T;36T>C;37A>G;39C>G;51C>T;57T>G;60T>C;72C>T;75C>T;82G>C;83A>G;84C>T;120A>G;123T>C;141A>G;165G>A;171T>G;174A>G;177G>A],NA,p.[Thr13Ala;Asp28Arg],-1.4701128792063898,-1.523006111035423,-1.421060863436486,0.0363133672490886,-1.7034955,-0.1973398175182052,-0.3845247491021398,-0.0507096967996336
urn:mavedb:00000394-a-1#3375,c.[3C>T;6T>G;21C>T;27G>A;36T>C;37A>G;39C>G;42C>G;69T>C;72C>T;82G>A;84C>A;90T>C;105C>T;141A>G;165G>A;168G>A;171T>G;174A>G;180G>C;207T>C],NA,p.[Thr13Ala;Asp28Lys],-1.417237738538215,-1.4586772903802754,-1.3473942676507067,0.0387098573756194,-1.634069,-0.2519991427699502,-0.4047688416920081,-0.0389158869775073
urn:mavedb:00000394-a-1#3376,c.[6T>G;9G>A;12C>T;21C>T;30G>C;36T>C;37A>G;39C>G;42C>G;48C>T;82G>A;83A>C;120A>G;123T>C;129G>A;141A>G;165G>A;168G>A;174A>G],NA,p.[Thr13Ala;Asp28Thr],-1.3226778823930636,-1.3794656820191482,-1.2651391438672133,0.0413815220194901,-1.6070251,-0.0453625799135652,-0.2162115187610238,0.1045313157846545
urn:mavedb:00000394-a-1#3377,c.[3C>T;6T>G;21C>T;24C>T;36T>C;37A>G;39C>G;69T>C;72C>T;75C>T;82G>T;83A>C;84C>T;102T>C;120A>G;123T>C;126C>T;129G>A;141A>G;165G>A;171T>G;177G>A;180G>C;183A>G],NA,p.[Thr13Ala;Asp28Ser],-1.36921512924736,-1.4484415341836037,-1.2788981033460225,0.0398082179647534,-1.6115637,-0.1689280208641715,-0.4555541308714873,0.0817254220044855
urn:mavedb:00000394-a-1#3378,c.[21C>T;30G>C;36T>C;37A>G;39C>T;42C>G;48C>T;72C>T;75C>T;83A>C;84C>G;120A>G;123T>C;141A>G;165G>A;171T>G;198G>T;207T>C],NA,p.[Thr13Ala;Asp28Ala],-1.227762617157342,-1.2912588364528654,-1.109440497066963,0.051785914762433,-1.6237955,0.2310271546289397,0.0814008979222312,0.47524402342715
urn:mavedb:00000394-a-1#3379,c.[12C>T;21C>T;30G>C;36T>C;37A>G;39C>G;42C>G;83A>G;84C>T;120A>G;123T>C;126C>T;141A>G;165G>A;171T>G;174A>G;177G>A;198G>T],NA,p.[Thr13Ala;Asp28Gly],-1.4315913809624048,-1.5263241031023609,-1.2622396927592865,0.0414237469436855,-1.6026964,-0.4221686761941147,-0.9563003111757266,0.101024149610275
urn:mavedb:00000394-a-1#3380,c.[21C>T;36T>C;37A>G;39C>G;72C>T;75C>T;78C>T;82G>A;83A>T;84C>G;114C>T;120A>G;132C>T;141A>G;156T>C;177G>A;207T>C],NA,p.[Thr13Ala;Asp28Met],-0.8364691389638046,-0.8812398574487013,-0.7628436657083674,0.0639349586278637,-1.6437368,0.9800999375579272,0.9085355781667136,1.094939458239636
urn:mavedb:00000394-a-1#3381,c.[9G>A;15A>G;21C>T;24C>T;27G>A;30G>C;36T>C;37A>G;39C>G;60T>C;72C>T;75C>T;82G>T;83A>G;84C>T;105C>T;120A>G;135C>T;141A>G;165G>A;168G>A;207T>C],NA,p.[Thr13Ala;Asp28Cys],-0.6244277561481456,-0.6700662943345953,-0.585743698623311,0.0606011308407914,-1.6226692,1.27221584189651,1.2040043118436934,1.3294097319946452
urn:mavedb:00000394-a-1#3382,c.[3C>T;6T>G;21C>T;36T>C;37A>G;39C>T;42C>G;82G>C;83A>T;84C>G;105C>T;120A>G;123T>C;126C>T;135C>T;138T>C;141A>G;165G>A;171T>G;174A>G;177G>A],NA,p.[Thr13Ala;Asp28Leu],-0.8248799328019034,-0.9040150231924838,-0.7873615197157805,0.0365341055229236,-1.6290054,0.9751326319551412,0.8474014472506366,1.034134395849328
urn:mavedb:00000394-a-1#3383,c.[21C>T;36T>C;37A>G;39C>G;51C>T;60T>C;66G>A;83A>T;84C>T;120A>G;123T>C;141A>G;165G>A;171T>G;174A>G;177G>A;207T>C],NA,p.[Thr13Ala;Asp28Val],-1.0170438943903122,-1.0943750661505514,-0.8549590897259112,0.0539967516043349,-1.6141973,0.6286179629310896,0.48574014920637,0.9032854261299748
urn:mavedb:00000394-a-1#3384,c.[6T>G;9G>A;12C>T;21C>T;27G>A;36T>C;37A>G;39C>G;42C>G;51C>T;54G>A;78C>T;82G>A;83A>T;84C>T;120A>G;123T>C;141A>G;165G>A;171T>G;174A>G;177G>A;207T>C],NA,p.[Thr13Ala;Asp28Ile],-0.787737755711327,-0.803004191370681,-0.7484943235393989,0.0424575558616092,-1.6238337,1.0254691210490126,1.00151631730084,1.086401185915827
urn:mavedb:00000394-a-1#3385,c.[21C>T;30G>C;36T>C;37A>G;39C>T;42C>G;51C>T;72C>T;75C>T;82G>T;83A>G;84C>G;120A>G;123T>C;129G>A;141A>G;171T>G;174A>G;177G>A;183A>G;192C>T],NA,p.[Thr13Ala;Asp28Trp],-0.74052095734992,-0.7726265731138999,-0.691784743835399,0.0613811279445341,-1.6528983,1.1431150330964424,1.0939766941518427,1.216762330047915
urn:mavedb:00000394-a-1#3386,c.[3C>T;6T>G;21C>T;36T>C;37A>G;39C>T;42C>G;78C>T;82G>T;96C>T;120A>G;123T>C;126C>T;141A>G;165G>A;171T>G;174A>G;177G>A],NA,p.[Thr13Ala;Asp28Tyr],-0.8410908963711612,-0.9991378208053436,-0.7512414698076609,0.0701834813394565,-1.6314282,0.9532137656838936,0.6906079096389095,1.093861590677308
urn:mavedb:00000394-a-1#3387,c.[9G>A;12C>T;21C>T;27G>A;36T>C;37A>G;39C>G;42C>G;72C>T;75C>T;82G>T;83A>T;120A>G;141A>G;165G>A;168G>A;174A>G;180G>C],NA,p.[Thr13Ala;Asp28Phe],-0.8356633799261077,-0.8714051333178722,-0.8037557214317197,0.0521104591777382,-1.645956,0.9848830974206428,0.927945884454164,1.0349912798332763
urn:mavedb:00000394-a-1#3388,c.[9G>A;21C>T;27G>A;30G>C;36T>C;37A>G;39C>G;42C>G;48C>T;57T>G;78C>T;82G>C;83A>C;84C>G;102T>C;120A>G;123T>C;141A>G;165G>A;171T>G;174A>G],NA,p.[Thr13Ala;Asp28Pro],-1.40149952641688,-1.4488541125139036,-1.3825226212662036,0.0254966852194527,-1.5973387,-0.3261786993448927,-0.5204421759166088,-0.258865535848176
urn:mavedb:00000394-a-1#3389,c.[3C>T;6T>G;21C>T;36T>C;37A>G;38C>G;39C>T;42C>G;72C>T;75C>T;78C>T;82G>C;84C>G;120A>G;123T>C;126C>T;129G>A;141A>G;165G>A;171T>G;186A>G],NA,p.[Thr13Gly;Asp28Gln],-1.359536472934369,-1.40716443477263,-1.2453809084027996,0.0404404584471298,-1.5902028,-0.2060864421816951,-0.3745536744172201,0.1117115646642326
urn:mavedb:00000394-a-1#3390,c.[6T>G;9G>A;12C>T;21C>T;36T>C;37A>G;38C>G;39C>T;42C>G;69T>C;72C>T;84C>G;120A>G;126C>T;141A>G;165G>A;171T>G;177G>A],NA,p.[Thr13Gly;Asp28Glu],-0.9437154358226822,-0.9661265353133032,-0.9238900786928322,0.0312329486044805,-1.5503969,0.6456187457290873,0.6054947746458128,0.6805493293969432
urn:mavedb:00000394-a-1#3391,c.[15A>G;21C>T;36T>C;37A>G;38C>G;39C>T;42C>G;82G>A;120A>G;129G>A;141A>G;168G>A;180G>C],NA,p.[Thr13Gly;Asp28Asn],-1.5021463468378748,-1.579336567763845,-1.4695513921624035,0.0399194197199049,-1.5781326,-0.9595016948873016,-25.0,-0.7299330753931991
urn:mavedb:00000394-a-1#3392,c.[9G>A;21C>T;36T>C;37A>G;38C>G;39C>T;42C>G;51C>T;60T>C;69T>C;72C>T;82G>C;120A>G;123T>C;141A>G;150C>T;165G>A;168G>A;174A>G;207T>C],NA,p.[Thr13Gly;Asp28His],-1.4808777526497705,-1.569054207680661,-1.3758820132299494,0.0354777157477502,-1.5719023,-0.8444008470627253,-2.913750258818993,-0.3255081369827609
urn:mavedb:00000394-a-1#3393,c.[12C>T;21C>T;36T>C;37A>G;38C>G;39C>T;42C>G;72C>T;75C>T;78C>T;82G>C;83A>G;84C>T;120A>G;123T>C;126C>T;141A>G;165G>A;171T>G;174A>G;177G>A],NA,p.[Thr13Gly;Asp28Arg],-1.5985048082393358,-1.7037223623523603,-1.513149851366044,0.0534656310963531,-1.6967764,-0.794969038544527,-25.0,-0.3722881093774212
urn:mavedb:00000394-a-1#3394,c.[6T>G;9G>A;12C>T;21C>T;36T>C;37A>G;38C>G;39C>T;42C>G;69T>C;72C>T;78C>T;82G>A;84C>A;120A>G;141A>G;165G>A;171T>G;174A>G;177G>A],NA,p.[Thr13Gly;Asp28Lys],-1.5265651104546398,-1.6598034874607497,-1.476184739563413,0.0422053145081901,-1.6254678,-0.7908105267916519,-25.0,-0.5167719890054245
urn:mavedb:00000394-a-1#3395,c.[3C>T;6T>G;36T>C;37A>G;38C>G;39C>T;42C>G;48C>T;60T>C;69T>C;72C>T;82G>A;83A>C;102T>C;120A>G;123T>C;126C>T;129G>A;141A>G;144C>T;165G>A;171T>G;174A>G;180G>C],NA,p.[Thr13Gly;Asp28Thr],-1.5221153025927618,-1.5979225460262336,-1.417546544271971,0.0338038070410382,-1.5978522,-0.96158209325172,-25.0,-0.3852315105359776
urn:mavedb:00000394-a-1#3396,c.[6T>G;9G>A;12C>T;21C>T;36T>C;37A>G;38C>G;39C>T;42C>G;72C>T;75C>T;82G>T;83A>C;84C>T;120A>G;123T>C;126C>T;141A>G;165G>A;171T>G;174A>G;177G>A],NA,p.[Thr13Gly;Asp28Ser],-1.5818284258843027,-1.6320159060866488,-1.5119725491949807,0.033319022528105,-1.6024814,-1.7527071195508908,-25.0,-0.8480566921450724
urn:mavedb:00000394-a-1#3397,c.[21C>T;36T>C;37A>G;38C>G;39C>T;42C>G;54G>A;63G>C;69T>C;72C>T;83A>C;84C>G;108G>C;111G>C;120A>G;123T>C;126C>T;132C>T;141A>G;162G>C;165G>A;168G>A;171T>G;174A>G],NA,p.[Thr13Gly;Asp28Ala],-1.3219174907532416,-1.3998137639369432,-1.24458628727203,0.0737505752517419,-1.6149688,-0.0214230834442297,-0.2577091085538752,0.1725709026071044
urn:mavedb:00000394-a-1#3398,c.[3C>T;6T>G;21C>T;36T>C;37A>G;38C>G;39C>T;42C>G;48C>T;54G>A;69T>C;72C>T;83A>G;84C>T;120A>G;123T>C;132C>T;141A>G;171T>G;177G>A],NA,p.[Thr13Gly;Asp28Gly],-1.619646369048687,-1.6894810037084582,-1.5343782259214958,0.0459075412461077,-1.5934391,-15.0,-25.0,-1.1172510738457515
urn:mavedb:00000394-a-1#3399,c.[21C>T;36T>C;37A>G;38C>G;39C>T;42C>G;48C>T;60T>C;78C>T;82G>A;83A>T;84C>G;87T>C;93C>T;105C>T;120A>G;123T>C;126C>T;141A>G;165G>A;171T>G;174A>G],NA,p.[Thr13Gly;Asp28Met],-1.3795907957958842,-1.5140486906058288,-1.2868602864637189,0.0454160623453108,-1.6353602,-0.1278546710821523,-0.6567631959835519,0.1206351574098426
urn:mavedb:00000394-a-1#3400,c.[21C>T;37A>G;38C>G;39C>T;42C>G;66G>A;75C>T;82G>T;83A>G;84C>T;120A>G;141A>G;165G>A;171T>G;174A>G;177G>A],NA,p.[Thr13Gly;Asp28Cys],-0.5720837065583975,-0.6230725881636797,-0.5470433622468813,0.0433774103950001,-1.6138172,1.336491503860069,1.2610769289085093,1.3731997506399027
urn:mavedb:00000394-a-1#3401,c.[12C>T;21C>T;36T>C;37A>G;38C>G;42C>G;48C>T;72C>T;75C>T;82G>C;83A>T;84C>G;87T>C;120A>G;123T>C;141A>G;165G>A;168G>A;171T>G;174A>G;177G>A],NA,p.[Thr13Gly;Asp28Leu],-1.0938094191193222,-1.1162509203704216,-1.0511285676281552,0.0507392000372675,-1.6202917,0.4984434251496277,0.4552897040043484,0.5780078738342023
urn:mavedb:00000394-a-1#3402,c.[21C>T;36T>C;37A>G;38C>G;39C>T;42C>G;48C>T;54G>A;69T>C;72C>T;83A>T;84C>T;120A>G;123T>C;129G>A;141A>G;171T>G;174A>G;177G>A],NA,p.[Thr13Gly;Asp28Val],-1.1209847281075778,-1.2199538736461233,-1.0667837856902718,0.054681198847365,-1.6051683,0.4162548796835827,0.2066721719178854,0.520951390713586
urn:mavedb:00000394-a-1#3403,c.[3C>T;6T>G;21C>T;36T>C;37A>G;38C>G;39C>T;42C>G;78C>T;82G>A;83A>T;84C>T;90T>C;120A>G;141A>G;177G>A;180G>C],NA,p.[Thr13Gly;Asp28Ile],-1.2148391631068711,-1.2784484919303698,-1.120687015104329,0.0605570370565347,-1.6150074,0.2402328251427654,0.0914044086805019,0.4362860851230604
urn:mavedb:00000394-a-1#3404,c.[3C>T;6T>G;21C>T;36T>C;37A>G;38C>G;39C>T;42C>G;48C>T;54G>A;60T>C;72C>T;75C>T;78C>T;82G>T;83A>G;84C>G;120A>G;123T>C;162G>C;165G>A;168G>A;177G>A;180G>C],NA,p.[Thr13Gly;Asp28Trp],-0.9485608102260156,-1.0006245858244662,-0.8921838130841252,0.0587780949431197,-1.6447449,0.7996027660071905,0.7111265408672787,0.8924498861936679
urn:mavedb:00000394-a-1#3405,c.[3C>T;6T>G;21C>T;36T>C;37A>G;38C>G;39C>T;42C>G;51C>T;54G>A;57T>G;82G>T;120A>G;123T>C;141A>G;162G>C;165G>A;168G>A;171T>G;174A>G],NA,p.[Thr13Gly;Asp28Tyr],-0.9455027562037428,-1.0219389154744647,-0.8984274233207669,0.0526970882228094,-1.6227684,0.7677938601167675,0.6351773728778003,0.8463356688739171
urn:mavedb:00000394-a-1#3406,c.[6T>G;9G>A;12C>T;21C>T;36T>C;37A>G;38C>G;39C>T;42C>G;48C>T;54G>A;69T>C;72C>T;82G>T;83A>T;105C>T;120A>G;123T>C;141A>G;165G>A;168G>A;177G>A],NA,p.[Thr13Gly;Asp28Phe],-0.9444525361235124,-0.9884703902839456,-0.8874017931921404,0.056328363857356,-1.6376328,0.794577746499748,0.7198272739187541,0.8886702368182242
urn:mavedb:00000394-a-1#3407,c.[3C>T;6T>G;21C>T;36T>C;37A>G;38C>G;39C>T;42C>G;51C>T;54G>A;69T>C;72C>T;75C>T;82G>C;83A>C;84C>G;120A>G;123T>C;129G>A;141A>G;162G>C;165G>A;171T>G;177G>A],NA,p.[Thr13Gly;Asp28Pro],-1.6030254239112405,-1.6329081531867211,-1.5797942142769918,0.0291709621605033,-1.5879784,-15.0,-25.0,-2.297959248182951
urn:mavedb:00000394-a-1#3408,c.[21C>T;24C>T;36T>C;38C>T;39C>G;42C>G;69T>C;72C>T;82G>C;84C>G;90T>C;120A>G;123T>C;126C>T;129G>A;141A>G;165G>A;171T>G;174A>G;177G>A],NA,p.[Thr13Met;Asp28Gln],-0.9128859662974194,-0.9755659904503808,-0.8527650106905117,0.0347890932270129,-1.6010957,0.7862556767610411,0.6788154753964685,0.8856020811442209
urn:mavedb:00000394-a-1#3409,c.[21C>T;36T>C;38C>T;39C>G;42C>G;69T>C;72C>T;84C>A;87T>C;120A>G;141A>G;165G>A;171T>G;174A>G],NA,p.[Thr13Met;Asp28Glu],-0.6315431447731886,-0.6451933492928593,-0.6104929406424898,0.0414138624007147,-1.5620918,1.1707819690351051,1.1500716439148126,1.202552549144781
urn:mavedb:00000394-a-1#3410,c.[12C>T;21C>T;36T>C;38C>T;39C>G;42C>G;54G>A;82G>A;120A>G;123T>C;126C>T;141A>G;165G>A;168G>A;171T>G;174A>G],NA,p.[Thr13Met;Asp28Asn],-1.220015551533468,-1.2587864949633751,-1.115909407794073,0.0450584940854428,-1.589284,0.1699815435922875,0.0763073722365977,0.3946440515058743
urn:mavedb:00000394-a-1#3411,c.[6T>G;9G>A;12C>T;21C>T;36T>C;38C>T;39C>G;42C>G;51C>T;82G>C;120A>G;123T>C;141A>G;165G>A;171T>G;174A>G;177G>A;198G>T],NA,p.[Thr13Met;Asp28His],-1.2001403988577963,-1.2893990160354762,-1.1525638573476304,0.0441478931669883,-1.5831814,0.2017331287110935,-0.0194284324259547,0.306309879739117
urn:mavedb:00000394-a-1#3412,c.[21C>T;36T>C;38C>T;39C>G;42C>G;82G>C;83A>G;84C>T;120A>G;141A>G;165G>A;171T>G;174A>G;177G>A;183A>G],NA,p.[Thr13Met;Asp28Arg],-1.306860563630348,-1.375078089142311,-1.2253226461306694,0.0358028210193678,-1.7046237,0.2348665113149574,0.073895341230598,0.4064957650365707
urn:mavedb:00000394-a-1#3413,c.[3C>T;6T>G;21C>T;38C>T;39C>G;42C>G;48C>T;82G>A;84C>A;120A>G;123T>C;141A>G;165G>A;168G>A;171T>G;174A>G],NA,p.[Thr13Met;Asp28Lys],-1.260010192953977,-1.409428063516494,-1.1834286882614284,0.0613050904780694,-1.635519,0.1844468123917591,-0.2210371442778585,0.3512509691634492
urn:mavedb:00000394-a-1#3414,c.[3C>T;6T>G;12C>T;21C>T;36T>C;38C>T;39C>G;42C>G;82G>A;83A>C;84C>T;123T>C;126C>T;141A>G;174A>G],NA,p.[Thr13Met;Asp28Thr],-1.200821800417741,-1.2303175754917737,-1.1342869298737572,0.0384869162283147,-1.6085744,0.2569648045513865,0.1907801151743556,0.3964739331212877
urn:mavedb:00000394-a-1#3415,c.[9G>A;15A>G;21C>T;36T>C;38C>T;39C>G;42C>G;72C>T;75C>T;78C>T;82G>T;83A>C;84C>T;120A>G;123T>C;126C>T;141A>G;174A>G;180G>C],NA,p.[Thr13Met;Asp28Ser],-0.9981875839663632,-1.0824269357610168,-0.918085509379145,0.0393746433493634,-1.6130967,0.6601483355150006,0.5063921153697316,0.7976559496408321
urn:mavedb:00000394-a-1#3416,c.[3C>T;6T>G;21C>T;36T>C;38C>T;39C>G;42C>G;48C>T;69T>C;72C>T;75C>T;83A>C;84C>G;120A>G;123T>C;141A>G;174A>G],NA,p.[Thr13Met;Asp28Ala],-1.0318549372405872,-1.074491927888452,-0.9686675912826734,0.0367536614965262,-1.6252851,0.6219472922123498,0.5441385294932889,0.7326397837563107
urn:mavedb:00000394-a-1#3417,c.[6T>G;9G>A;12C>T;15A>G;21C>T;36T>C;38C>T;39C>G;42C>G;54G>A;63G>C;72C>T;75C>T;83A>G;84C>T;120A>G;123T>C;126C>T;141A>G;165G>A;168G>A;171T>G;174A>G;177G>A;207T>C],NA,p.[Thr13Met;Asp28Gly],-1.4794531837875042,-1.5617315593558596,-1.3102287270549422,0.0540498271218606,-1.6042609,-0.6378345418349587,-1.318965599127577,-0.0187544402147946
urn:mavedb:00000394-a-1#3418,c.[9G>A;15A>G;21C>T;27G>A;36T>C;38C>T;39C>G;42C>G;72C>T;75C>T;78C>T;82G>A;83A>T;84C>G;120A>G;123T>C;126C>T;141A>G;177G>A;180G>C;207T>C],NA,p.[Thr13Met;Asp28Met],-0.9925340306630216,-1.0114287166020806,-0.9596036376438308,0.0448013291693163,-1.6451478,0.725760855053181,0.6930898111282466,0.781751333527141
urn:mavedb:00000394-a-1#3419,c.[3C>T;6T>G;21C>T;27G>A;36T>C;38C>T;39C>G;72C>T;75C>T;82G>T;83A>G;120A>G;123T>C;126C>T;141A>G;177G>A],NA,p.[Thr13Met;Asp28Cys],-0.4379376502490459,-0.4603881841898393,-0.401786397897659,0.0420452432300667,-1.6241622,1.5458104064810472,1.5136462949462972,1.5973668949110682
urn:mavedb:00000394-a-1#3420,c.[3C>T;6T>G;21C>T;36T>C;38C>T;39C>G;42C>G;82G>C;83A>T;84C>G;120A>G;129G>A;141A>G;156T>C;165G>A;168G>A;174A>G;195G>A;207T>C],NA,p.[Thr13Met;Asp28Leu],-0.7290253363655324,-0.8072016941114585,-0.6785165121775475,0.0528663054569966,-1.6304755,1.126466770285682,1.005356867300098,1.2030287583028725
urn:mavedb:00000394-a-1#3421,c.[3C>T;6T>G;9G>A;12C>T;21C>T;36T>C;38C>T;39C>G;42C>G;54G>A;83A>T;84C>T;120A>G;141A>G;165G>A;171T>G;174A>G;177G>A;198G>T],NA,p.[Thr13Met;Asp28Val],-1.0621069164629762,-1.118571989662147,-1.0193772161492116,0.0412697919059563,-1.6157212,0.5493787683932942,0.4418371837939139,0.6271697719051109
urn:mavedb:00000394-a-1#3422,c.[21C>T;36T>C;38C>T;39C>G;42C>G;51C>T;78C>T;82G>A;83A>T;84C>T;120A>G;123T>C;129G>A;141A>G;165G>A;171T>G;174A>G;177G>A;198G>T],NA,p.[Thr13Met;Asp28Ile],-0.8598331733414402,-0.8870449116154087,-0.8033340047977582,0.0789552636789199,-1.6253228,0.9133758385704952,0.8691980405454759,1.0033393983041283
urn:mavedb:00000394-a-1#3423,c.[21C>T;36T>C;38C>T;39C>G;42C>G;72C>T;75C>T;82G>T;83A>G;84C>G;120A>G;141A>G;171T>G;174A>G;177G>A;180G>C],NA,p.[Thr13Met;Asp28Trp],-0.7402092976594599,-0.8133333534613983,-0.652402680455499,0.049802532478952,-1.6542716,1.1456785591641838,1.0330159632306406,1.2775713476006016
urn:mavedb:00000394-a-1#3424,c.[21C>T;36T>C;38C>T;39C>G;42C>G;51C>T;63G>C;72C>T;75C>T;82G>T;114C>T;120A>G;123T>C;129G>A;141A>G;165G>A;171T>G;174A>G],NA,p.[Thr13Met;Asp28Tyr],-0.6773029507874974,-0.7473441992500901,-0.6329519084919887,0.0492726691459786,-1.6328888,1.2084797051616287,1.1020982425841577,1.27472381284943
urn:mavedb:00000394-a-1#3425,c.[21C>T;27G>A;36T>C;38C>T;39C>G;57T>G;69T>C;72C>T;82G>T;83A>T;120A>G;141A>G;165G>A;171T>G;174A>G;177G>A],NA,p.[Thr13Met;Asp28Phe],-0.5745699589949889,-0.6213503501549474,-0.5265816780968225,0.049172065564616,-1.6473589,1.381948686820961,1.3132974733122524,1.4516724161397088
urn:mavedb:00000394-a-1#3426,c.[21C>T;36T>C;38C>T;39C>G;42C>G;48C>T;72C>T;75C>T;82G>C;83A>C;84C>G;120A>G;123T>C;141A>G;165G>A;171T>G;174A>G;177G>A],NA,p.[Thr13Met;Asp28Pro],-1.2245068103564771,-1.2905042592110698,-1.137313805800379,0.0418579441837917,-1.5989203,0.1819257732156332,0.0196571239145283,0.3707947931343612
urn:mavedb:00000394-a-1#3427,c.[6T>G;9G>A;12C>T;21C>T;36T>C;37A>T;38C>G;42C>G;72C>T;75C>T;82G>C;84C>G;120A>G;141A>G;171T>G;174A>G],NA,p.[Thr13Cys;Asp28Gln],-0.0749799597850572,-0.0882895192075591,-0.0686823621595272,0.0426746111338193,-1.5975456,2.017251499789467,1.998870956236044,2.0259429140847365
urn:mavedb:00000394-a-1#3428,c.[3C>T;6T>G;21C>T;36T>C;37A>T;38C>G;42C>G;63G>C;84C>G;93C>T;123T>C;126C>T;141A>G;165G>A;171T>G;174A>G;177G>A],NA,p.[Thr13Cys;Asp28Glu],0.2734416244649582,0.2581287236852166,0.2929507401697325,0.0625842849320823,-1.5582767,2.441102838219877,2.420221173238813,2.467697227111053
urn:mavedb:00000394-a-1#3429,c.[12C>T;21C>T;36T>C;37A>T;38C>G;42C>G;51C>T;54G>A;63G>C;66G>A;82G>A;120A>G;123T>C;129G>A;165G>A;171T>G;174A>G;177G>A;192C>T;195G>A],NA,p.[Thr13Cys;Asp28Asn],-0.3991969688776446,-0.4122985796025802,-0.3856202726579077,0.0623728530517118,-1.5856481,1.5461965855473003,1.527439456052335,1.565593119850921
urn:mavedb:00000394-a-1#3430,c.[3C>T;6T>G;21C>T;37A>T;38C>G;42C>G;51C>T;54G>A;78C>T;82G>C;120A>G;123T>C;129G>A;141A>G;165G>A;168G>A;171T>G;174A>G;183A>G;192C>T],NA,p.[Thr13Cys;Asp28His],-0.4422444766368355,-0.4571921087686225,-0.4239898364444932,0.0564233385229045,-1.5795026,1.475566427527128,1.4539821483758082,1.5018482482200484
urn:mavedb:00000394-a-1#3431,c.[6T>G;9G>A;12C>T;21C>T;36T>C;37A>T;38C>G;39C>T;42C>G;54G>A;82G>C;83A>G;84C>T;102T>C;120A>G;123T>C;126C>T;129G>A;141A>G;150C>T;165G>A;168G>A;177G>A;180G>C],NA,p.[Thr13Cys;Asp28Arg],-0.541414878985139,-0.6637855274801729,-0.4707370916250672,0.0845407523577232,-1.7020788,1.509077490583235,1.3313424506536484,1.609988973191283
urn:mavedb:00000394-a-1#3432,c.[6T>G;9G>A;12C>T;21C>T;36T>C;37A>T;38C>G;42C>G;72C>T;75C>T;82G>A;84C>A;102T>C;105C>T;120A>G;123T>C;126C>T;141A>G;165G>A;171T>G;177G>A;180G>C],NA,p.[Thr13Cys;Asp28Lys],-0.7822806662859922,-0.8223652811684,-0.7428988995613858,0.0790757592624101,-1.6322479,1.047102918052171,0.984243546265467,1.107938806154687
urn:mavedb:00000394-a-1#3433,c.[21C>T;36T>C;37A>T;38C>G;42C>G;72C>T;75C>T;82G>A;83A>C;120A>G;123T>C;126C>T;129G>A;141A>G;165G>A;168G>A;177G>A],NA,p.[Thr13Cys;Asp28Thr],-0.6143912903418731,-0.6278275048560578,-0.5869387557852982,0.0561756681394192,-1.6050806,1.2610034966187251,1.2409683158360048,1.301724266358196
urn:mavedb:00000394-a-1#3434,c.[21C>T;36T>C;37A>T;38C>G;42C>G;82G>T;83A>C;84C>T;120A>G;123T>C;126C>T;141A>G;165G>A;171T>G;174A>G;177G>A;207T>C],NA,p.[Thr13Cys;Asp28Ser],-0.5337511179683421,-0.5736254716155064,-0.4729929557316455,0.0577762684299121,-1.6096392,1.3865166421057211,1.32808224636617,1.4746396233167665
urn:mavedb:00000394-a-1#3435,c.[6T>G;9G>A;12C>T;21C>T;36T>C;37A>T;38C>G;42C>G;54G>A;78C>T;83A>C;84C>T;120A>G;123T>C;126C>T;141A>G;171T>G;174A>G],NA,p.[Thr13Cys;Asp28Ala],-0.6424114844331674,-0.6651152082765582,-0.614580748632848,0.0426416900530204,-1.6219258,1.244328568946716,1.2103297521476366,1.285724989737885
urn:mavedb:00000394-a-1#3436,c.[21C>T;36T>C;37A>T;38C>G;42C>G;72C>T;75C>T;83A>G;84C>T;120A>G;123T>C;126C>T;141A>G;171T>G;174A>G;177G>A],NA,p.[Thr13Cys;Asp28Gly],-0.5858862783898471,-0.6396112353517628,-0.5660474507181691,0.0517229061364746,-1.6007342,1.2968577617546748,1.2168240760571214,1.3261387381232537
urn:mavedb:00000394-a-1#3437,c.[21C>T;36T>C;37A>T;38C>G;39C>T;42C>G;72C>T;75C>T;78C>T;82G>A;83A>T;84C>G;87T>C;120A>G;123T>C;126C>T;141A>G;165G>A;171T>G;177G>A],NA,p.[Thr13Cys;Asp28Met],-0.4855996576421016,-0.5121015420385926,-0.4552886849295841,0.0700936228429489,-1.641964,1.5029794294564658,1.4648071304210892,1.5464280842873033
urn:mavedb:00000394-a-1#3438,c.[21C>T;36T>C;37A>T;38C>G;42C>G;82G>T;83A>G;120A>G;141A>G;168G>A;177G>A;198G>T],NA,p.[Thr13Cys;Asp28Cys],-0.6454334078365628,-0.6702690641295953,-0.6232935059714932,0.0429289224773108,-1.6207938,1.2381249686881663,1.2008793929372388,1.2711165973201024
urn:mavedb:00000394-a-1#3439,c.[6T>G;9G>A;21C>T;36T>C;37A>T;38C>G;39C>T;42C>G;48C>T;60T>C;72C>T;75C>T;82G>C;83A>T;84C>G;87T>C;120A>G;123T>C;129G>A;141A>G;168G>A;174A>G],NA,p.[Thr13Cys;Asp28Leu],-0.3123610019699759,-0.3405782029082287,-0.2929878858979141,0.0547555759444247,-1.6271601,1.7280092270468757,1.6882834755169207,1.7552095268336927
urn:mavedb:00000394-a-1#3440,c.[21C>T;36T>C;37A>T;38C>G;42C>G;72C>T;75C>T;83A>T;84C>T;114C>T;120A>G;123T>C;126C>T;141A>G;165G>A;168G>A;171T>G;177G>A],NA,p.[Thr13Cys;Asp28Val],-0.3279216756631101,-0.3473714928039281,-0.314973115948015,0.0550886354738814,-1.6122842,1.6851823001174215,1.6577115507356963,1.7034341881233717
urn:mavedb:00000394-a-1#3441,c.[6T>G;9G>A;21C>T;36T>C;37A>T;38C>G;42C>G;57T>G;60T>C;69T>C;72C>T;78C>T;82G>A;83A>T;84C>T;99G>C;120A>G;123T>C;126C>T;132C>T;141A>G;165G>A;171T>G;174A>G;177G>A],NA,p.[Thr13Cys;Asp28Ile],-0.2527995784270115,-0.3304575805126697,-0.2289174379013829,0.0631245836000191,-1.621964,1.804209277920512,1.6952362956617193,1.837545840413085
urn:mavedb:00000394-a-1#3442,c.[21C>T;36T>C;37A>T;38C>G;42C>G;82G>T;83A>G;84C>G;93C>T;120A>G;141A>G;165G>A;171T>G;174A>G;177G>A;207T>C],NA,p.[Thr13Cys;Asp28Trp],-0.4455503806148276,-0.5030204833740346,-0.3876177521424456,0.0919043462102161,-1.6511736,1.5734681251435405,1.4911589045657128,1.655722125023248
urn:mavedb:00000394-a-1#3443,c.[3C>T;6T>G;21C>T;36T>C;37A>T;38C>G;42C>G;72C>T;75C>T;82G>T;114C>T;123T>C;126C>T;141A>G;165G>A;168G>A;171T>G;174A>G;183A>G],NA,p.[Thr13Cys;Asp28Tyr],-0.5253312048889469,-0.5645550762976095,-0.4968801494954964,0.0691380607563157,-1.6295948,1.427775548293739,1.3706455697764632,1.46894037790137
urn:mavedb:00000394-a-1#3444,c.[21C>T;36T>C;37A>T;38C>G;42C>G;82G>T;83A>T;102T>C;120A>G;141A>G;165G>A;171T>G;174A>G;177G>A;192C>T],NA,p.[Thr13Cys;Asp28Phe],-0.3825959157299137,-0.4296746681827173,-0.3691853802423807,0.0485289018066075,-1.644196,1.6529680216151417,1.5861568078074186,1.67192229268252
urn:mavedb:00000394-a-1#3445,c.[21C>T;36T>C;37A>T;38C>G;42C>G;72C>T;75C>T;82G>C;83A>C;84C>G;87T>C;120A>G;141A>G;165G>A;171T>G;174A>G;177G>A;207T>C],NA,p.[Thr13Cys;Asp28Pro],-0.766406543101593,-0.8154271111885961,-0.7233137587225238,0.0569323232123538,-1.5953541,1.0142915662577263,0.9365992366741258,1.0813345734752835
urn:mavedb:00000394-a-1#3446,c.[6T>G;9G>A;12C>T;21C>T;36T>C;37A>C;38C>T;42C>G;54G>A;57T>G;72C>T;75C>T;82G>C;84C>G;120A>G;123T>C;126C>T;141A>G;171T>G;174A>G;177G>A],NA,p.[Thr13Leu;Asp28Gln],-1.087880098444567,-1.1229042650201064,-1.031280006231983,0.0374669298454609,-1.5978961,0.4668836675896831,0.3978925820704238,0.5733528460530063
urn:mavedb:00000394-a-1#3447,c.[21C>T;36T>C;37A>C;38C>T;39C>G;42C>G;69T>C;72C>T;84C>G;111G>C;141A>G;165G>A;171T>G;174A>G;177G>A],NA,p.[Thr13Leu;Asp28Glu],-0.6719015394068055,-0.7008862542574351,-0.6498530262474204,0.0376808921931493,-1.5586524,1.1040121569171706,1.059276407301031,1.137744793800319
urn:mavedb:00000394-a-1#3448,c.[3C>T;12C>T;21C>T;36T>C;37A>C;38C>T;42C>G;69T>C;78C>T;82G>A;120A>G;141A>G;165G>A;171T>G;177G>A],NA,p.[Thr13Leu;Asp28Asn],-1.172165129589531,-1.2252092459179014,-1.1077750874906156,0.0412372769097066,-1.5860062,0.270266243867359,0.1500791722065434,0.4043903902647288
urn:mavedb:00000394-a-1#3449,c.[21C>T;36T>C;37A>C;38C>T;39C>G;42C>G;54G>A;72C>T;75C>T;82G>C;111G>C;120A>G;132C>T;141A>G;165G>A;171T>G;174A>G;177G>A;207T>C],NA,p.[Thr13Leu;Asp28His],-1.0858813787532655,-1.1408563615299738,-1.0433262954165958,0.0476726040392314,-1.579865,0.4356357845080154,0.3240295595458089,0.517487720389539
urn:mavedb:00000394-a-1#3450,c.[21C>T;36T>C;37A>C;38C>T;39C>G;42C>G;82G>C;83A>G;84C>T;111G>C;120A>G;138T>C;141A>G;165G>A;171T>G;174A>G;177G>A],NA,p.[Thr13Leu;Asp28Arg],-1.2451840501514846,-1.341351036252224,-1.1476349771194867,0.0429108399264235,-1.7023301,0.361639662117562,0.1504844755914685,0.5513527999325692
urn:mavedb:00000394-a-1#3451,c.[21C>T;36T>C;37A>C;38C>T;42C>G;48C>T;78C>T;82G>A;84C>A;105C>T;120A>G;123T>C;141A>G;165G>A;171T>G;174A>G;177G>A],NA,p.[Thr13Leu;Asp28Lys],-0.9014867796020644,-1.0874695574291555,-0.7548536158151217,0.0719553746780796,-1.6325703,0.8574125439531304,0.5335285159867701,1.0900578653716642
urn:mavedb:00000394-a-1#3452,c.[9G>A;21C>T;36T>C;37A>C;38C>T;42C>G;57T>G;60T>C;69T>C;82G>A;83A>C;120A>G;123T>C;126C>T;132C>T;141A>G;177G>A],NA,p.[Thr13Leu;Asp28Thr],-1.1446290907955303,-1.302307294428615,-1.0016080464769663,0.0749172087541759,-1.6054254,0.369138681569657,0.0056554388740987,0.6405050595456732
urn:mavedb:00000394-a-1#3453,c.[6T>G;9G>A;12C>T;21C>T;36T>C;37A>C;38C>T;39C>G;42C>G;48C>T;54G>A;66G>A;72C>T;75C>T;82G>T;83A>C;84C>T;105C>T;120A>G;123T>C;129G>A;141A>G;165G>A;171T>G;174A>G;177G>A],NA,p.[Thr13Leu;Asp28Ser],-1.2530044933238274,-1.2935688946230195,-1.1957796352490817,0.0377022340890393,-1.6099796,0.1409962226467582,0.040472507145156,0.2710396509752671
urn:mavedb:00000394-a-1#3454,c.[21C>T;36T>C;37A>C;38C>T;42C>G;48C>T;72C>T;75C>T;83A>C;84C>G;87T>C;120A>G;123T>C;129G>A;135C>T;168G>A;177G>A;180G>C],NA,p.[Thr13Leu;Asp28Ala],-1.0713211711341115,-1.1175278647121432,-1.031083285001825,0.0477511327959325,-1.6222577,0.5444060413551122,0.4566288863469823,0.6179002046195745
urn:mavedb:00000394-a-1#3455,c.[3C>T;21C>T;27G>A;30G>C;36T>C;37A>C;38C>T;39C>G;69T>C;72C>T;83A>G;84C>T;120A>G;123T>C;126C>T;141A>G;162G>C;165G>A;168G>A;177G>A],NA,p.[Thr13Leu;Asp28Gly],-1.2121869415977933,-1.3025126835163043,-1.1265192323943516,0.055104184238289,-1.6010818,0.2150072342745191,-0.006500333168505,0.3970291734275089
urn:mavedb:00000394-a-1#3456,c.[21C>T;36T>C;37A>C;38C>T;39C>G;42C>G;48C>T;69T>C;72C>T;78C>T;82G>A;83A>T;84C>G;105C>T;114C>T;120A>G;123T>C;141A>G;165G>A;171T>G;174A>G;177G>A;207T>C],NA,p.[Thr13Leu;Asp28Met],-0.9509700728909894,-0.976121748429435,-0.9156607070232524,0.0325523475783835,-1.6422782,0.7914371008319094,0.748928811063407,0.8500715706483296
urn:mavedb:00000394-a-1#3457,c.[15A>G;21C>T;36T>C;37A>C;38C>T;39C>G;42C>G;51C>T;69T>C;72C>T;75C>T;78C>T;82G>T;83A>G;87T>C;96C>T;111G>C;141A>G;165G>A;171T>G;177G>A;186A>G;207T>C],NA,p.[Thr13Leu;Asp28Cys],-0.4412591475091375,-0.4494560610007435,-0.4344551214514437,0.0365007475365656,-1.6211257,1.5367179989316535,1.524976032763251,1.546452946376793
urn:mavedb:00000394-a-1#3458,c.[6T>G;9G>A;12C>T;30G>C;36T>C;37A>C;38C>T;42C>G;72C>T;75C>T;82G>C;83A>T;84C>G;120A>G;132C>T;141A>G;153A>G;168G>A;180G>C;186A>G;189G>A;198G>T;207T>C],NA,p.[Thr13Leu;Asp28Leu],-0.7006736955818014,-0.7273838897332178,-0.6272314126830569,0.0634565628089489,-1.6274872,1.1650641969669644,1.1244108154376424,1.2752026733547648
urn:mavedb:00000394-a-1#3459,c.[21C>T;36T>C;37A>C;38C>T;39C>G;42C>G;54G>A;72C>T;75C>T;83A>T;84C>T;105C>T;120A>G;141A>G;165G>A;171T>G;174A>G;177G>A;198G>T;207T>C],NA,p.[Thr13Leu;Asp28Val],-0.8098441290299032,-0.8345133335051529,-0.7780866440617917,0.0541414810375426,-1.6126232,0.9730087222145002,0.9336762106329296,1.0230369283027043
urn:mavedb:00000394-a-1#3460,c.[6T>G;9G>A;12C>T;21C>T;36T>C;37A>C;38C>T;42C>G;72C>T;75C>T;78C>T;82G>A;83A>T;84C>T;99G>C;120A>G;123T>C;126C>T;141A>G;165G>A;168G>A],NA,p.[Thr13Leu;Asp28Ile],-0.5372726000212434,-0.5934735936538225,-0.4913057774502749,0.0506164696072199,-1.6222959,1.3998179619074838,1.317473684960669,1.4664612719349923
urn:mavedb:00000394-a-1#3461,c.[3C>T;6T>G;12C>T;21C>T;36T>C;37A>C;38C>T;39C>G;42C>G;69T>C;72C>T;82G>T;83A>G;84C>G;111G>C;120A>G;123T>C;126C>T;141A>G;171T>G;174A>G;177G>A],NA,p.[Thr13Leu;Asp28Trp],-0.4912726139661475,-0.5387464923200563,-0.4427252854726052,0.0716531312978973,-1.6514792,1.508485963092903,1.4400248415106958,1.577930106625249
urn:mavedb:00000394-a-1#3462,c.[3C>T;6T>G;21C>T;36T>C;37A>C;38C>T;39C>G;42C>G;48C>T;72C>T;75C>T;82G>T;105C>T;123T>C;141A>G;171T>G;174A>G;177G>A;207T>C],NA,p.[Thr13Leu;Asp28Tyr],-0.7951852567025013,-0.8232006430831237,-0.7228290583652731,0.0397365433180675,-1.6299195,1.0233343891696844,0.9792398791809964,1.1350770380384476
urn:mavedb:00000394-a-1#3463,c.[12C>T;21C>T;36T>C;37A>C;38C>T;39C>G;42C>G;69T>C;72C>T;82G>T;83A>T;108G>C;123T>C;126C>T;141A>G;162G>C;165G>A;168G>A;171T>G;174A>G],NA,p.[Thr13Leu;Asp28Phe],-0.7950109510532444,-0.8444883029646731,-0.7261791714356377,0.0832736849105987,-1.6445074,1.0463619403364588,0.9686094230088448,1.15217301027194
urn:mavedb:00000394-a-1#3464,c.[12C>T;21C>T;36T>C;37A>C;38C>T;39C>G;42C>G;48C>T;78C>T;82G>C;83A>C;84C>G;111G>C;123T>C;141A>G;168G>A;171T>G;174A>G;180G>C],NA,p.[Thr13Leu;Asp28Pro],-0.8971162836190465,-0.9317906644203408,-0.8571713464828488,0.0299173555400052,-1.595705,0.8036466343337868,0.7451290857481789,0.8696328864817616
urn:mavedb:00000394-a-1#3465,c.[21C>T;30G>C;36T>C;37A>G;38C>T;39C>T;42C>G;48C>T;72C>T;75C>T;82G>C;84C>G;120A>G;123T>C;126C>T;141A>G;165G>A;171T>G;174A>G;177G>A],NA,p.[Thr13Val;Asp28Gln],-0.3103002958180715,-0.3305721870680737,-0.3049198339725646,0.0401983202768206,-1.5929384,1.6827886116410278,1.6541472518397191,1.690378300337403
urn:mavedb:00000394-a-1#3466,c.[21C>T;36T>C;37A>G;38C>T;39C>T;42C>G;51C>T;72C>T;75C>T;84C>A;87T>C;120A>G;123T>C;135C>T;141A>G;177G>A;207T>C],NA,p.[Thr13Val;Asp28Glu],0.0205185166919367,0.0043009814138753,0.0459501615597722,0.04336404981319,-1.5533304,2.088116957302672,2.065782561063525,2.1231007458329145
urn:mavedb:00000394-a-1#3467,c.[3C>T;6T>G;21C>T;36T>C;37A>G;38C>T;39C>G;42C>G;51C>T;54G>A;72C>T;75C>T;82G>A;93C>T;105C>T;111G>C;120A>G;123T>C;141A>G;177G>A],NA,p.[Thr13Val;Asp28Asn],-1.1496631308530618,-1.1865730577953026,-1.1322093865197256,0.0260836102278861,-1.5809317,0.3076924168159434,0.22729555929551,0.3442980212210987
urn:mavedb:00000394-a-1#3468,c.[21C>T;36T>C;37A>G;38C>T;39C>T;42C>G;54G>A;63G>C;72C>T;75C>T;82G>C;120A>G;123T>C;126C>T;141A>G;165G>A;171T>G;177G>A],NA,p.[Thr13Val;Asp28His],-0.9841554515642736,-1.0205871976788197,-0.9629962313959166,0.0306345459116805,-1.5747333,0.6168480903830127,0.5503802557700723,0.6545633162956276
urn:mavedb:00000394-a-1#3469,c.[6T>G;9G>A;21C>T;36T>C;37A>G;38C>T;39C>T;42C>G;54G>A;63G>C;69T>C;82G>C;83A>G;93C>T;120A>G;129G>A;141A>G;162G>C;165G>A;168G>A;177G>A],NA,p.[Thr13Val;Asp28Arg],-1.2152982659476357,-1.280731575280586,-1.1448727748743477,0.0689636578209571,-1.6987576,0.4147879686920815,0.2793086089082408,0.549852586945656
urn:mavedb:00000394-a-1#3470,c.[6T>G;9G>A;12C>T;21C>T;36T>C;37A>G;38C>T;39C>T;42C>G;48C>T;54G>A;82G>A;84C>A;123T>C;141A>G;165G>A;171T>G;174A>G;177G>A],NA,p.[Thr13Val;Asp28Lys],-1.5823322855889623,-1.7070550735910102,-1.505847761924712,0.0402692751085861,-1.6279964,-1.2755905150182407,-25.0,-0.652188420800739
urn:mavedb:00000394-a-1#3471,c.[21C>T;36T>C;37A>G;38C>T;39C>T;42C>G;82G>A;83A>C;105C>T;120A>G;123T>C;126C>T;129G>A;141A>G;165G>A;171T>G;174A>G;177G>A;183A>G;207T>C],NA,p.[Thr13Val;Asp28Thr],-1.286644380586853,-1.3526993979389883,-1.214948075989618,0.0410495763419022,-1.6005459,0.0339797856363625,-0.1518993672509325,0.2075438225162986
urn:mavedb:00000394-a-1#3472,c.[21C>T;36T>C;37A>G;38C>T;39C>T;42C>G;82G>T;83A>C;84C>T;120A>G;129G>A;141A>G;165G>A;171T>G;174A>G;177G>A;198G>T],NA,p.[Thr13Val;Asp28Ser],-1.255521766960142,-1.272485912337184,-1.203257179686542,0.0308359870749295,-1.6051488,0.1233674451089527,0.0817200968471042,0.2440537697536063
urn:mavedb:00000394-a-1#3473,c.[9G>A;21C>T;36T>C;37A>G;38C>T;39C>T;42C>G;60T>C;72C>T;75C>T;83A>C;84C>G;87T>C;120A>G;141A>G;174A>G],NA,p.[Thr13Val;Asp28Ala],-1.338658787934812,-1.362106899858132,-1.2824136793719336,0.0300155614419044,-1.6175623,-0.0606024216744101,-0.1287941475870335,0.0879061392284844
urn:mavedb:00000394-a-1#3474,c.[21C>T;36T>C;37A>G;38C>T;39C>T;42C>G;72C>T;75C>T;83A>G;84C>T;120A>G;132C>T;141A>G;165G>A;171T>G;174A>G;177G>A],NA,p.[Thr13Val;Asp28Gly],-1.4044500674793283,-1.473616351437791,-1.292634634787818,0.0583385398466827,-1.5961571,-0.3415116939671695,-0.6500510216195328,0.0067318917409861
urn:mavedb:00000394-a-1#3475,c.[21C>T;36T>C;37A>G;38C>T;39C>T;42C>G;48C>T;75C>T;78C>T;82G>A;83A>T;84C>G;87T>C;90T>C;120A>G;123T>C;141A>G;153A>G;156T>C;165G>A;171T>G;174A>G;177G>A;198G>T],NA,p.[Thr13Val;Asp28Met],-1.0498749156677092,-1.0892906075026794,-1.001891102406502,0.0340794147250971,-1.6378231,0.6120916646687087,0.5399280888320972,0.6969410484885296
urn:mavedb:00000394-a-1#3476,c.[21C>T;36T>C;37A>G;38C>T;39C>T;42C>G;51C>T;54G>A;63G>C;82G>T;83A>G;120A>G;123T>C;165G>A;171T>G;174A>G;177G>A],NA,p.[Thr13Val;Asp28Cys],-0.411169382347263,-0.4385131707443467,-0.4002315305860341,0.0302396449581746,-1.6164179,1.572988686550376,1.5339163431814613,1.5885725719978174
urn:mavedb:00000394-a-1#3477,c.[21C>T;36T>C;37A>G;38C>T;39C>T;51C>T;72C>T;75C>T;82G>C;83A>T;84C>G;120A>G;129G>A;141A>G;165G>A;171T>G;174A>G;177G>A;207T>C],NA,p.[Thr13Val;Asp28Leu],-0.8476737163114051,-0.9134297617532916,-0.7443998228024845,0.054115367573131,-1.6228523,0.928967251001521,0.8216719631930974,1.0911983470016289
urn:mavedb:00000394-a-1#3478,c.[6T>G;9G>A;12C>T;21C>T;36T>C;37A>G;38C>T;39C>T;42C>G;83A>T;84C>T;105C>T;120A>G;129G>A;141A>G;165G>A;171T>G;174A>G;177G>A;207T>C],NA,p.[Thr13Val;Asp28Val],-1.2238355159248795,-1.292697381374285,-1.1626745570794037,0.0399430426562127,-1.6078205,0.203876537190101,0.037144586763155,0.3368569935687744
urn:mavedb:00000394-a-1#3479,c.[3C>T;6T>G;21C>T;37A>G;38C>T;39C>T;42C>G;51C>T;63G>C;78C>T;82G>A;83A>T;105C>T;120A>G;123T>C;141A>G;168G>A;174A>G],NA,p.[Thr13Val;Asp28Ile],-0.885069535709043,-0.9058188586892086,-0.8609920690400508,0.0509295621497008,-1.6176009,0.8597951898996651,0.8255889636085755,0.8990274797344012
urn:mavedb:00000394-a-1#3480,c.[21C>T;36T>C;37A>G;38C>T;39C>T;42C>G;69T>C;72C>T;82G>T;83A>G;84C>G;120A>G;129G>A;141A>G;165G>A;171T>G;174A>G;177G>A;186A>G;198G>T;207T>C],NA,p.[Thr13Val;Asp28Trp],-0.905465550386552,-0.9449622718082548,-0.8587549163455314,0.05904383159399,-1.6471438,0.8747395862608561,0.809615257270935,0.9500965193118032
urn:mavedb:00000394-a-1#3481,c.[21C>T;30G>C;36T>C;37A>G;38C>T;39C>T;72C>T;75C>T;82G>T;120A>G;141A>G;165G>A;168G>A],NA,p.[Thr13Val;Asp28Tyr],-1.0695199944685312,-1.1230740201668357,-1.0237664102536377,0.0564590112326383,-1.6253138,0.5534120735004974,0.4517815999412643,0.6364558463619152
urn:mavedb:00000394-a-1#3482,c.[21C>T;36T>C;37A>G;38C>T;39C>T;42C>G;69T>C;82G>T;83A>T;120A>G;123T>C;126C>T;129G>A;141A>G;165G>A;171T>G],NA,p.[Thr13Val;Asp28Phe],-0.7970269943120105,-0.8242900803220653,-0.7576137431400496,0.0498235958878888,-1.6400809,1.0363270694493476,0.9935676580882056,1.097363173114271
urn:mavedb:00000394-a-1#3483,c.[6T>G;9G>A;21C>T;36T>C;37A>G;38C>T;39C>T;42C>G;54G>A;60T>C;72C>T;75C>T;82G>C;83A>C;84C>G;120A>G;123T>C;126C>T;141A>G;171T>G;174A>G;177G>A;180G>C],NA,p.[Thr13Val;Asp28Pro],-1.499490174769638,-1.568400815725313,-1.4206576483325772,0.0291020594151098,-1.5907259,-0.8429134006449618,-1.7064259431635436,-0.4264295044314998
urn:mavedb:00000394-a-1#3484,c.[21C>T;36T>C;38C>T;72C>T;75C>T;82G>C;84C>G;99G>C;129G>A;141A>G;165G>A;171T>G;174A>G;177G>A;180G>C],NA,p.[Thr13Ile;Asp28Gln],-0.6534753353254248,-0.6804428827276768,-0.5999188736658162,0.0224452592436783,-1.5924339,1.1834691538186357,1.142576617991261,1.2637336607345837
urn:mavedb:00000394-a-1#3485,c.[21C>T;36T>C;38C>T;42C>G;84C>G;120A>G;141A>G;156T>C;165G>A;171T>G;174A>G;177G>A],NA,p.[Thr13Ile;Asp28Glu],-0.0058517066218095,-0.0194805886130426,0.0050222357625843,0.055226396271859,-1.5527897,2.0510466691924107,2.0322488404668726,2.0660336463584543
urn:mavedb:00000394-a-1#3486,c.[21C>T;36T>C;38C>T;42C>G;48C>T;82G>A;120A>G;123T>C;129G>A;141A>G;177G>A],NA,p.[Thr13Ile;Asp28Asn],-1.1245024081989845,-1.1445484903148724,-1.0836557604052226,0.030493894715109,-1.5804157,0.3591421071186421,0.317419171685495,0.4410860922624492
urn:mavedb:00000394-a-1#3487,c.[6T>G;9G>A;12C>T;21C>T;36T>C;38C>T;42C>G;60T>C;72C>T;75C>T;82G>C;120A>G;123T>C;126C>T;141A>G;165G>A;168G>A;174A>G;180G>C;198G>T],NA,p.[Thr13Ile;Asp28His],-1.0677325662283597,-1.098453370331704,-1.0074530615999877,0.0359578982040652,-1.5742111,0.4600412037314858,0.3994379636343216,0.5736225874797589
urn:mavedb:00000394-a-1#3488,c.[6T>G;9G>A;12C>T;21C>T;36T>C;38C>T;42C>G;72C>T;75C>T;82G>C;83A>G;84C>T;120A>G;123T>C;126C>T;141A>G;165G>A;171T>G;174A>G;177G>A;198G>T],NA,p.[Thr13Ile;Asp28Arg],-1.2592844400611105,-1.2935626160886338,-1.2054159296692155,0.0463878800558108,-1.6983929,0.3242074683716799,0.250519544267167,0.4336195881954662
urn:mavedb:00000394-a-1#3489,c.[36T>C;38C>T;42C>G;51C>T;82G>A;84C>A;96C>T;120A>G;129G>A;135C>T;141A>G;165G>A;171T>G;174A>G;177G>A;192C>T],NA,p.[Thr13Ile;Asp28Lys],-1.2839599428340396,-1.3324847070182446,-1.2211958993822154,0.0485584625967759,-1.6275306,0.1086495277744607,-0.0160098834844351,0.2538465521616393
urn:mavedb:00000394-a-1#3490,c.[21C>T;36T>C;38C>T;42C>G;75C>T;82G>A;83A>C;93C>T;123T>C;126C>T;129G>A;141A>G;177G>A;183A>G],NA,p.[Thr13Ile;Asp28Thr],-1.0923183227650313,-1.145331023548332,-1.036812326092591,0.0474616268568277,-1.6000495,0.4624609235983378,0.3566788939827641,0.5671494308407767
urn:mavedb:00000394-a-1#3491,c.[6T>G;9G>A;15A>G;21C>T;36T>C;38C>T;42C>G;48C>T;72C>T;75C>T;82G>T;83A>C;84C>T;90T>C;102T>C;105C>T;120A>G;123T>C;126C>T;129G>A;135C>T;165G>A;168G>A;171T>G;174A>G],NA,p.[Thr13Ile;Asp28Ser],-1.1873795659932962,-1.2253374146416556,-1.1509840895292656,0.0324316571915814,-1.6046567,0.277712644812097,0.1932195045865948,0.3545236988241782
urn:mavedb:00000394-a-1#3492,c.[3C>T;6T>G;9G>A;12C>T;21C>T;36T>C;38C>T;48C>T;54G>A;66G>A;72C>T;75C>T;83A>C;84C>G;90T>C;93C>T;102T>C;108G>C;111G>C;120A>G;123T>C;126C>T;132C>T;144C>T;165G>A;168G>A;174A>G],NA,p.[Thr13Ile;Asp28Ala],-0.9366040911526188,-1.036452538873414,-0.8932083693186773,0.0421273977742564,-1.6170845,0.7732291227364445,0.5988850261217097,0.8455732291248793
urn:mavedb:00000394-a-1#3493,c.[21C>T;36T>C;38C>T;42C>G;48C>T;83A>G;84C>T;120A>G;123T>C;141A>G;165G>A;171T>G;174A>G;177G>A],NA,p.[Thr13Ile;Asp28Gly],-1.061181031875677,-1.1562963022656654,-0.9925169230073576,0.0734579973136949,-1.5956559,0.5135913008547077,0.3247616087141929,0.6393022756107001
urn:mavedb:00000394-a-1#3494,c.[3C>T;6T>G;21C>T;36T>C;38C>T;42C>G;48C>T;69T>C;72C>T;75C>T;78C>T;82G>A;83A>T;84C>G;120A>G;123T>C;141A>G;165G>A;171T>G;174A>G;177G>A;207T>C],NA,p.[Thr13Ile;Asp28Met],-0.8381236140119379,-0.8758251497328126,-0.7847709973201157,0.0544124526176532,-1.6373696,0.9673861553800488,0.9070005002120451,1.0511914377962777
urn:mavedb:00000394-a-1#3495,c.[21C>T;36T>C;38C>T;42C>G;72C>T;75C>T;82G>T;83A>G;120A>G;123T>C;126C>T;141A>G;171T>G;174A>G;177G>A],NA,p.[Thr13Ile;Asp28Cys],-0.4221816716569694,-0.4425159471500197,-0.393823062098871,0.0509276621613578,-1.6159387,1.5565891360343391,1.527496527256067,1.5970107635344164
urn:mavedb:00000394-a-1#3496,c.[21C>T;27G>A;36T>C;38C>T;42C>G;82G>C;83A>T;84C>G;90T>C;120A>G;123T>C;126C>T;141A>G;165G>A;171T>G;174A>G;177G>A],NA,p.[Thr13Ile;Asp28Leu],-0.8255065239744166,-0.8486453404879405,-0.7904031684638324,0.0809124782414026,-1.6223812,0.9636275006236316,0.9266506029022809,1.0190235329239197
urn:mavedb:00000394-a-1#3497,c.[9G>A;21C>T;36T>C;38C>T;42C>G;63G>C;72C>T;75C>T;83A>T;84C>T;120A>G;123T>C;126C>T;129G>A;141A>G;168G>A;171T>G;177G>A;195G>A],NA,p.[Thr13Ile;Asp28Val],-0.6783553163416238,-0.7351031145843421,-0.6239562514295413,0.0602129348045478,-1.6073318,1.1683588249448162,1.0816158128105229,1.2501042864280474
urn:mavedb:00000394-a-1#3498,c.[9G>A;12C>T;21C>T;36T>C;38C>T;48C>T;72C>T;75C>T;78C>T;82G>A;83A>T;123T>C;126C>T;129G>A;165G>A;168G>A;171T>G;177G>A;198G>T],NA,p.[Thr13Ile;Asp28Ile],-0.6674567524983369,-0.7057255467443337,-0.6339670449980359,0.0641063785566966,-1.6171227,1.1995901159532278,1.1416510820709886,1.2497666162406271
urn:mavedb:00000394-a-1#3499,c.[3C>T;6T>G;21C>T;36T>C;38C>T;42C>G;48C>T;72C>T;75C>T;78C>T;82G>T;83A>G;84C>G;120A>G;123T>C;141A>G;165G>A;171T>G;174A>G;177G>A],NA,p.[Thr13Ile;Asp28Trp],-0.6412289446501565,-0.6624486000890752,-0.6194538652623225,0.0438706935927149,-1.6467018,1.2829248406440013,1.251375135017971,1.315126429903119
urn:mavedb:00000394-a-1#3500,c.[3C>T;6T>G;36T>C;38C>T;39C>T;63G>C;75C>T;82G>T;123T>C;126C>T;141A>G;165G>A;171T>G;174A>G;177G>A],NA,p.[Thr13Ile;Asp28Tyr],-0.8041780066311752,-0.818460489911077,-0.7591164583467521,0.0512548102629949,-1.624845,1.0012598681409246,0.9787137797763368,1.071559377686552
urn:mavedb:00000394-a-1#3501,c.[3C>T;6T>G;12C>T;21C>T;36T>C;38C>T;42C>G;51C>T;57T>G;72C>T;75C>T;82G>T;83A>T;120A>G;123T>C;141A>G;174A>G],NA,p.[Thr13Ile;Asp28Phe],-0.6296376161213089,-0.7246772336136487,-0.5539541725199364,0.0533304436405571,-1.6396298,1.2896292406498278,1.1470444914199078,1.4007470500837624
urn:mavedb:00000394-a-1#3502,c.[21C>T;36T>C;38C>T;42C>G;82G>C;83A>C;84C>G;105C>T;120A>G;129G>A;141A>G;165G>A;171T>G;174A>G;177G>A],NA,p.[Thr13Ile;Asp28Pro],-1.224976537458834,-1.2698374315217005,-1.1740471570316584,0.0280694717158447,-1.5902195,0.1605604255262749,0.0506852314504153,0.2753247720136865
urn:mavedb:00000394-a-1#3503,c.[21C>T;36T>C;37A>T;38C>G;39C>G;42C>G;82G>C;84C>G;99G>C;120A>G;123T>C;126C>T;141A>G;165G>A;171T>G;174A>G;177G>A;207T>C],NA,p.[Thr13Trp;Asp28Gln],-0.8211792940078075,-0.8567470165155127,-0.7611480693819264,0.0585003610940395,-1.6144447,0.9578898943436204,0.9007924179139346,1.0522926243518844
urn:mavedb:00000394-a-1#3504,c.[12C>T;21C>T;37A>T;38C>G;39C>G;42C>G;54G>A;75C>T;84C>G;120A>G;123T>C;126C>T;141A>G;147G>C;165G>A;171T>G;174A>G;177G>A;198G>T],NA,p.[Thr13Trp;Asp28Glu],-0.6670154328747243,-0.6826313696274264,-0.6322512764169308,0.0341940309223996,-1.5764823,1.138745645337903,1.1148858408530695,1.191440482927376
urn:mavedb:00000394-a-1#3505,c.[3C>T;21C>T;36T>C;37A>T;38C>G;39C>G;42C>G;82G>A;141A>G;168G>A],NA,p.[Thr13Trp;Asp28Asn],-0.984386260619834,-1.038435946016077,-0.9570717010840208,0.0289453000193997,-1.6029682,0.6666226755405779,0.5695277677652903,0.7142124107786042
urn:mavedb:00000394-a-1#3506,c.[21C>T;36T>C;37A>T;38C>G;39C>G;42C>G;72C>T;75C>T;82G>C;120A>G;165G>A;171T>G;174A>G;177G>A;183A>G],NA,p.[Thr13Trp;Asp28His],-0.965533739563042,-1.0438994591271955,-0.9341941915580771,0.0440338139657583,-1.5970311,0.6892411702013053,0.5484907672592778,0.7432900278149306
urn:mavedb:00000394-a-1#3507,c.[12C>T;21C>T;36T>C;37A>T;38C>G;39C>G;42C>G;54G>A;82G>C;83A>G;84C>T;120A>G;123T>C;126C>T;129G>A;141A>G;165G>A;171T>G;174A>G;177G>A],NA,p.[Thr13Trp;Asp28Arg],-1.2019655493484258,-1.3289555328993008,-1.0275322450785138,0.1108365598095968,-1.7140794,0.4708993142389173,0.2064419727971029,0.7834092892079649
urn:mavedb:00000394-a-1#3508,c.[3C>T;6T>G;21C>T;30G>C;36T>C;37A>T;38C>G;39C>G;42C>G;48C>T;54G>A;69T>C;72C>T;78C>T;82G>A;84C>A;120A>G;123T>C;141A>G;153A>G;171T>G;177G>A],NA,p.[Thr13Trp;Asp28Lys],-0.8551460248537978,-0.9207173375981974,-0.7944362476041723,0.0394319578420542,-1.6477776,0.9568600400342276,0.8507968296431342,1.0523386194272386
urn:mavedb:00000394-a-1#3509,c.[21C>T;36T>C;37A>T;38C>G;39C>G;42C>G;78C>T;82G>A;83A>C;120A>G;123T>C;126C>T;138T>C;141A>G;171T>G;174A>G;177G>A],NA,p.[Thr13Trp;Asp28Thr],-0.9943058350534886,-1.0721498334919417,-0.9303109027773688,0.0391445311809407,-1.6217017,0.6820708385285713,0.5418313823601795,0.7915857288906922
urn:mavedb:00000394-a-1#3510,c.[3C>T;6T>G;21C>T;36T>C;37A>T;38C>G;39C>G;42C>G;54G>A;72C>T;75C>T;82G>T;83A>C;84C>T;120A>G;123T>C;126C>T;141A>G;165G>A;171T>G;174A>G],NA,p.[Thr13Trp;Asp28Ser],-1.0191588384525216,-1.1142648715325754,-0.983031359425974,0.0462155529260999,-1.6260858,0.6460210114503119,0.4703600847930629,0.7092921405699529
urn:mavedb:00000394-a-1#3511,c.[21C>T;36T>C;37A>T;38C>G;39C>G;42C>G;54G>A;72C>T;75C>T;83A>C;84C>G;120A>G;123T>C;126C>T;141A>G;177G>A;180G>C],NA,p.[Thr13Trp;Asp28Ala],-0.8818473622609555,-0.9074729244628869,-0.8233119423878066,0.0282340395495349,-1.6378865,0.8980931314254132,0.8563103903293363,0.991650447713975
urn:mavedb:00000394-a-1#3512,c.[24C>T;36T>C;37A>T;38C>G;39C>G;42C>G;48C>T;83A>G;84C>T;120A>G;123T>C;165G>A;168G>A;198G>T],NA,p.[Thr13Trp;Asp28Gly],-0.927723538179748,-0.9728121172979896,-0.8810640768573229,0.0509270454101492,-1.6175165,0.7889065775099614,0.712147444306679,0.8662170820046274
urn:mavedb:00000394-a-1#3513,c.[3C>T;6T>G;21C>T;30G>C;37A>T;38C>G;39C>G;42C>G;51C>T;54G>A;78C>T;82G>A;83A>T;84C>G;120A>G;123T>C;135C>T;141A>G;207T>C],NA,p.[Thr13Trp;Asp28Met],-0.8318904262669149,-0.919622493014923,-0.7930258111024504,0.0661236027549685,-1.6570683,1.0083323002440054,0.8678209089397736,1.0689277241951411
urn:mavedb:00000394-a-1#3514,c.[3C>T;6T>G;9G>A;21C>T;36T>C;37A>T;38C>G;39C>G;42C>G;51C>T;57T>G;69T>C;82G>T;83A>G;111G>C;120A>G;129G>A;141A>G;177G>A],NA,p.[Thr13Trp;Asp28Cys],-0.4240651853916026,-0.4352490430142665,-0.4046557617346714,0.0326924242824951,-1.6368008,1.5836255384693647,1.567683517623892,1.6112307423780845
urn:mavedb:00000394-a-1#3515,c.[3C>T;21C>T;36T>C;37A>T;38C>G;39C>G;42C>G;48C>T;82G>C;83A>T;84C>G;87T>C;120A>G;123T>C;135C>T;141A>G;165G>A;171T>G;174A>G;177G>A;183A>G],NA,p.[Thr13Trp;Asp28Leu],-0.6572426893327128,-0.7018435887443764,-0.5898671970384645,0.0703436977975398,-1.6429043,1.2534780904759273,1.1865977449157277,1.3530546662049066
urn:mavedb:00000394-a-1#3516,c.[21C>T;36T>C;37A>T;38C>G;39C>G;42C>G;83A>T;84C>T;120A>G;123T>C;126C>T;141A>G;165G>A;171T>G;174A>G;177G>A],NA,p.[Thr13Trp;Asp28Val],-0.6137128938748788,-0.6759737791016407,-0.5409087612309365,0.0648859424021627,-1.6286287,1.296928557806735,1.2040771972675706,1.403736420205399
urn:mavedb:00000394-a-1#3517,c.[21C>T;36T>C;37A>T;38C>G;39C>G;42C>G;48C>T;72C>T;75C>T;78C>T;82G>A;83A>T;120A>G;123T>C;177G>A;198G>T;207T>C],NA,p.[Thr13Trp;Asp28Ile],-0.2523757611287683,-0.2757122787607045,-0.22870855734768,0.0733054662628824,-1.6379232,1.8270476863310017,1.7944520176060113,1.8600317096780727
urn:mavedb:00000394-a-1#3518,c.[15A>G;21C>T;36T>C;37A>T;38C>G;39C>G;42C>G;48C>T;57T>G;63G>C;72C>T;75C>T;82G>T;83A>G;84C>G;120A>G;123T>C;129G>A;141A>G;165G>A;171T>G;174A>G;177G>A],NA,p.[Thr13Trp;Asp28Trp],-0.5023930895430337,-0.517327794795108,-0.4793133429823357,0.0503143270695455,-1.6658559,1.5131414273412989,1.491679329601486,1.5462038102364009
urn:mavedb:00000394-a-1#3519,c.[9G>A;21C>T;36T>C;37A>T;38C>G;39C>G;42C>G;48C>T;60T>C;72C>T;75C>T;78C>T;82G>T;120A>G;123T>C;135C>T;141A>G;165G>A;168G>A;171T>G;174A>G;177G>A],NA,p.[Thr13Trp;Asp28Tyr],-0.5184294770470459,-0.556411209876213,-0.4662104586251156,0.043414455833096,-1.6452365,1.460390361414717,1.4053252621941683,1.5354788642041026
urn:mavedb:00000394-a-1#3520,c.[6T>G;9G>A;12C>T;21C>T;36T>C;37A>T;38C>G;39C>G;42C>G;60T>C;82G>T;83A>T;120A>G;123T>C;126C>T;141A>G;165G>A;171T>G;174A>G;177G>A],NA,p.[Thr13Trp;Asp28Phe],-0.610769967280917,-0.6505397858451577,-0.5843227000929136,0.0353138655672809,-1.6591988,1.346277082302579,1.2876353894020762,1.384982059293783
urn:mavedb:00000394-a-1#3521,c.[3C>T;6T>G;21C>T;27G>A;36T>C;37A>T;38C>G;39C>G;42C>G;48C>T;75C>T;82G>C;83A>C;84C>G;90T>C;120A>G;123T>C;141A>G;180G>C;207T>C],NA,p.[Thr13Trp;Asp28Pro],-0.994276580245198,-1.0164670683176524,-0.9713406422150704,0.0415856378654101,-1.6123319,0.6656920063289832,0.6263137965802753,0.7057280975909597
urn:mavedb:00000394-a-1#3522,c.[21C>T;36T>C;37A>T;38C>A;42C>G;78C>T;82G>C;84C>G;120A>G;141A>G;177G>A],NA,p.[Thr13Tyr;Asp28Gln],-1.2946580753966457,-1.3315286029854467,-1.207709129031814,0.0267109262878746,-1.6020508,0.0169652117971753,-0.0844805799851559,0.2272519030143704
urn:mavedb:00000394-a-1#3523,c.[6T>G;9G>A;15A>G;18C>T;21C>T;36T>C;37A>T;38C>A;42C>G;69T>C;72C>T;78C>T;84C>G;108G>C;141A>G;186A>G;198G>T],NA,p.[Thr13Tyr;Asp28Glu],-0.8585522214260182,-0.8985173789425184,-0.8146251618476009,0.0466044712988545,-1.5631199,0.8136344635512864,0.7463194250963218,0.8858924070771735
urn:mavedb:00000394-a-1#3524,c.[3C>T;6T>G;21C>T;36T>C;37A>T;38C>A;42C>G;82G>A;120A>G;141A>G;177G>A],NA,p.[Thr13Tyr;Asp28Asn],-1.3090911660563327,-1.3805750711684397,-1.2496227125722716,0.0291601230723849,-1.5902629,-0.0542223823667393,-0.2765815544704124,0.1014779666646632
urn:mavedb:00000394-a-1#3525,c.[21C>T;36T>C;37A>T;38C>A;42C>G;72C>T;75C>T;82G>C;120A>G;123T>C;126C>T;141A>G;165G>A;168G>A;171T>G;177G>A],NA,p.[Thr13Tyr;Asp28His],-1.1113383881247254,-1.1990019732902784,-1.0795999716346965,0.0413694559660835,-1.5841713,0.3935553513958355,0.2065752178053129,0.4563335912763941
urn:mavedb:00000394-a-1#3526,c.[21C>T;37A>T;38C>A;39C>T;42C>G;72C>T;75C>T;82G>C;83A>G;84C>T;87T>C;99G>C;120A>G;141A>G;165G>A;171T>G;174A>G;177G>A],NA,p.[Thr13Tyr;Asp28Arg],-1.1687317149320264,-1.2620691995412705,-1.091654172745132,0.0586350938756977,-1.705306,0.5175130691755324,0.3328498907455622,0.6578943674388608
urn:mavedb:00000394-a-1#3527,c.[9G>A;15A>G;21C>T;36T>C;37A>T;38C>A;42C>G;78C>T;82G>A;84C>A;120A>G;141A>G;174A>G;180G>C],NA,p.[Thr13Tyr;Asp28Lys],-1.18461597489797,-1.3161490786539918,-1.1045764456564933,0.0458309795302661,-1.6363988,0.3506157146400576,0.0503364795902327,0.5085657095859901
urn:mavedb:00000394-a-1#3528,c.[3C>T;6T>G;12C>T;21C>T;24C>T;37A>T;38C>A;42C>G;51C>T;54G>A;60T>C;69T>C;72C>T;82G>A;83A>C;84C>T;120A>G;123T>C;141A>G;165G>A;168G>A;174A>G],NA,p.[Thr13Tyr;Asp28Thr],-1.2790897108127457,-1.3245888828337065,-1.1984243564617807,0.0415619709466929,-1.6095142,0.0761197224323745,-0.0437570821005678,0.2642666236050067
urn:mavedb:00000394-a-1#3529,c.[21C>T;36T>C;37A>T;38C>A;42C>G;82G>T;83A>C;84C>T;120A>G;123T>C;126C>T;141A>G;165G>A;171T>G;174A>G;177G>A],NA,p.[Thr13Tyr;Asp28Ser],-1.1870666251806197,-1.3104500821953784,-1.1193544353109506,0.0355268649996294,-1.614027,0.2985155891189078,0.0068727396467344,0.4369784477378998
urn:mavedb:00000394-a-1#3530,c.[9G>A;21C>T;36T>C;37A>T;38C>A;42C>G;63G>C;72C>T;75C>T;83A>C;84C>G;120A>G;123T>C;126C>T;129G>A;141A>G;174A>G],NA,p.[Thr13Tyr;Asp28Ala],-1.123138100572235,-1.2015118724909353,-1.0554124467609691,0.0357401909218611,-1.6261883,0.4533600061617256,0.2936303303504289,0.5809533270879536
urn:mavedb:00000394-a-1#3531,c.[6T>G;9G>A;12C>T;21C>T;36T>C;37A>T;38C>A;42C>G;72C>T;75C>T;83A>G;84C>T;135C>T;141A>G;165G>A;171T>G;174A>G;177G>A],NA,p.[Thr13Tyr;Asp28Gly],-1.3474311426876502,-1.3643755968090974,-1.2984834029355763,0.0414252560244971,-1.6052098,-0.1218371491379333,-0.1736672616456178,0.015208840064316
urn:mavedb:00000394-a-1#3532,c.[12C>T;21C>T;37A>T;38C>A;42C>G;51C>T;54G>A;72C>T;75C>T;78C>T;82G>A;83A>T;84C>G;120A>G;123T>C;165G>A;171T>G;174A>G;177G>A;207T>C],NA,p.[Thr13Tyr;Asp28Met],-1.0712270402736643,-1.125455574616897,-1.0078314482757702,0.0600806055541224,-1.6460032,0.5882403448700837,0.4871175966727437,0.70082649925256
urn:mavedb:00000394-a-1#3533,c.[21C>T;36T>C;37A>T;38C>A;42C>G;48C>T;54G>A;69T>C;72C>T;82G>T;83A>G;120A>G;123T>C;141A>G;165G>A;171T>G;174A>G;177G>A],NA,p.[Thr13Tyr;Asp28Cys],-0.6226477260202379,-0.6762767427137673,-0.5995500469579713,0.0365447015672474,-1.6250687,1.2784190651984713,1.1982671573169252,1.312597740316069
urn:mavedb:00000394-a-1#3534,c.[21C>T;36T>C;37A>T;38C>A;42C>G;82G>C;83A>T;84C>G;129G>A;141A>G;165G>A;168G>A;171T>G;174A>G],NA,p.[Thr13Tyr;Asp28Leu],-0.5632977241545098,-0.5904767758315206,-0.5144102693878775,0.0920582743005316,-1.6313667,1.3750722323642128,1.3352318462022694,1.446165236996489
urn:mavedb:00000394-a-1#3535,c.[6T>G;9G>A;12C>T;21C>T;36T>C;37A>T;38C>A;42C>G;69T>C;72C>T;83A>T;84C>T;120A>G;123T>C;126C>T;141A>G;165G>A;168G>A;207T>C],NA,p.[Thr13Tyr;Asp28Val],-0.6328146449466958,-0.6614498718144882,-0.5957140497657586,0.0652837519542749,-1.6166458,1.2507744488630206,1.2079084117395718,1.3058345353453067
urn:mavedb:00000394-a-1#3536,c.[21C>T;36T>C;37A>T;38C>A;42C>G;51C>T;66G>A;78C>T;82G>A;83A>T;87T>C;90T>C;99G>C;120A>G;126C>T;141A>G;165G>A;171T>G;174A>G],NA,p.[Thr13Tyr;Asp28Ile],-0.6417087059953728,-0.7242414086630758,-0.5816612227306638,0.0617671564731068,-1.6262264,1.2517887483826158,1.127287232672894,1.3406389843345157
urn:mavedb:00000394-a-1#3537,c.[21C>T;36T>C;37A>T;38C>A;42C>G;54G>A;69T>C;72C>T;82G>T;83A>G;84C>G;120A>G;135C>T;138T>C;141A>G;165G>A;168G>A;171T>G;174A>G;177G>A;180G>C],NA,p.[Thr13Tyr;Asp28Trp],-0.6157496515549048,-0.6772775517486811,-0.5814757430221784,0.0371356498647241,-1.6551037,1.332948264225296,1.2417771702195253,1.38316488441563
urn:mavedb:00000394-a-1#3538,c.[9G>A;12C>T;15A>G;36T>C;37A>T;38C>A;42C>G;66G>A;69T>C;72C>T;82G>T;120A>G;141A>G;156T>C;165G>A;168G>A;174A>G],NA,p.[Thr13Tyr;Asp28Tyr],-0.8413192274469341,-0.8953114005346632,-0.8020595620261168,0.0539301162614383,-1.6337743,0.9565872952225464,0.8694958516149485,1.018603296163989
urn:mavedb:00000394-a-1#3539,c.[3C>T;12C>T;21C>T;36T>C;37A>T;38C>A;42C>G;48C>T;82G>T;83A>T;93C>T;114C>T;120A>G;123T>C;129G>A;141A>G;165G>A;171T>G;174A>G;177G>A;183A>G;198G>T;207T>C],NA,p.[Thr13Tyr;Asp28Phe],-0.6275602081015548,-0.7482349268761902,-0.5097429573469281,0.0909898338034588,-1.6482096,1.3053847892234334,1.124198164647727,1.4772116647753268
urn:mavedb:00000394-a-1#3540,c.[6T>G;9G>A;15A>G;21C>T;36T>C;37A>T;38C>A;42C>G;54G>A;72C>T;75C>T;82G>C;83A>C;84C>G;120A>G;123T>C;126C>T;141A>G;177G>A],NA,p.[Thr13Tyr;Asp28Pro],-1.1684212077080032,-1.2753025185350588,-1.100828540500513,0.0227617684578779,-1.5998797,0.3080897661193079,0.0613740984588303,0.4455653192753236
urn:mavedb:00000394-a-1#3541,c.[21C>T;36T>C;37A>T;38C>T;42C>G;51C>T;69T>C;72C>T;82G>C;84C>G;120A>G;123T>C;141A>G;165G>A;171T>G;174A>G;207T>C],NA,p.[Thr13Phe;Asp28Gln],-1.0789500022671614,-1.1489879025847118,-1.043823701999354,0.0324663397020223,-1.6064239,0.5003328463724186,0.3622602556903472,0.5659756751810552
urn:mavedb:00000394-a-1#3542,c.[21C>T;36T>C;37A>T;38C>T;42C>G;84C>G;120A>G;123T>C;126C>T;141A>G;177G>A],NA,p.[Thr13Phe;Asp28Glu],-0.6477183936285394,-0.6609435377429503,-0.6287646772914135,0.0298031690569746,-1.5678267,1.1549441091156691,1.1348142839017208,1.1836491557015647
urn:mavedb:00000394-a-1#3543,c.[6T>G;9G>A;12C>T;21C>T;36T>C;37A>T;38C>T;42C>G;69T>C;72C>T;82G>A;120A>G;141A>G;171T>G;174A>G],NA,p.[Thr13Phe;Asp28Asn],-1.167843151435337,-1.2183711591945907,-1.1013145423343922,0.041154724998556,-1.5947428,0.2983913981680608,0.1864463959221932,0.4345384558639758
urn:mavedb:00000394-a-1#3544,c.[3C>T;6T>G;21C>T;36T>C;37A>T;38C>T;42C>G;69T>C;72C>T;82G>C;120A>G;123T>C;126C>T;129G>A;141A>G;165G>A;168G>A;171T>G;174A>G],NA,p.[Thr13Phe;Asp28His],-1.0732320103286197,-1.151587756275425,-0.9699938307683188,0.0441718013578183,-1.5887046,0.4774056657139097,0.320049463852759,0.6668556568913682
urn:mavedb:00000394-a-1#3545,c.[6T>G;9G>A;12C>T;21C>T;30G>C;37A>T;38C>T;42C>G;54G>A;82G>C;83A>G;84C>T;105C>T;120A>G;123T>C;126C>T;141A>G;168G>A;174A>G],NA,p.[Thr13Phe;Asp28Arg],-1.0681488030725228,-1.1377153725269988,-1.0112041292157476,0.0419214527877305,-1.7084184,0.7044392997658745,0.5807924559556051,0.8012970374440044
urn:mavedb:00000394-a-1#3546,c.[36T>C;37A>T;38C>T;39C>T;42C>G;48C>T;72C>T;75C>T;82G>A;84C>A;108G>C;120A>G;123T>C;126C>T;141A>G;165G>A;168G>A;171T>G;174A>G],NA,p.[Thr13Phe;Asp28Lys],-1.3154334642981471,-1.39672682338218,-1.2818654462679273,0.035815833271802,-1.640419,0.062401106948399,-0.1647456996311706,0.1447456941297297
urn:mavedb:00000394-a-1#3547,c.[6T>G;9G>A;12C>T;21C>T;36T>C;37A>T;38C>T;42C>G;78C>T;82G>A;83A>C;120A>G;126C>T;141A>G;165G>A;171T>G;174A>G;177G>A],NA,p.[Thr13Phe;Asp28Thr],-1.073812074986923,-1.1102526183350707,-1.0459896404336466,0.029652076689964,-1.6138153,0.5239890939353686,0.4543616151730696,0.575562677622945
urn:mavedb:00000394-a-1#3548,c.[12C>T;21C>T;37A>T;38C>T;42C>G;72C>T;75C>T;82G>T;83A>C;84C>T;102T>C;120A>G;141A>G;165G>A;171T>G;177G>A],NA,p.[Thr13Phe;Asp28Ser],-1.045894752576831,-1.0882502936552263,-0.9914808821625531,0.0458528919666145,-1.6182833,0.5838998928403842,0.5051840690016606,0.6810346930315979
urn:mavedb:00000394-a-1#3549,c.[3C>T;6T>G;21C>T;36T>C;37A>T;38C>T;42C>G;75C>T;83A>C;84C>G;120A>G;129G>A;141A>G],NA,p.[Thr13Phe;Asp28Ala],-1.1287591110308433,-1.1587509231779156,-1.0765386993490869,0.0342598937313476,-1.6303196,0.4504557294150495,0.3909935790124323,0.5496823861768816
urn:mavedb:00000394-a-1#3550,c.[6T>G;9G>A;12C>T;15A>G;36T>C;37A>T;38C>T;42C>G;51C>T;54G>A;75C>T;83A>G;84C>T;120A>G;129G>A;141A>G;174A>G],NA,p.[Thr13Phe;Asp28Gly],-1.2013124391686183,-1.2769017482687914,-1.1411916867640783,0.0384679945152495,-1.6095519,0.2580320582148413,0.0816873206895575,0.3845176191164317
urn:mavedb:00000394-a-1#3551,c.[21C>T;36T>C;37A>T;38C>T;42C>G;48C>T;54G>A;72C>T;75C>T;78C>T;82G>A;83A>T;84C>G;87T>C;120A>G;123T>C;141A>G;165G>A;171T>G;174A>G;177G>A;195G>A],NA,p.[Thr13Phe;Asp28Met],-0.920618770924052,-0.9614939743564432,-0.8818323475860429,0.0462890002975402,-1.6499152,0.854470149864936,0.7865871981896833,0.9175413821168948
urn:mavedb:00000394-a-1#3552,c.[21C>T;36T>C;37A>T;38C>T;48C>T;75C>T;82G>T;83A>G;93C>T;120A>G;126C>T;138T>C;141A>G;150C>T;165G>A;171T>G;174A>G;177G>A;195G>A],NA,p.[Thr13Phe;Asp28Cys],-0.4059003998702747,-0.4259549207027371,-0.3866919822327391,0.0569596750627697,-1.6292114,1.5986885134281033,1.5701271717555298,1.6259677722832626
urn:mavedb:00000394-a-1#3553,c.[21C>T;36T>C;37A>T;38C>T;42C>G;51C>T;69T>C;72C>T;82G>C;83A>T;84C>G;120A>G;123T>C;141A>G;165G>A;171T>G;174A>G;177G>A;207T>C],NA,p.[Thr13Phe;Asp28Leu],-0.6480937525527419,-0.6682356326392624,-0.6359445610050498,0.0284644097540176,-1.6354427,1.2559993240912486,1.2259124861036133,1.2740697713577882
urn:mavedb:00000394-a-1#3554,c.[3C>T;6T>G;9G>A;21C>T;36T>C;37A>T;38C>T;42C>G;51C>T;57T>G;72C>T;75C>T;83A>T;84C>T;102T>C;123T>C;141A>G;171T>G;177G>A],NA,p.[Thr13Phe;Asp28Val],-0.8156203805655164,-0.8666392156435652,-0.763755150027072,0.063838091343502,-1.6208758,0.97692819332381,0.8951811569887096,1.058226099013403
urn:mavedb:00000394-a-1#3555,c.[21C>T;36T>C;37A>T;38C>T;42C>G;54G>A;57T>G;72C>T;75C>T;78C>T;82G>A;83A>T;84C>T;87T>C;120A>G;123T>C;126C>T;129G>A;141A>G;165G>A;171T>G;174A>G;177G>A;198G>T;207T>C],NA,p.[Thr13Phe;Asp28Ile],-0.5249048544634147,-0.6090771129266401,-0.496716753993101,0.061578174993925,-1.6303577,1.429499719435695,1.3063353465947554,1.4702759331014983
urn:mavedb:00000394-a-1#3556,c.[21C>T;36T>C;37A>T;38C>T;42C>G;54G>A;57T>G;82G>T;83A>G;84C>G;90T>C;120A>G;129G>A;141A>G;165G>A;171T>G;174A>G;177G>A],NA,p.[Thr13Phe;Asp28Trp],-0.4334776066376302,-0.491405372727785,-0.412902490425994,0.0415023939327246,-1.6589074,1.601653293211612,1.5189461341861994,1.630859766184129
urn:mavedb:00000394-a-1#3557,c.[9G>A;12C>T;21C>T;37A>T;38C>T;42C>G;48C>T;69T>C;72C>T;82G>T;120A>G;123T>C;141A>G;168G>A;174A>G],NA,p.[Thr13Phe;Asp28Tyr],-0.7565756267114765,-0.8184248728856605,-0.7202282469011166,0.0440734533183656,-1.637824,1.095490318572488,0.999255375193591,1.1510651512369912
urn:mavedb:00000394-a-1#3558,c.[21C>T;36T>C;37A>T;38C>T;75C>T;82G>T;83A>T;114C>T;120A>G;123T>C;126C>T;141A>G;165G>A;171T>G;174A>G;177G>A;180G>C;186A>G],NA,p.[Thr13Phe;Asp28Phe],-0.7079219846929529,-0.7678740781014983,-0.6351100286854406,0.0533614412517888,-1.6520948,1.1912843292731208,1.1000500308972374,1.299964942870068
urn:mavedb:00000394-a-1#3559,c.[21C>T;36T>C;37A>T;38C>T;42C>G;48C>T;72C>T;75C>T;82G>C;83A>C;84C>A;120A>G;123T>C;129G>A;141A>G;165G>A;171T>G;174A>G;177G>A;207T>C],NA,p.[Thr13Phe;Asp28Pro],-0.7875217498023189,-0.8550730201853525,-0.7645108635058739,0.0541524294312454,-1.6042719,0.995103966548339,0.8870118351120679,1.031211963580544
urn:mavedb:00000394-a-1#3560,c.[21C>T;24C>T;36T>C;37A>C;39C>A;48C>T;82G>C;84C>G;123T>C;141A>G;165G>A;171T>G;174A>G;177G>A],NA,p.[Thr13Pro;Asp28Gln],-1.6468325590519086,-1.7382624667061122,-1.5807120444412142,0.03717539268801,-1.5928178,-15.0,-25.0,-2.068273703603636
urn:mavedb:00000394-a-1#3561,c.[21C>T;27G>A;30G>C;36T>C;37A>C;39C>G;42C>G;84C>G;120A>G;123T>C;126C>T;129G>A;141A>G;165G>A;168G>A;171T>G;174A>G],NA,p.[Thr13Pro;Asp28Glu],-1.4496693487398455,-1.4709819764882357,-1.4128515767942964,0.0342892728244763,-1.5532007,-0.7610611560316914,-0.9094876494723608,-0.5588514163722967
urn:mavedb:00000394-a-1#3562,c.[3C>T;6T>G;21C>T;27G>A;36T>C;37A>C;39C>G;42C>G;69T>C;72C>T;82G>A;120A>G;129G>A;141A>G;165G>A;171T>G;174A>G;177G>A;198G>T],NA,p.[Thr13Pro;Asp28Asn],-1.71486495877431,-1.7868724068489052,-1.6670905669188345,0.034450825220092,-1.5808082,-15.0,-25.0,-5.0
urn:mavedb:00000394-a-1#3563,c.[3C>T;6T>G;12C>T;21C>T;24C>T;36T>C;37A>C;39C>A;51C>T;82G>C;123T>C;141A>G;168G>A;174A>G],NA,p.[Thr13Pro;Asp28His],-1.486848100250453,-1.596550289095902,-1.3877685521088543,0.0392002079827323,-1.5746078,-0.8678420716748935,-25.0,-0.3599121223772282
urn:mavedb:00000394-a-1#3564,c.[3C>T;6T>G;15A>G;18C>T;21C>T;27G>A;36T>C;37A>C;39C>G;42C>G;48C>T;60T>C;72C>T;75C>T;78C>T;82G>C;83A>G;84C>T;120A>G;123T>C;132C>T;141A>G;165G>A;171T>G;174A>G;177G>A],NA,p.[Thr13Pro;Asp28Arg],-1.7207523807286853,-1.7492022565939784,-1.6832423033327002,0.0314714189803489,-1.6986704,-15.0,-25.0,-1.925398225273112
urn:mavedb:00000394-a-1#3565,c.[21C>T;36T>C;37A>C;39C>A;48C>T;51C>T;63G>C;82G>A;84C>A;93C>T;120A>G;141A>G;165G>A;171T>G;174A>G;177G>A;195G>A],NA,p.[Thr13Pro;Asp28Lys],-1.5594183802607855,-1.6247855184403477,-1.5124051707978452,0.0460161371056466,-1.6278849,-1.0251096385281833,-2.864547379791232,-0.6894085464566956
urn:mavedb:00000394-a-1#3566,c.[9G>A;21C>T;27G>A;30G>C;36T>C;37A>C;39C>G;42C>G;63G>C;66G>A;72C>T;75C>T;82G>A;83A>C;120A>G;129G>A;141A>G;165G>A;171T>G;174A>G;177G>A;207T>C],NA,p.[Thr13Pro;Asp28Thr],-1.4428206309310756,-1.5047568606196031,-1.3565995235751642,0.0236122203148985,-1.6004267,-0.4794152365023879,-0.8123223189156025,-0.1643188246050878
urn:mavedb:00000394-a-1#3567,c.[21C>T;24C>T;27G>A;36T>C;37A>C;39C>G;42C>G;51C>T;82G>T;83A>C;84C>T;120A>G;123T>C;141A>G;165G>A;171T>G;174A>G;177G>A;198G>T],NA,p.[Thr13Pro;Asp28Ser],-1.5906545280450857,-1.6426310293901083,-1.5309717675422552,0.0334099770933225,-1.6050315,-1.967021367469482,-25.0,-0.9757235338669248
urn:mavedb:00000394-a-1#3568,c.[21C>T;36T>C;37A>C;39C>A;83A>C;84C>T;120A>G;141A>G;171T>G;174A>G;177G>A;180G>C],NA,p.[Thr13Pro;Asp28Ala],-1.5374057180101033,-1.6495838926942172,-1.416594502239345,0.0304357138658586,-1.6174479,-0.9265560398078604,-25.0,-0.3079156891452541
urn:mavedb:00000394-a-1#3569,c.[21C>T;36T>C;37A>C;39C>A;42C>G;75C>T;78C>T;83A>G;84C>T;102T>C;120A>G;141A>G;165G>A;171T>G;174A>G;177G>A;192C>T],NA,p.[Thr13Pro;Asp28Gly],-1.691575552852341,-1.763419002822728,-1.6261145697859931,0.0266423394675883,-1.5960369,-15.0,-25.0,-5.0
urn:mavedb:00000394-a-1#3570,c.[21C>T;36T>C;37A>C;39C>A;48C>T;69T>C;72C>T;78C>T;82G>A;83A>T;84C>G;120A>G;123T>C;126C>T;141A>G;150C>T;168G>A;177G>A;207T>C],NA,p.[Thr13Pro;Asp28Met],-1.193482471888303,-1.2419271805832943,-1.083413079801005,0.0425839338310984,-1.6377144,0.3349435075514775,0.2304751516142746,0.5506442421790031
urn:mavedb:00000394-a-1#3571,c.[3C>T;6T>G;21C>T;24C>T;36T>C;37A>C;39C>A;42C>G;82G>T;83A>G;120A>G;123T>C;126C>T;129G>A;141A>G;150C>T;165G>A;168G>A;207T>C],NA,p.[Thr13Pro;Asp28Cys],-0.6210704317637745,-0.664006818398502,-0.5731503815432536,0.0801748458747371,-1.6163034,1.267751237875102,1.2035493536196062,1.3385751462447022
urn:mavedb:00000394-a-1#3572,c.[21C>T;24C>T;36T>C;37A>C;39C>G;72C>T;75C>T;82G>C;83A>T;84C>G;87T>C;90T>C;120A>G;123T>C;126C>T;141A>G;165G>A;171T>G;174A>G;177G>A;207T>C],NA,p.[Thr13Pro;Asp28Leu],-0.9978973929066336,-1.0504238175803595,-0.9134619336889824,0.0468146253762849,-1.6227398,0.6776026871089313,0.5837658432834671,0.8214318526367732
urn:mavedb:00000394-a-1#3573,c.[6T>G;9G>A;12C>T;21C>T;24C>T;36T>C;37A>C;39C>A;42C>G;48C>T;54G>A;78C>T;83A>T;84C>T;120A>G;123T>C;129G>A;141A>G],NA,p.[Thr13Pro;Asp28Val],-1.1746625837380482,-1.241809921548332,-1.1017187647105855,0.0495617011722877,-1.6077032,0.3114397979576269,0.1620825062241831,0.4590706639618916
urn:mavedb:00000394-a-1#3574,c.[6T>G;9G>A;12C>T;21C>T;36T>C;37A>C;39C>A;42C>G;72C>T;75C>T;78C>T;82G>A;83A>T;84C>T;87T>C;120A>G;123T>C;126C>T;141A>G;165G>A;168G>A;174A>G],NA,p.[Thr13Pro;Asp28Ile],-0.9717915052460478,-1.1099302455017577,-0.7402570803858435,0.0907352563194022,-1.617486,0.7138570902124091,0.4621151468479886,1.089317909783584
urn:mavedb:00000394-a-1#3575,c.[3C>T;6T>G;21C>T;36T>C;37A>C;39C>A;42C>G;48C>T;69T>C;72C>T;82G>T;83A>G;84C>G;120A>G;123T>C;141A>G;174A>G],NA,p.[Thr13Pro;Asp28Trp],-0.8034477025408162,-0.8316518374805455,-0.7740031206574673,0.0335407605211778,-1.647038,1.0371590858354265,0.992925070576176,1.082830263912381
urn:mavedb:00000394-a-1#3576,c.[21C>T;27G>A;36T>C;37A>C;39C>G;42C>G;54G>A;63G>C;82G>T;123T>C;126C>T;141A>G;165G>A;171T>G;174A>G;177G>A;207T>C],NA,p.[Thr13Pro;Asp28Tyr],-1.1528069353099175,-1.2246272003911325,-1.0596605826334071,0.0535027542121333,-1.6252017,0.3926601021748286,0.2411312519043436,0.571371123893666
urn:mavedb:00000394-a-1#3577,c.[12C>T;21C>T;27G>A;36T>C;37A>C;39C>G;42C>G;54G>A;69T>C;72C>T;82G>T;83A>T;120A>G;129G>A;141A>G;165G>A;171T>G;174A>G;177G>A],NA,p.[Thr13Pro;Asp28Phe],-1.1211675102119938,-1.2110487010319633,-1.0534960592891975,0.0584904652740363,-1.6399732,0.4837850220337534,0.3026947386572018,0.6094401460395731
urn:mavedb:00000394-a-1#3578,c.[6T>G;9G>A;21C>T;36T>C;37A>C;39C>A;42C>G;51C>T;57T>G;72C>T;75C>T;82G>C;83A>C;84C>G;93C>T;123T>C;141A>G;165G>A;171T>G;174A>G],NA,p.[Thr13Pro;Asp28Pro],-1.572342702925357,-1.6510444370146211,-1.4904347249421157,0.0473468745906906,-1.5906048,-1.8256728266096447,-25.0,-0.7825420237622471
urn:mavedb:00000394-a-1#3579,c.[3C>T;6T>G;21C>T;36T>C;42C>G;49G>C;51C>G;54G>A;69T>C;72C>T;86G>A;87T>G;120A>G;123T>C;126C>T;141A>G;162G>C;165G>A;171T>G;207T>C],NA,p.[Asp17Gln;Arg29Gln],-1.1538072670760646,-1.2082452744840178,-1.115229784645335,0.0403520539688838,-1.4300818,-0.0679921279463495,-0.2350970167988303,0.0364898660440759
urn:mavedb:00000394-a-1#3580,c.[21C>T;36T>C;42C>G;49G>C;51C>G;85C>G;86G>A;87T>G;108G>C;120A>G;123T>C;138T>C;141A>G;165G>A;168G>A;171T>G;174A>G;177G>A;180G>C],NA,p.[Asp17Gln;Arg29Glu],-1.02612339286905,-1.071107242228574,-1.0084449306815677,0.0574842348324086,-1.4178524,0.2214512001832428,0.1164419505669128,0.2606541727386679
urn:mavedb:00000394-a-1#3581,c.[12C>T;21C>T;24C>T;36T>C;39C>T;42C>G;49G>C;51C>G;85C>A;86G>A;87T>C;120A>G;123T>C;141A>G;165G>A;171T>G;174A>G;177G>A],NA,p.[Asp17Gln;Arg29Asn],-1.303698766125626,-1.3275511168146543,-1.2529299874503923,0.0253074405020565,-1.4260349,-0.6511338243412029,-0.7935309489800142,-0.4139709292151965
urn:mavedb:00000394-a-1#3582,c.[21C>T;36T>C;42C>G;49G>C;51C>G;60T>C;63G>C;72C>T;75C>T;86G>A;87T>C;120A>G;123T>C;141A>G;165G>A;171T>G;174A>G;177G>A;207T>C],NA,p.[Asp17Gln;Arg29His],-0.776139345977882,-1.0113931263790652,-0.6026058854873741,0.0841561994192976,-1.4248815,0.7192224375143726,0.2695546720145826,1.00395996587459
urn:mavedb:00000394-a-1#3583,c.[3C>T;6T>G;21C>T;36T>C;42C>G;49G>C;51C>G;63G>C;66G>A;85C>G;86G>A;87T>C;120A>G;123T>C;129G>A;141A>G;165G>A;168G>A;174A>G],NA,p.[Asp17Gln;Arg29Asp],-1.2914754986782588,-1.3098979623319351,-1.2617758712690887,0.0238630009422656,-1.4164038,-0.6371571211879168,-0.7425415578754919,-0.4925531634998113
urn:mavedb:00000394-a-1#3584,c.[21C>T;36T>C;42C>G;49G>C;51C>G;57T>G;69T>C;78C>T;85C>A;86G>A;87T>G;120A>G;123T>C;141A>G;165G>A;171T>G],NA,p.[Asp17Gln;Arg29Lys],-1.0284674990889917,-1.0540977792825952,-1.0120688543959953,0.021755956964416,-1.4741068,0.3379299173539026,0.2836531502463126,0.3717195781880665
urn:mavedb:00000394-a-1#3585,c.[9G>A;15A>G;36T>C;39C>T;42C>G;49G>C;51C>G;54G>A;57T>G;63G>C;75C>T;78C>T;84C>T;85C>A;86G>C;87T>C;120A>G;123T>C;126C>T;132C>T;141A>G;165G>A;168G>A;174A>G],NA,p.[Asp17Gln;Arg29Thr],-1.1594680889995908,-1.211232535947779,-1.0845115774996614,0.0310233772140939,-1.4287853,-0.087915721581305,-0.2495080312347559,0.1104216023925879
urn:mavedb:00000394-a-1#3586,c.[3C>T;21C>T;36T>C;42C>G;49G>C;51C>G;85C>T;86G>C;120A>G;123T>C;129G>A;141A>G;165G>A;171T>G;174A>G;177G>A],NA,p.[Asp17Gln;Arg29Ser],-1.1396738163658788,-1.1803534366830497,-1.0882196956711647,0.0364420592994399,-1.4274592,-0.0357998040281402,-0.1541370924094283,0.0980785209687031
urn:mavedb:00000394-a-1#3587,c.[3C>T;6T>G;21C>T;36T>C;42C>G;49G>C;51C>G;84C>T;85C>G;86G>C;120A>G;123T>C;132C>T;141A>G;165G>A;171T>G;174A>G;177G>A;180G>C],NA,p.[Asp17Gln;Arg29Ala],-1.0133432599749086,-1.0721998142964997,-0.906148999793172,0.0353359010282002,-1.4408283,0.2996934114913813,0.1685331916729764,0.5140453027769166
urn:mavedb:00000394-a-1#3588,c.[3C>T;6T>G;12C>T;21C>T;36T>C;42C>G;49G>C;51C>G;57T>G;69T>C;72C>T;85C>G;120A>G;123T>C;141A>G;165G>A;168G>A;174A>G],NA,p.[Asp17Gln;Arg29Gly],-1.2922235137567686,-1.3810323689554886,-1.2189704744349843,0.0350386734503912,-1.4302921,-0.5699346060089323,-1.2291568958082706,-0.2708667764503467
urn:mavedb:00000394-a-1#3589,c.[6T>G;9G>A;21C>T;36T>C;42C>G;49G>C;51C>G;63G>C;72C>T;75C>T;84C>T;85C>A;86G>T;87T>G;120A>G;123T>C;141A>G;165G>A;171T>G;174A>G;177G>A;198G>T],NA,p.[Asp17Gln;Arg29Met],-0.6896296866875297,-0.7090992106358067,-0.6687596050533918,0.0910574808417519,-1.4548116,0.913001314115331,0.8814436794113225,0.9465062590175446
urn:mavedb:00000394-a-1#3590,c.[3C>T;21C>T;36T>C;42C>G;49G>C;51C>G;72C>T;75C>T;85C>T;87T>C;120A>G;123T>C;129G>A;132C>T;138T>C;141A>G;165G>A;171T>G;174A>G;177G>A;207T>C],NA,p.[Asp17Gln;Arg29Cys],-0.4501964166618658,-0.4934875018174476,-0.3931881495839635,0.0524897878115256,-1.4492235,1.273597216966394,1.2089085470038576,1.3577165658828645
urn:mavedb:00000394-a-1#3591,c.[21C>T;36T>C;42C>G;49G>C;51C>G;69T>C;72C>T;86G>T;87T>G;123T>C;141A>G;165G>A;171T>G;174A>G;177G>A],NA,p.[Asp17Gln;Arg29Leu],-0.3093310920232688,-0.351285645650609,-0.2714718805424554,0.0973747498160298,-1.4524899,1.4842994656836896,1.4236096851869269,1.538682550537579
urn:mavedb:00000394-a-1#3592,c.[9G>A;21C>T;36T>C;42C>G;49G>C;51C>A;54G>A;60T>C;78C>T;85C>G;86G>T;120A>G;123T>C;141A>G;168G>A;174A>G],NA,p.[Asp17Gln;Arg29Val],-0.6859563317867967,-0.7310162368977345,-0.6029129491758117,0.0795225266756572,-1.4377499,0.8913474729176348,0.8173233079885597,1.023658866963293
urn:mavedb:00000394-a-1#3593,c.[12C>T;21C>T;36T>C;42C>G;49G>C;51C>G;85C>A;86G>T;87T>C;120A>G;123T>C;141A>G;165G>A;168G>A],NA,p.[Asp17Gln;Arg29Ile],-0.6369069400169713,-0.6540936110825272,-0.6083642801216713,0.0392030508775511,-1.4438457,0.9797355465473602,0.952423333626332,1.0246611792804088
urn:mavedb:00000394-a-1#3594,c.[3C>T;6T>G;15A>G;21C>T;36T>C;42C>G;49G>C;51C>G;54G>A;57T>G;85C>T;87T>G;120A>G;123T>C;141A>G;168G>A;174A>G;180G>C],NA,p.[Asp17Gln;Arg29Trp],-0.5157300313207044,-0.5751633731758261,-0.5018146889286501,0.0478048264434997,-1.4854064,1.2297733789727474,1.1400207405485887,1.2505681550672458
urn:mavedb:00000394-a-1#3595,c.[21C>T;36T>C;42C>G;49G>C;51C>G;54G>A;57T>G;60T>C;69T>C;72C>T;85C>T;86G>A;87T>C;120A>G;123T>C;141A>G;171T>G;174A>G;177G>A;192C>T;195G>A;207T>C],NA,p.[Asp17Gln;Arg29Tyr],-0.6698597777478144,-0.7084616539538242,-0.6269976267465164,0.0401241242300651,-1.4663434,0.9631242044211608,0.9011941221219776,1.0306811388529034
urn:mavedb:00000394-a-1#3596,c.[6T>G;9G>A;21C>T;36T>C;42C>G;49G>C;51C>G;63G>C;72C>T;75C>T;85C>T;86G>T;87T>C;120A>G;123T>C;141A>G;165G>A;168G>A;171T>G;174A>G;177G>A;186A>G],NA,p.[Asp17Gln;Arg29Phe],-0.5217788754911288,-0.5441509681997082,-0.5019073528672119,0.0519993108046163,-1.4738145,1.2033112278794686,1.169538136776892,1.2331274993841093
urn:mavedb:00000394-a-1#3597,c.[6T>G;9G>A;21C>T;36T>C;42C>G;49G>C;51C>G;54G>A;60T>C;69T>C;72C>T;86G>C;87T>G;120A>G;123T>C;141A>G;165G>A;168G>A;174A>G],NA,p.[Asp17Gln;Arg29Pro],-1.131276533284581,-1.1644548517270352,-1.0963891155750938,0.0406606883051168,-1.4246297,-0.0205537113206379,-0.1146693076183792,0.0706831412694778
urn:mavedb:00000394-a-1#3598,c.[21C>T;36T>C;42C>G;51C>A;57T>G;78C>T;86G>A;87T>G;120A>G;123T>C;141A>G;153A>G;177G>A],NA,p.[Asp17Glu;Arg29Gln],-0.9005277888517607,-0.9456455537532794,-0.8619592558395911,0.0310404440812255,-1.40171,0.449812274716464,0.3595228383786006,0.5236125215000781
urn:mavedb:00000394-a-1#3599,c.[6T>G;9G>A;12C>T;21C>T;36T>C;42C>G;51C>A;54G>A;57T>G;84C>T;85C>G;86G>A;87T>A;120A>G;123T>C;141A>G;150C>T;156T>C;171T>G;174A>G;177G>A;198G>T;207T>C],NA,p.[Asp17Glu;Arg29Glu],-1.0616221346358832,-1.1306500300312516,-1.0257297760752695,0.0217253469977168,-1.3890362,0.0686123983367097,-0.1199728895571439,0.15606886001837
urn:mavedb:00000394-a-1#3600,c.[6T>G;9G>A;12C>T;21C>T;36T>C;42C>G;51C>G;60T>C;66G>A;72C>T;75C>T;78C>T;85C>A;86G>A;87T>C;120A>G;123T>C;141A>G;165G>A;171T>G],NA,p.[Asp17Glu;Arg29Asn],-1.2297188065457183,-1.3099563364110864,-1.1738232578095402,0.0436226860408572,-1.3975182,-0.4357938377471548,-0.8692575233211368,-0.2289024039019859
urn:mavedb:00000394-a-1#3601,c.[6T>G;9G>A;21C>T;36T>C;42C>G;48C>T;51C>A;57T>G;72C>T;75C>T;84C>T;86G>A;87T>C;120A>G;123T>C;141A>G;165G>A;168G>A;171T>G;174A>G;177G>A],NA,p.[Asp17Glu;Arg29His],-0.9433078918280275,-1.0008250320330805,-0.90953954571288,0.052798038849242,-1.3963227,0.3532472631433843,0.229906379510567,0.4215004074018111
urn:mavedb:00000394-a-1#3602,c.[3C>T;9G>A;12C>T;21C>T;36T>C;42C>G;51C>A;54G>A;72C>T;75C>T;85C>G;86G>A;87T>C;93C>T;120A>G;123T>C;126C>T;141A>G;153A>G;165G>A;171T>G;174A>G;177G>A;207T>C],NA,p.[Asp17Glu;Arg29Asp],-1.28851642290048,-1.3274423042388193,-1.2526923145957136,0.0349844440955935,-1.3875346,-0.7900137860758637,-1.1064723665913216,-0.5859066193237561
urn:mavedb:00000394-a-1#3603,c.[6T>G;9G>A;21C>T;27G>A;36T>C;42C>G;51C>G;54G>A;60T>C;66G>A;69T>C;72C>T;85C>A;86G>A;87T>A;120A>G;123T>C;141A>G;165G>A;171T>G;177G>A;195G>A;207T>C],NA,p.[Asp17Glu;Arg29Lys],-0.3058229883749723,-0.3272046956602196,-0.2889361962208965,0.0263966704093244,-1.447226,1.4817798051752236,1.4508983487107538,1.5060871339232544
urn:mavedb:00000394-a-1#3604,c.[21C>T;36T>C;42C>G;51C>G;60T>C;84C>T;85C>A;86G>C;120A>G;123T>C;141A>G;165G>A;171T>G;174A>G;177G>A;198G>T;207T>C],NA,p.[Asp17Glu;Arg29Thr],-1.1865529589825494,-1.2216225290941276,-1.1430397590292056,0.0387510682204286,-1.4003673,-0.2622568855538634,-0.3913482620192189,-0.1231343405726591
urn:mavedb:00000394-a-1#3605,c.[6T>G;9G>A;36T>C;42C>G;48C>T;51C>A;57T>G;72C>T;75C>T;85C>T;86G>C;99G>C;114C>T;120A>G;123T>C;141A>G;165G>A;168G>A;177G>A],NA,p.[Asp17Glu;Arg29Ser],-1.1446242593989475,-1.2067392288934942,-1.1126822877289249,0.0268831842427913,-1.398994,-0.1320080078267708,-0.3394226127386949,-0.0398605933331076
urn:mavedb:00000394-a-1#3606,c.[21C>T;36T>C;42C>G;51C>G;60T>C;72C>T;75C>T;85C>G;86G>C;120A>G;123T>C;141A>G;165G>A;171T>G;174A>G;177G>A;198G>T;207T>C],NA,p.[Asp17Glu;Arg29Ala],-0.8154075599558173,-0.8425277781036304,-0.7848480795296808,0.0318239301529897,-1.4128342,0.6292105439657392,0.580198081643866,0.6832174092776317
urn:mavedb:00000394-a-1#3607,c.[6T>G;9G>A;21C>T;36T>C;42C>G;48C>T;51C>A;57T>G;72C>T;75C>T;85C>G;120A>G;123T>C;132C>T;141A>G;162G>C;165G>A;168G>A;171T>G;174A>G;177G>A],NA,p.[Asp17Glu;Arg29Gly],-1.253409973605577,-1.2939572294051074,-1.2194857211416017,0.0318527083906205,-1.401928,-0.5202508851661556,-0.7335965377569019,-0.3768326338821054
urn:mavedb:00000394-a-1#3608,c.[21C>T;36T>C;42C>G;51C>A;54G>A;69T>C;72C>T;84C>T;85C>A;86G>T;87T>G;120A>G;123T>C;141A>G;153A>G;171T>G;174A>G;180G>C;207T>C],NA,p.[Asp17Glu;Arg29Met],-0.577442014242614,-0.6220434712531194,-0.5198463509298314,0.0485657416858433,-1.4272928,1.0471044178869016,0.9770761372090648,1.1358267017966197
urn:mavedb:00000394-a-1#3609,c.[21C>T;36T>C;42C>G;51C>G;85C>T;87T>C;120A>G;123T>C;141A>G;165G>A;168G>A;177G>A],NA,p.[Asp17Glu;Arg29Cys],-0.487081848668441,-0.5392743558541518,-0.4369804881571569,0.0550466837813311,-1.4215164,1.1768272347983504,1.0972266843359468,1.2520681801443931
urn:mavedb:00000394-a-1#3610,c.[3C>T;6T>G;21C>T;36T>C;42C>G;51C>G;54G>A;75C>T;86G>T;87T>G;120A>G;123T>C;135C>T;141A>G;162G>C;165G>A;168G>A;174A>G;198G>T],NA,p.[Asp17Glu;Arg29Leu],-0.0681182400777669,-0.1007773636264103,-0.041530049570429,0.0762619508489152,-1.4248939,1.7874585681081412,1.7416409967927653,1.824648572725606
urn:mavedb:00000394-a-1#3611,c.[21C>T;30G>C;42C>G;51C>G;54G>A;85C>G;86G>T;120A>G;123T>C;141A>G;165G>A;171T>G;174A>G;177G>A],NA,p.[Asp17Glu;Arg29Val],-0.8654400642212612,-0.995916755720867,-0.8059911713889464,0.0334933076889234,-1.4096484,0.5319609917942841,0.2700901378184648,0.6403243103530675
urn:mavedb:00000394-a-1#3612,c.[6T>G;9G>A;12C>T;21C>T;24C>T;36T>C;42C>G;51C>G;57T>G;69T>C;72C>T;85C>A;86G>T;87T>C;96C>T;120A>G;123T>C;141A>G;168G>A;177G>A],NA,p.[Asp17Glu;Arg29Ile],-0.408121917877451,-0.4456053934678803,-0.3854712783090321,0.0856726952633439,-1.415956,1.286720683271486,1.2308800067353185,1.3202101990608957
urn:mavedb:00000394-a-1#3613,c.[9G>A;15A>G;21C>T;36T>C;42C>G;48C>T;51C>A;57T>G;72C>T;75C>T;85C>T;87T>G;96C>T;120A>G;123T>C;141A>G;174A>G],NA,p.[Asp17Glu;Arg29Trp],-0.5171757816792839,-0.540481767167213,-0.5037071399324026,0.0554444256094899,-1.4588933,1.1877815332075037,1.1524835024554123,1.208069032683475
urn:mavedb:00000394-a-1#3614,c.[6T>G;9G>A;12C>T;21C>T;36T>C;42C>G;51C>A;57T>G;85C>T;86G>A;87T>C;120A>G;123T>C;141A>G;150C>T;165G>A;168G>A;174A>G],NA,p.[Asp17Glu;Arg29Tyr],-0.4379069192113818,-0.4601328645334631,-0.412201256826352,0.0236857144276672,-1.4392085,1.2769908665891612,1.2438921803869951,1.315041344655159
urn:mavedb:00000394-a-1#3615,c.[6T>G;9G>A;21C>T;36T>C;42C>G;48C>T;51C>A;54G>A;57T>G;66G>A;85C>T;86G>T;87T>C;120A>G;123T>C;141A>G;165G>A;171T>G;174A>G;177G>A],NA,p.[Asp17Glu;Arg29Phe],-0.5176417158901399,-0.5545623716521575,-0.4984664890999247,0.0393499246734066,-1.4469247,1.1689951701987191,1.1127369736644217,1.1979606206242224
urn:mavedb:00000394-a-1#3616,c.[18C>T;21C>T;36T>C;42C>G;51C>G;54G>A;57T>G;86G>C;87T>G;120A>G;123T>C;141A>G],NA,p.[Asp17Glu;Arg29Pro],-1.2676966605280922,-1.3194553799600548,-1.18981756392684,0.0290310334484777,-1.3960624,-0.6190018375196492,-0.9543258221603196,-0.2886237086520139
urn:mavedb:00000394-a-1#3617,c.[6T>G;9G>A;12C>T;15A>G;18C>T;21C>T;42C>G;49G>A;51C>T;54G>A;86G>A;87T>G;96C>T;120A>G;123T>C;126C>T;141A>G;156T>C;165G>A;168G>A;174A>G],NA,p.[Asp17Asn;Arg29Gln],-0.8549102014905616,-0.8725362648561378,-0.82539427982233,0.0229851406821836,-1.4214172,0.573238436397074,0.540673496600574,0.6266942652305625
urn:mavedb:00000394-a-1#3618,c.[3C>T;6T>G;9G>A;12C>T;21C>T;36T>C;42C>G;49G>A;54G>A;69T>C;72C>T;75C>T;85C>G;86G>A;87T>A;114C>T;120A>G;123T>C;141A>G;147G>C;150C>T;153A>G;156T>C;174A>G;180G>C;198G>T],NA,p.[Asp17Asn;Arg29Glu],-0.6844682888144535,-0.7018902436503962,-0.6651949503901986,0.0227851528960538,-1.4090557,0.8468888968211087,0.8180645157737026,0.8784662292150421
urn:mavedb:00000394-a-1#3619,c.[6T>G;9G>A;21C>T;36T>C;42C>G;49G>A;63G>C;72C>T;75C>T;85C>A;86G>A;87T>C;120A>G;123T>C;135C>T;141A>G;162G>C;165G>A;168G>A;171T>G;174A>G;177G>A],NA,p.[Asp17Asn;Arg29Asn],-1.0999476309532463,-1.13578871935631,-1.0516233519335405,0.0407213489322449,-1.4173274,0.0430236647383891,-0.0531504835567882,0.1616963432988972
urn:mavedb:00000394-a-1#3620,c.[21C>T;36T>C;42C>G;49G>A;57T>G;72C>T;75C>T;86G>A;87T>C;120A>G;123T>C;141A>G],NA,p.[Asp17Asn;Arg29His],-0.7224739779462948,-0.7482451288065088,-0.7036828860079453,0.0288882914150403,-1.4161615,0.795566403605068,0.7520576681336183,0.8268782959477056
urn:mavedb:00000394-a-1#3621,c.[9G>A;21C>T;36T>C;49G>A;51C>T;57T>G;72C>T;75C>T;84C>T;85C>G;86G>A;87T>C;120A>G;123T>C;144C>T;156T>C;165G>A;168G>A;177G>A],NA,p.[Asp17Asn;Arg29Asp],-1.2849615522658544,-1.3186096698893313,-1.2658198820213569,0.0194322833679494,-1.4075923,-0.6495287463681618,-0.8589429993261526,-0.5519688712593244
urn:mavedb:00000394-a-1#3622,c.[3C>T;12C>T;21C>T;36T>C;42C>G;48C>T;49G>A;51C>T;72C>T;75C>T;85C>A;86G>A;87T>A;102T>C;114C>T;120A>G;123T>C;129G>A;141A>G;168G>A;171T>G;183A>G;198G>T],NA,p.[Asp17Asn;Arg29Lys],-0.4127360224733533,-0.4904440006084941,-0.3892243708520598,0.0697351648327846,-1.4658899,1.3534634896686235,1.2384307880680143,1.3878621257074035
urn:mavedb:00000394-a-1#3623,c.[12C>T;21C>T;42C>G;49G>A;78C>T;85C>A;86G>C;87T>C;120A>G;123T>C;141A>G;165G>A;171T>G;174A>G;177G>A;207T>C],NA,p.[Asp17Asn;Arg29Thr],-0.9477565946900142,-1.0077948785157893,-0.8721875239983299,0.0666628743510336,-1.4201069,0.3926484174590152,0.2669955966086517,0.5388829772483029
urn:mavedb:00000394-a-1#3624,c.[3C>T;6T>G;21C>T;36T>C;42C>G;48C>T;49G>A;60T>C;78C>T;85C>T;86G>C;120A>G;123T>C;141A>G;165G>A;171T>G;174A>G;177G>A],NA,p.[Asp17Asn;Arg29Ser],-1.0936880184121411,-1.1288578141947012,-1.0443809534163038,0.0370120820154253,-1.418767,0.0626970853161323,-0.029957651265042,0.1819185663589967
urn:mavedb:00000394-a-1#3625,c.[3C>T;6T>G;21C>T;36T>C;42C>G;49G>A;75C>T;84C>T;85C>G;86G>C;120A>G;141A>G;165G>A;168G>A;174A>G],NA,p.[Asp17Asn;Arg29Ala],-0.725762851798448,-0.7463228595854595,-0.7126737622290954,0.0353726681683937,-1.4322758,0.8169606033685223,0.7825667503259294,0.8386490699641727
urn:mavedb:00000394-a-1#3626,c.[12C>T;21C>T;36T>C;42C>G;49G>A;85C>G;120A>G;123T>C;141A>G;165G>A;168G>A;177G>A],NA,p.[Asp17Asn;Arg29Gly],-1.2516523211995176,-1.262245239235653,-1.2389430230976646,0.0219479325716045,-1.4216294,-0.4267722386198107,-0.4716148915213206,-0.3758876095170194
urn:mavedb:00000394-a-1#3627,c.[21C>T;30G>C;36T>C;49G>A;84C>T;85C>A;86G>T;87T>G;120A>G;123T>C;126C>T;141A>G;165G>A;168G>A;171T>G;174A>G;177G>A;183A>G],NA,p.[Asp17Asn;Arg29Met],-0.3600080769633709,-0.38585826746245,-0.3407453109520303,0.0362197461174751,-1.4464016,1.402080165939551,1.364326483793915,1.4300841267885125
urn:mavedb:00000394-a-1#3628,c.[21C>T;36T>C;42C>G;49G>A;78C>T;85C>T;87T>C;120A>G;123T>C;132C>T;141A>G;165G>A;171T>G;174A>G;177G>A;180G>C],NA,p.[Asp17Asn;Arg29Cys],-0.3062457182982554,-0.3268342958863762,-0.2917956550297496,0.0347700674811336,-1.4407563,1.471851507916604,1.442079773929067,1.4926810777131316
urn:mavedb:00000394-a-1#3629,c.[3C>T;6T>G;21C>T;36T>C;42C>G;49G>A;60T>C;75C>T;86G>T;87T>C;120A>G;123T>C;132C>T;141A>G;165G>A;171T>G;174A>G;177G>A],NA,p.[Asp17Asn;Arg29Leu],0.0059184895333726,-0.0050914090536753,0.0144142169061213,0.0543839492824732,-1.444057,1.9173492616680377,1.902050753926437,1.9291453520080173
urn:mavedb:00000394-a-1#3630,c.[9G>A;15A>G;21C>T;36T>C;42C>G;49G>A;66G>A;78C>T;85C>G;86G>T;87T>G;105C>T;120A>G;123T>C;141A>G;168G>A;174A>G;180G>C],NA,p.[Asp17Asn;Arg29Val],-0.6935519938694559,-0.7279047213723974,-0.6576591326385778,0.0436701144929262,-1.4291654,0.8649748230867557,0.8082154900322142,0.9232119044175396
urn:mavedb:00000394-a-1#3631,c.[12C>T;21C>T;36T>C;39C>T;48C>T;49G>A;72C>T;75C>T;85C>A;86G>T;87T>C;114C>T;120A>G;123T>C;135C>T;141A>G;165G>A;168G>A;177G>A;180G>C;186A>G],NA,p.[Asp17Asn;Arg29Ile],-0.5464015721344587,-0.6326216606526834,-0.4858291101907459,0.0449471341226624,-1.4353251,1.1074762016755082,0.9730321214002644,1.199539402123208
urn:mavedb:00000394-a-1#3632,c.[21C>T;36T>C;42C>G;49G>A;69T>C;72C>T;85C>T;87T>G;96C>T;120A>G;123T>C;141A>G;168G>A;177G>A;207T>C],NA,p.[Asp17Asn;Arg29Trp],-0.5319100068003779,-0.5654216908019245,-0.5169415419170497,0.0409792114835602,-1.4773006,1.1932987253466234,1.142522168915303,1.2158158584276286
urn:mavedb:00000394-a-1#3633,c.[21C>T;36T>C;42C>G;49G>A;72C>T;75C>T;85C>T;86G>A;87T>C;120A>G;123T>C;141A>G;171T>G;174A>G;177G>A],NA,p.[Asp17Asn;Arg29Tyr],-0.3517531684084866,-0.3759717311455773,-0.332182065821335,0.0457812673250014,-1.4580493,1.4309902994066588,1.3957698870659807,1.4593319069589017
urn:mavedb:00000394-a-1#3634,c.[9G>A;21C>T;36T>C;42C>G;49G>A;57T>G;72C>T;75C>T;84C>T;85C>T;86G>T;87T>C;108G>C;120A>G;123T>C;126C>T;141A>G;165G>A;168G>A;174A>G;183A>G],NA,p.[Asp17Asn;Arg29Phe],-0.4873503808740997,-0.5123343140027953,-0.4458339186046867,0.0675041523712473,-1.4655943,1.2426123989603874,1.205163739313648,1.304297099051881
urn:mavedb:00000394-a-1#3635,c.[21C>T;36T>C;42C>G;49G>A;78C>T;86G>C;87T>G;120A>G;123T>C;141A>G;165G>A;168G>A;177G>A;207T>C],NA,p.[Asp17Asn;Arg29Pro],-1.1722056650102204,-1.2081030995638613,-1.1312123848378643,0.0379270766100986,-1.4159069,-0.1646677171570697,-0.2831375817707984,-0.0443492097205296
urn:mavedb:00000394-a-1#3636,c.[21C>T;36T>C;42C>G;49G>C;78C>T;86G>A;87T>G;120A>G;123T>C;141A>G;177G>A;180G>C;207T>C],NA,p.[Asp17His;Arg29Gln],-1.0103402009481517,-1.0551699257931515,-0.9705377496175543,0.0356198893703436,-1.4171615,0.2549845045219489,0.152955844546131,0.3400022671777644
urn:mavedb:00000394-a-1#3637,c.[9G>A;21C>T;36T>C;42C>G;49G>C;60T>C;84C>T;85C>G;86G>A;87T>G;93C>T;108G>C;120A>G;123T>C;129G>A;141A>G;165G>A;168G>A;174A>G],NA,p.[Asp17His;Arg29Glu],-0.9749065479579118,-0.9977273164672302,-0.9554708565732885,0.0305603935591407,-1.4047341,0.3046969013616155,0.2553970878548891,0.3454871070471421
urn:mavedb:00000394-a-1#3638,c.[21C>T;36T>C;42C>G;49G>C;85C>A;86G>A;87T>C;120A>G;123T>C;141A>G;165G>A;171T>G;174A>G;177G>A;192C>T],NA,p.[Asp17His;Arg29Asn],-1.0736538647192082,-1.1040398601365924,-1.030382460161278,0.03512640126426,-1.4130497,0.0984686936481548,0.0212662238185695,0.2009364668231424
urn:mavedb:00000394-a-1#3639,c.[21C>T;36T>C;42C>G;49G>C;72C>T;75C>T;78C>T;86G>A;87T>C;102T>C;120A>G;123T>C;138T>C;141A>G;147G>C;165G>A;168G>A;171T>G;174A>G;177G>A],NA,p.[Asp17His;Arg29His],-0.8255427586949033,-0.8420409373060754,-0.8092075818400488,0.0186181912086403,-1.4118772,0.6092948703655668,0.5793392923142346,0.6385650756653016
urn:mavedb:00000394-a-1#3640,c.[3C>T;6T>G;21C>T;36T>C;42C>G;49G>C;72C>T;75C>T;85C>G;86G>A;87T>C;120A>G;123T>C;141A>G;165G>A;168G>A;171T>G;174A>G;177G>A],NA,p.[Asp17His;Arg29Asp],-1.3315305365842618,-1.397751453117344,-1.2809408264539228,0.0294545696474183,-1.4032617,-0.9958195006927822,-2.52916901778415,-0.6512119421470539
urn:mavedb:00000394-a-1#3641,c.[21C>T;36T>C;42C>G;48C>T;49G>C;72C>T;75C>T;85C>A;86G>A;87T>A;105C>T;120A>G;123T>C;141A>G;165G>A;171T>G;174A>G;207T>C],NA,p.[Asp17His;Arg29Lys],-0.6938738112902192,-0.7572522119933917,-0.6605818270112925,0.0550084806265037,-1.4618554,0.9175087848125808,0.8137603175245929,0.9707381701783708
urn:mavedb:00000394-a-1#3642,c.[6T>G;9G>A;21C>T;30G>C;36T>C;39C>T;42C>G;49G>C;51C>T;54G>A;60T>C;66G>A;78C>T;84C>T;85C>A;86G>C;90T>C;96C>T;120A>G;123T>C;141A>G;177G>A],NA,p.[Asp17His;Arg29Thr],-1.0672555681161993,-1.168585846700864,-1.0155443417678227,0.0430350693204302,-1.415844,0.1209117530789453,-0.153664831248306,0.2405894650897856
urn:mavedb:00000394-a-1#3643,c.[9G>A;15A>G;21C>T;36T>C;42C>G;49G>C;85C>T;86G>C;102T>C;105C>T;120A>G;123T>C;141A>G;165G>A;171T>G;174A>G;177G>A],NA,p.[Asp17His;Arg29Ser],-1.0990192607438796,-1.1414460782094629,-1.0278135919680422,0.0436796153401818,-1.4144964,0.038113114192118,-0.077175403281132,0.2100642273255314
urn:mavedb:00000394-a-1#3644,c.[3C>T;15A>G;21C>T;36T>C;42C>G;49G>C;69T>C;72C>T;85C>G;86G>C;120A>G;123T>C;138T>C;141A>G;171T>G;180G>C;189G>A;198G>T;207T>C],NA,p.[Asp17His;Arg29Ala],-0.8000323239773461,-0.8453510243762711,-0.7815449833241025,0.0426710934861868,-1.4280758,0.6833072552415284,0.6027655432504245,0.7154075418247158
urn:mavedb:00000394-a-1#3645,c.[21C>T;36T>C;42C>G;49G>C;85C>G;120A>G;123T>C;141A>G;165G>A;168G>A;177G>A],NA,p.[Asp17His;Arg29Gly],-1.063303816678134,-1.0960832461988863,-1.0200819826405705,0.0485245247195988,-1.4173751,0.1341143476614735,0.0530600384769867,0.2339043259982539
urn:mavedb:00000394-a-1#3646,c.[3C>T;6T>G;21C>T;36T>C;42C>G;49G>C;51C>T;75C>T;84C>T;85C>A;86G>T;87T>G;120A>G;123T>C;141A>G;144C>T;162G>C;165G>A;168G>A;171T>G;174A>G;177G>A;180G>C],NA,p.[Asp17His;Arg29Met],-0.4831066301549106,-0.503750369739634,-0.4562171465538583,0.041407664394151,-1.4422722,1.2140707847438694,1.1829778129198665,1.2543019882636188
urn:mavedb:00000394-a-1#3647,c.[3C>T;6T>G;21C>T;36T>C;42C>G;48C>T;49G>C;54G>A;85C>T;87T>C;120A>G;141A>G;153A>G;177G>A;183A>G],NA,p.[Asp17His;Arg29Cys],-0.477703717944804,-0.4939083833678131,-0.450580750307512,0.0399834660271986,-1.4365997,1.213673857075786,1.1892804755762771,1.254256608570059
urn:mavedb:00000394-a-1#3648,c.[3C>T;12C>T;15A>G;21C>T;27G>A;48C>T;49G>C;86G>T;87T>G;120A>G;123T>C;126C>T;141A>G;165G>A;171T>G;174A>G;177G>A],NA,p.[Asp17His;Arg29Leu],-0.2734127874835446,-0.2982720563516344,-0.2477237894247153,0.0464023399422479,-1.4399166,1.5179018370314294,1.4821434014716912,1.5547005037191028
urn:mavedb:00000394-a-1#3649,c.[3C>T;6T>G;21C>T;36T>C;42C>G;49G>C;69T>C;72C>T;75C>T;84C>T;85C>G;86G>T;120A>G;123T>C;129G>A;141A>G;171T>G;174A>G;177G>A],NA,p.[Asp17His;Arg29Val],-0.7348506852409553,-0.8304782160926371,-0.6443534131804778,0.0461139694138631,-1.4249496,0.7895411934608092,0.6239136667309689,0.9378061736651694
urn:mavedb:00000394-a-1#3650,c.[21C>T;36T>C;42C>G;49G>C;85C>A;86G>T;87T>C;120A>G;123T>C;135C>T;141A>G;165G>A;171T>G;174A>G;177G>A],NA,p.[Asp17His;Arg29Ile],-0.5489171558526729,-0.5876729181631155,-0.5344975384760071,0.0277683980088058,-1.4311404,1.0971861417329298,1.037153320038427,1.1193131932544818
urn:mavedb:00000394-a-1#3651,c.[21C>T;24C>T;36T>C;42C>G;49G>C;85C>T;87T>G;120A>G;123T>C;141A>G;165G>A;171T>G;174A>G;177G>A],NA,p.[Asp17His;Arg29Trp],-0.4767166573206673,-0.5082885482259992,-0.4355986623215517,0.0649954457942889,-1.4733219,1.2699628866327244,1.2228330488093868,1.330779572354819
urn:mavedb:00000394-a-1#3652,c.[3C>T;6T>G;21C>T;36T>C;42C>G;49G>C;69T>C;72C>T;85C>T;86G>A;87T>C;120A>G;123T>C;141A>G;174A>G],NA,p.[Asp17His;Arg29Tyr],-0.3739698058193887,-0.4194316799165726,-0.3538720618995064,0.0307213467691454,-1.4539771,1.39275842861912,1.3261310511599504,1.4220103634270491
urn:mavedb:00000394-a-1#3653,c.[21C>T;36T>C;42C>G;49G>C;72C>T;75C>T;85C>T;86G>T;87T>C;120A>G;123T>C;132C>T;141A>G;165G>A;171T>G;174A>G;177G>A;189G>A;195G>A],NA,p.[Asp17His;Arg29Phe],-0.5372098987688803,-0.5553587399870001,-0.5140809854262849,0.0434768328899661,-1.4615593,1.1614973116344696,1.1338838971716036,1.196465129991819
urn:mavedb:00000394-a-1#3654,c.[21C>T;36T>C;42C>G;49G>C;69T>C;72C>T;86G>C;87T>G;120A>G;123T>C;141A>G;165G>A;171T>G;174A>G;177G>A;198G>T],NA,p.[Asp17His;Arg29Pro],-1.1366449352435084,-1.1520670454272033,-1.0980060988171274,0.0368673916740143,-1.411622,-0.0716746254059615,-0.116504202001974,0.0332898919411096
urn:mavedb:00000394-a-1#3655,c.[3C>T;6T>G;21C>T;36T>C;48C>T;49G>C;50A>G;51C>T;54G>A;72C>T;75C>T;86G>A;87T>G;99G>C;120A>G;123T>C;141A>G;162G>C;165G>A;168G>A;177G>A],NA,p.[Asp17Arg;Arg29Gln],-1.2509069997985929,-1.30644245200565,-1.1786517496369229,0.0472631225923031,-1.469646,-0.2455057959274931,-0.4551818388418983,-0.0270009474247278
urn:mavedb:00000394-a-1#3656,c.[3C>T;6T>G;12C>T;21C>T;30G>C;39C>T;49G>C;50A>G;51C>T;72C>T;75C>T;85C>G;86G>A;87T>A;90T>C;96C>T;120A>G;123T>C;141A>G;171T>G;177G>A;183A>G],NA,p.[Asp17Arg;Arg29Glu],-0.8875312092530586,-0.9875123730349452,-0.840202935467725,0.0406064730891939,-1.4579878,0.5804464450681064,0.3888494530021018,0.6652952774826288
urn:mavedb:00000394-a-1#3657,c.[21C>T;39C>T;49G>C;50A>G;51C>T;54G>A;60T>C;66G>A;75C>T;85C>A;86G>A;87T>C;93C>T;120A>G;123T>C;141A>G;162G>C;165G>A;171T>G;174A>G;180G>C;183A>G;195G>A],NA,p.[Asp17Arg;Arg29Asn],-1.2291339661665948,-1.2547626396328802,-1.198816996308057,0.0354929116072697,-1.4657869,-0.1868430441543702,-0.2719068687761839,-0.0947317259276245
urn:mavedb:00000394-a-1#3658,c.[21C>T;42C>G;49G>C;50A>G;51C>T;54G>A;63G>C;72C>T;75C>T;86G>A;87T>C;120A>G;123T>C;141A>G;162G>C;165G>A;171T>G;177G>A],NA,p.[Asp17Arg;Arg29His],-1.0680555350632046,-1.097779616747807,-1.046541120406747,0.0374552187758385,-1.4646869,0.2324108394244679,0.1645001848887886,0.279636039224998
urn:mavedb:00000394-a-1#3659,c.[6T>G;9G>A;15A>G;18C>T;21C>T;36T>C;42C>G;49G>C;50A>G;51C>T;66G>A;75C>T;85C>G;86G>A;87T>C;120A>G;123T>C;141A>G;150C>T;171T>G;174A>G;177G>A],NA,p.[Asp17Arg;Arg29Asp],-1.1911198134990375,-1.2323547217966548,-1.1458590224934688,0.0542193152999696,-1.4566078,-0.0990481517115997,-0.2270679744495932,0.025805846925664
urn:mavedb:00000394-a-1#3660,c.[12C>T;21C>T;24C>T;36T>C;39C>T;42C>G;49G>C;50A>G;54G>A;85C>A;86G>A;87T>A;111G>C;120A>G;135C>T;141A>G;165G>A;171T>G;174A>G;177G>A],NA,p.[Asp17Arg;Arg29Lys],-1.2762883832248728,-1.3333746159977091,-1.2490029488829288,0.0315510866736003,-1.511662,-0.1909293546606009,-0.3931855856663633,-0.1073555958913579
urn:mavedb:00000394-a-1#3661,c.[21C>T;36T>C;39C>T;42C>G;49G>C;50A>G;51C>T;84C>T;85C>A;86G>C;96C>T;114C>T;120A>G;123T>C;141A>G;165G>A;168G>A;171T>G;174A>G],NA,p.[Asp17Arg;Arg29Thr],-1.1428688402589724,-1.1765675129703843,-1.0593822019620138,0.0493027965768066,-1.46841,0.0638520714325295,-0.0246828605558807,0.2598033738420074
urn:mavedb:00000394-a-1#3662,c.[21C>T;36T>C;42C>G;49G>C;50A>G;51C>T;63G>C;66G>A;85C>T;86G>C;120A>G;123T>C;141A>G;165G>A;171T>G;174A>G;177G>A;198G>T],NA,p.[Asp17Arg;Arg29Ser],-1.224524795616694,-1.2780519443391405,-1.1497803799472397,0.0517091867913605,-1.467145,-0.1680491284633426,-0.3513227584351895,0.0429688436459964
urn:mavedb:00000394-a-1#3663,c.[21C>T;36T>C;42C>G;49G>C;50A>G;51C>T;72C>T;75C>T;85C>G;86G>C;120A>G;123T>C;141A>G;171T>G;174A>G;177G>A],NA,p.[Asp17Arg;Arg29Ala],-0.9290004392867746,-0.9709283478499868,-0.8885388565594367,0.0350810971680948,-1.4798989,0.544395679562786,0.4649082909242837,0.618299899192435
urn:mavedb:00000394-a-1#3664,c.[6T>G;9G>A;21C>T;36T>C;42C>G;49G>C;50A>G;51C>T;60T>C;63G>C;72C>T;75C>T;85C>G;120A>G;123T>C;141A>G;165G>A;168G>A;174A>G],NA,p.[Asp17Arg;Arg29Gly],-0.8484193354893523,-0.9097656643605984,-0.7488046624597818,0.0712519497046139,-1.4698467,0.6716919011613967,0.5613979081541673,0.8409960883265661
urn:mavedb:00000394-a-1#3665,c.[21C>T;36T>C;42C>G;49G>C;50A>G;51C>T;60T>C;84C>T;85C>A;86G>T;87T>G;120A>G;123T>C;141A>G;189G>A;207T>C],NA,p.[Asp17Arg;Arg29Met],-0.6714867326152053,-0.7869277537895012,-0.6400889234709787,0.0428441737779741,-1.4932451,1.0030794377823289,0.816590120515948,1.0521767191433522
urn:mavedb:00000394-a-1#3666,c.[3C>T;6T>G;21C>T;36T>C;42C>G;49G>C;50A>G;51C>T;72C>T;75C>T;85C>T;87T>C;120A>G;123T>C;141A>G;165G>A;171T>G;174A>G;177G>A],NA,p.[Asp17Arg;Arg29Cys],-0.57736103462771,-0.6307449813338144,-0.5408503043880513,0.0451105005256715,-1.4879107,1.140485181227793,1.058409307254792,1.195802363857677
urn:mavedb:00000394-a-1#3667,c.[9G>A;12C>T;21C>T;36T>C;42C>G;49G>C;50A>G;51C>T;75C>T;86G>T;87T>G;99G>C;120A>G;123T>C;141A>G;168G>A;171T>G;174A>G;177G>A;180G>C;192C>T],NA,p.[Asp17Arg;Arg29Leu],-0.4987815730186472,-0.5172323805083846,-0.4852093741267963,0.0355107332695532,-1.4910297,1.2634577733823176,1.2359325107879315,1.2836209758351702
urn:mavedb:00000394-a-1#3668,c.[9G>A;12C>T;21C>T;36T>C;42C>G;49G>C;50A>G;51C>T;63G>C;85C>G;86G>T;114C>T;120A>G;123T>C;129G>A;141A>G;165G>A;168G>A;174A>G],NA,p.[Asp17Arg;Arg29Val],-0.7836502704968094,-0.8294317580657793,-0.7651174229623999,0.0367478439231827,-1.4769607,0.7948892092908575,0.717096761724427,0.8257776614213969
urn:mavedb:00000394-a-1#3669,c.[21C>T;27G>A;36T>C;42C>G;49G>C;50A>G;51C>T;85C>A;86G>T;87T>C;120A>G;123T>C;141A>G;165G>A;171T>G;174A>G;177G>A;207T>C],NA,p.[Asp17Arg;Arg29Ile],-0.6740564691320992,-0.6965228886164231,-0.6593930464153821,0.0450149051744658,-1.4827785,0.9825214342726428,0.946807018618926,1.005648310677294
urn:mavedb:00000394-a-1#3670,c.[6T>G;9G>A;12C>T;21C>T;27G>A;36T>C;42C>G;49G>C;50A>G;51C>T;85C>T;87T>G;120A>G;123T>C;141A>G;165G>A;171T>G;174A>G;177G>A],NA,p.[Asp17Arg;Arg29Trp],-0.4600656819207422,-0.4942213581164772,-0.3959063035670431,0.0670789590490228,-1.5224414,1.3668876229026317,1.3167064515492335,1.4601792770037036
urn:mavedb:00000394-a-1#3671,c.[6T>G;9G>A;12C>T;21C>T;36T>C;42C>G;49G>C;50A>G;51C>T;85C>T;86G>A;87T>C;120A>G;123T>C;141A>G;165G>A;171T>G;174A>G;177G>A;198G>T],NA,p.[Asp17Arg;Arg29Tyr],-0.7618438645877899,-0.8057893429118307,-0.7288370531053988,0.0321461130506724,-1.5042534,0.8760216341997763,0.8034929013533364,0.9294308129891028
urn:mavedb:00000394-a-1#3672,c.[21C>T;27G>A;36T>C;42C>G;49G>C;50A>G;51C>T;85C>T;86G>T;87T>C;120A>G;123T>C;141A>G;165G>A;171T>G;174A>G;177G>A],NA,p.[Asp17Arg;Arg29Phe],-0.5193641140650762,-0.546450452897072,-0.5100783245256386,0.0368110319909756,-1.511383,1.2630899644490932,1.2226341443258646,1.2768928970487643
urn:mavedb:00000394-a-1#3673,c.[6T>G;9G>A;36T>C;42C>G;48C>T;49G>C;50A>G;54G>A;60T>C;72C>T;75C>T;86G>C;87T>G;105C>T;120A>G;123T>C;135C>T;174A>G],NA,p.[Asp17Arg;Arg29Pro],-1.0953866383121107,-1.122327262702417,-1.0737000265271133,0.0285016674214945,-1.4644475,0.1695341200858463,0.1051441857727805,0.2192256576854958
urn:mavedb:00000394-a-1#3674,c.[21C>T;36T>C;42C>G;49G>A;51C>A;54G>A;86G>A;87T>G;120A>G;123T>C;141A>G;165G>A;168G>A;171T>G;174A>G],NA,p.[Asp17Lys;Arg29Gln],-1.1992332916359365,-1.2245916147071236,-1.1749946630276342,0.0312672816255529,-1.4315858,-0.200600738290263,-0.2859894266194967,-0.1253458335375975
urn:mavedb:00000394-a-1#3675,c.[3C>T;6T>G;21C>T;36T>C;42C>G;49G>A;51C>A;57T>G;85C>G;86G>A;87T>G;120A>G;123T>C;141A>G;177G>A],NA,p.[Asp17Lys;Arg29Glu],-1.1007127545493751,-1.1198246121741628,-1.0744412835617718,0.0331736933386579,-1.4193792,0.0463331206904332,-0.0038083240085173,0.1120446011898611
urn:mavedb:00000394-a-1#3676,c.[6T>G;9G>A;21C>T;36T>C;42C>G;49G>A;51C>A;57T>G;72C>T;75C>T;85C>A;86G>A;87T>C;120A>G;123T>C;141A>G;168G>A;171T>G;174A>G;177G>A],NA,p.[Asp17Lys;Arg29Asn],-1.262267787431852,-1.3495633547677353,-1.1921506575283358,0.0376352044503564,-1.427546,-0.4463731073152889,-0.9430633031894609,-0.1908392524765878
urn:mavedb:00000394-a-1#3677,c.[6T>G;9G>A;12C>T;21C>T;36T>C;42C>G;49G>A;51C>A;54G>A;86G>A;87T>C;120A>G;123T>C;141A>G;165G>A;171T>G;174A>G;177G>A;198G>T;207T>C],NA,p.[Asp17Lys;Arg29His],-1.119557058321698,-1.2082020676486018,-0.9802651714625926,0.0413447206386089,-1.4263949,0.0155496810974697,-0.2473403194413898,0.3389705879429979
urn:mavedb:00000394-a-1#3678,c.[21C>T;36T>C;42C>G;49G>A;51C>G;54G>A;57T>G;72C>T;75C>T;84C>T;85C>G;86G>A;87T>C;120A>G;132C>T;141A>G;165G>A;171T>G;174A>G;177G>A;183A>G],NA,p.[Asp17Lys;Arg29Asp],-1.3102188565699215,-1.371685264778959,-1.2664121198988147,0.0305742791830575,-1.417933,-0.7351586083304483,-1.2677981207562758,-0.5065236210593101
urn:mavedb:00000394-a-1#3679,c.[3C>T;9G>A;36T>C;42C>G;49G>A;51C>G;57T>G;60T>C;66G>A;85C>A;86G>A;87T>A;120A>G;141A>G;165G>A;168G>A;171T>G;174A>G;177G>A],NA,p.[Asp17Lys;Arg29Lys],-1.4532636342333023,-1.533263025740056,-1.3972229019903883,0.0365996492622551,-1.475534,-1.7078710687268832,-25.0,-0.9404081750806996
urn:mavedb:00000394-a-1#3680,c.[21C>T;36T>C;42C>G;49G>A;51C>G;75C>T;84C>T;85C>A;86G>C;87T>C;120A>G;123T>C;141A>G;165G>A;168G>A;183A>G],NA,p.[Asp17Lys;Arg29Thr],-1.3033437473643317,-1.3507607554590326,-1.2481472032339656,0.0374860988814538,-1.4302917,-0.6264443643296175,-0.930595691150432,-0.3779998643698164
urn:mavedb:00000394-a-1#3681,c.[15A>G;21C>T;36T>C;42C>G;49G>A;51C>G;54G>A;78C>T;85C>T;86G>C;87T>C;102T>C;120A>G;123T>C;141A>G;165G>A;171T>G;174A>G;177G>A;198G>T],NA,p.[Asp17Lys;Arg29Ser],-1.1097542348512677,-1.1689511934013774,-1.032752632079095,0.0467710494461411,-1.4289675,0.047733962683855,-0.1151405120261293,0.2314949022615063
urn:mavedb:00000394-a-1#3682,c.[21C>T;36T>C;42C>G;49G>A;51C>A;54G>A;57T>G;69T>C;72C>T;85C>G;86G>C;99G>C;120A>G;123T>C;141A>G;171T>G;177G>A],NA,p.[Asp17Lys;Arg29Ala],-1.03257339719047,-1.065575989115252,-0.976809251784375,0.0407207254849146,-1.4423127,0.2613702648242582,0.1873340627189162,0.3787870354552415
urn:mavedb:00000394-a-1#3683,c.[21C>T;36T>C;42C>G;49G>A;51C>A;54G>A;72C>T;75C>T;84C>T;85C>G;87T>C;120A>G;123T>C;129G>A;171T>G;174A>G;177G>A],NA,p.[Asp17Lys;Arg29Gly],-1.227596539209653,-1.3264874047988942,-1.051148502323883,0.0436426070148033,-1.4317956,-0.2958886704699307,-0.7499360840000524,0.1963144578949902
urn:mavedb:00000394-a-1#3684,c.[21C>T;36T>C;39C>T;42C>G;48C>T;49G>A;51C>A;54G>A;60T>C;75C>T;84C>T;85C>A;86G>T;87T>G;105C>T;120A>G;123T>C;126C>T;132C>T;150C>T;153A>G;177G>A;189G>A],NA,p.[Asp17Lys;Arg29Met],-0.7481022376310049,-0.7775064946356688,-0.7108300866344797,0.039880615361895,-1.4562712,0.8196946787356297,0.7704259196056895,0.8810006267284441
urn:mavedb:00000394-a-1#3685,c.[21C>T;36T>C;42C>G;49G>A;51C>A;54G>A;57T>G;72C>T;75C>T;85C>T;87T>C;120A>G;123T>C;135C>T;141A>G;171T>G;174A>G;177G>A],NA,p.[Asp17Lys;Arg29Cys],-0.5033907211621689,-0.5191672932756439,-0.4564518799454216,0.0399227359032689,-1.4506931,1.1962142777849376,1.1723868504136308,1.2664800690787044
urn:mavedb:00000394-a-1#3686,c.[18C>T;36T>C;39C>T;42C>G;49G>A;51C>A;57T>G;69T>C;72C>T;78C>T;86G>T;87T>G;93C>T;111G>C;120A>G;123T>C;132C>T;138T>C;141A>G;165G>A;168G>A;171T>G;174A>G;177G>A;180G>C],NA,p.[Asp17Lys;Arg29Leu],-0.5907487129515256,-0.6279590419284372,-0.5540182387739437,0.0447981745926133,-1.4539547,1.0678087450617144,1.009778284616139,1.1243245943507938
urn:mavedb:00000394-a-1#3687,c.[3C>T;6T>G;21C>T;36T>C;42C>G;49G>A;51C>A;57T>G;63G>C;69T>C;72C>T;85C>G;86G>T;120A>G;123T>C;132C>T;135C>T;141A>G;165G>A;168G>A;174A>G],NA,p.[Asp17Lys;Arg29Val],-0.8599731709081031,-0.9142801569756694,-0.8127266655264126,0.0534477050476338,-1.4392395,0.5964947840716651,0.4956216537058044,0.680623622772756
urn:mavedb:00000394-a-1#3688,c.[3C>T;6T>G;12C>T;21C>T;36T>C;42C>G;49G>A;51C>G;63G>C;69T>C;72C>T;85C>A;86G>T;87T>C;120A>G;123T>C;141A>G;168G>A;174A>G;180G>C],NA,p.[Asp17Lys;Arg29Ile],-0.5070085280178,-0.5263895752702268,-0.451035424968964,0.0536895269131389,-1.4453259,1.1826648939003772,1.153297913934216,1.2665613217150635
urn:mavedb:00000394-a-1#3689,c.[3C>T;6T>G;21C>T;36T>C;42C>G;49G>A;51C>A;54G>A;72C>T;75C>T;85C>T;87T>G;99G>C;102T>C;120A>G;123T>C;126C>T;135C>T;141A>G;165G>A;168G>A;171T>G;174A>G;180G>C],NA,p.[Asp17Lys;Arg29Trp],-0.4846377539512887,-0.5310816949035881,-0.4684683079331078,0.0621284655336097,-1.4868131,1.278218523617016,1.208852779601065,1.3021730895969676
urn:mavedb:00000394-a-1#3690,c.[21C>T;36T>C;42C>G;49G>A;51C>A;57T>G;60T>C;72C>T;75C>T;85C>T;86G>A;87T>C;120A>G;141A>G;171T>G;174A>G;177G>A],NA,p.[Asp17Lys;Arg29Tyr],-0.9033704211060618,-0.9498395874040876,-0.84012191593967,0.0245908411125803,-1.4677835,0.5693702239484804,0.4822006252378644,0.6826144143966875
urn:mavedb:00000394-a-1#3691,c.[21C>T;36T>C;42C>G;49G>A;51C>A;57T>G;85C>T;86G>T;87T>C;108G>C;120A>G;123T>C;141A>G;177G>A;207T>C],NA,p.[Asp17Lys;Arg29Phe],-0.57395212667891,-0.6105008256088681,-0.5345355316866555,0.0547545098845509,-1.4752421,1.1263691323319525,1.070163070600954,1.1862349736915745
urn:mavedb:00000394-a-1#3692,c.[9G>A;15A>G;21C>T;24C>T;36T>C;39C>T;42C>G;49G>A;51C>G;54G>A;63G>C;86G>C;87T>G;123T>C;135C>T;141A>G;165G>A;171T>G;174A>G;177G>A;198G>T],NA,p.[Asp17Lys;Arg29Pro],-1.1207836538073868,-1.1761703584335037,-1.061880395563704,0.036870878870299,-1.4261436,0.0116471056082474,-0.145347804892773,0.158307550563876
urn:mavedb:00000394-a-1#3693,c.[15A>G;21C>T;27G>A;36T>C;49G>A;50A>C;51C>T;72C>T;75C>T;86G>A;87T>A;102T>C;120A>G;123T>C;126C>T;135C>T;141A>G;165G>A;171T>G;177G>A;183A>G;198G>T],NA,p.[Asp17Thr;Arg29Gln],-1.140893457103854,-1.1854027096177655,-1.1273586201930812,0.0361622290540428,-1.4300361,-0.0320652896597794,-0.161776680583053,0.0045289239647339
urn:mavedb:00000394-a-1#3694,c.[6T>G;9G>A;12C>T;21C>T;36T>C;42C>G;49G>A;50A>C;51C>T;57T>G;85C>G;86G>A;87T>G;102T>C;120A>G;123T>C;141A>G;177G>A;189G>A],NA,p.[Asp17Thr;Arg29Glu],-1.2652177619205336,-1.3822347068549363,-1.1994933699750796,0.0394632219905211,-1.4178066,-0.5016950410215129,-1.4272655630693774,-0.2469309650325277
urn:mavedb:00000394-a-1#3695,c.[3C>T;6T>G;21C>T;36T>C;49G>A;50A>C;51C>T;85C>A;86G>A;87T>C;120A>G;123T>C;141A>G;171T>G;174A>G;177G>A;180G>C;186A>G],NA,p.[Asp17Thr;Arg29Asn],-1.245004172985794,-1.3845734997958157,-1.1778253782850028,0.0391619232500414,-1.4259882,-0.3825349404422579,-1.335100361130653,-0.1508880091278731
urn:mavedb:00000394-a-1#3696,c.[12C>T;21C>T;36T>C;42C>G;48C>T;49G>A;50A>C;51C>T;72C>T;75C>T;86G>A;87T>C;120A>G;123T>C;141A>G;165G>A;171T>G;174A>G;177G>A;207T>C],NA,p.[Asp17Thr;Arg29His],-1.0450676366784508,-1.1491354890328231,-1.006740097360977,0.0310851615968835,-1.4248352,0.1943031137066711,-0.0696229714406274,0.2795423738358442
urn:mavedb:00000394-a-1#3697,c.[3C>T;6T>G;12C>T;21C>T;36T>C;42C>G;49G>A;50A>C;51C>T;75C>T;85C>G;86G>A;87T>C;114C>T;120A>G;123T>C;135C>T;141A>G;171T>G;174A>G;180G>C;183A>G;195G>A],NA,p.[Asp17Thr;Arg29Asp],-1.2817268059190263,-1.366091556348771,-1.2259164857455125,0.0337332425031056,-1.416357,-0.586975175440956,-1.216747515352117,-0.3462269731842693
urn:mavedb:00000394-a-1#3698,c.[3C>T;6T>G;21C>T;36T>C;42C>G;49G>A;50A>C;51C>T;85C>A;86G>A;87T>A;114C>T;120A>G;123T>C;132C>T;141A>G;165G>A;171T>G;174A>G;177G>A],NA,p.[Asp17Thr;Arg29Lys],-1.2140387673397035,-1.2244945129152385,-1.191464469963252,0.0288639641138847,-1.4740624,-0.1151310532532323,-0.1465984459679927,-0.0502052113370523
urn:mavedb:00000394-a-1#3699,c.[3C>T;6T>G;21C>T;42C>G;49G>A;50A>C;51C>T;85C>A;86G>C;87T>C;120A>G;123T>C;141A>G;171T>G;174A>G;177G>A;180G>C;207T>C],NA,p.[Asp17Thr;Arg29Thr],-1.112111507162044,-1.17133265509384,-1.053184274704048,0.0339282360271467,-1.4287391,0.0410806006771385,-0.1229069851013302,0.184614485334276
urn:mavedb:00000394-a-1#3700,c.[3C>T;6T>G;9G>A;12C>T;21C>T;36T>C;42C>G;49G>A;50A>C;51C>T;69T>C;72C>T;85C>T;86G>C;99G>C;108G>C;111G>C;120A>G;123T>C;138T>C;141A>G;165G>A;168G>A;177G>A],NA,p.[Asp17Thr;Arg29Ser],-1.0750549462006078,-1.171890213490034,-0.9672575746328824,0.0627513499256476,-1.4274125,0.1299982830982101,-0.12854949142632,0.36789456068159
urn:mavedb:00000394-a-1#3701,c.[3C>T;6T>G;21C>T;36T>C;42C>G;49G>A;50A>C;51C>T;54G>A;60T>C;63G>C;69T>C;72C>T;85C>G;86G>C;120A>G;123T>C;141A>G;171T>G;180G>C;207T>C],NA,p.[Asp17Thr;Arg29Ala],-0.0833221456670816,-0.1338747698457892,-0.0612550314271022,0.1031518661739122,-1.440783,1.788361621006081,1.7173843791053909,1.819229461610508
urn:mavedb:00000394-a-1#3702,c.[3C>T;6T>G;21C>T;36T>C;39C>T;42C>G;49G>A;50A>C;51C>T;85C>G;120A>G;123T>C;165G>A;168G>A;177G>A;180G>C],NA,p.[Asp17Thr;Arg29Gly],-1.281856408827405,-1.4051697633514109,-1.210497932591854,0.0615859425940239,-1.4302464,-0.5208479563414161,-1.6371383701082702,-0.2420947033833106
urn:mavedb:00000394-a-1#3703,c.[6T>G;9G>A;21C>T;36T>C;42C>G;49G>A;50A>C;51C>T;63G>C;72C>T;75C>T;84C>T;85C>A;86G>T;87T>G;99G>C;120A>G;123T>C;141A>G;165G>A;171T>G;174A>G;177G>A;198G>T;207T>C],NA,p.[Asp17Thr;Arg29Met],-0.707365951710737,-0.7245619673265556,-0.6757085918455613,0.0464449133220119,-1.4547668,0.884192500968602,0.8560868100622635,0.9353143124801916
urn:mavedb:00000394-a-1#3704,c.[6T>G;9G>A;21C>T;36T>C;42C>G;49G>A;50A>C;51C>T;63G>C;72C>T;75C>T;78C>T;85C>T;87T>C;114C>T;120A>G;123T>C;141A>G;165G>A;168G>A;177G>A],NA,p.[Asp17Thr;Arg29Cys],-0.3719855041748601,-0.4314398148528653,-0.3427447464447438,0.0585856366705597,-1.4491782,1.3886608717160254,1.3013328702429572,1.4312063939773827
urn:mavedb:00000394-a-1#3705,c.[3C>T;6T>G;21C>T;36T>C;42C>G;49G>A;50A>C;51C>T;75C>T;86G>T;87T>G;120A>G;123T>C;141A>G;165G>A;171T>G;174A>G;177G>A],NA,p.[Asp17Thr;Arg29Leu],-0.3580354327469189,-0.3836888035916946,-0.3299361180729259,0.0832840699528109,-1.4524455,1.4137361855110129,1.376333533864201,1.4544876479036295
urn:mavedb:00000394-a-1#3706,c.[21C>T;36T>C;42C>G;49G>A;50A>C;51C>T;85C>G;86G>T;120A>G;123T>C;141A>G;168G>A;177G>A],NA,p.[Asp17Thr;Arg29Val],-0.6695063973227786,-0.6908069804560614,-0.641999722268143,0.0474571530805571,-1.4377041,0.9178781942075258,0.8833870917106514,0.9619114212105172
urn:mavedb:00000394-a-1#3707,c.[3C>T;6T>G;21C>T;36T>C;42C>G;49G>A;50A>C;51C>T;72C>T;75C>T;85C>A;86G>T;87T>C;120A>G;123T>C;141A>G;165G>A;171T>G;174A>G;177G>A;207T>C],NA,p.[Asp17Thr;Arg29Ile],-0.3967117362460047,-0.431832700973627,-0.3163437385631127,0.0580282729847048,-1.4438009,1.3445984954570336,1.2928018048222167,1.461658431854179
urn:mavedb:00000394-a-1#3708,c.[3C>T;21C>T;36T>C;42C>G;49G>A;50A>C;51C>T;54G>A;72C>T;75C>T;84C>T;85C>T;87T>G;108G>C;120A>G;123T>C;138T>C;141A>G;165G>A;171T>G;174A>G;177G>A;183A>G],NA,p.[Asp17Thr;Arg29Trp],-0.4227708644241125,-0.457056262320375,-0.3846144425849057,0.0699869989131134,-1.485363,1.367261133653972,1.3168867734125094,1.4228882936329723
urn:mavedb:00000394-a-1#3709,c.[3C>T;6T>G;21C>T;24C>T;36T>C;42C>G;49G>A;50A>C;51C>T;72C>T;75C>T;85C>T;86G>A;87T>C;120A>G;123T>C;141A>G;165G>A;168G>A;171T>G;174A>G;207T>C],NA,p.[Asp17Thr;Arg29Tyr],-0.8144016529291914,-0.8657463419811152,-0.7872979465343435,0.0414662947876185,-1.466299,0.7246245844870499,0.6347594200790814,0.7708183698692508
urn:mavedb:00000394-a-1#3710,c.[6T>G;9G>A;12C>T;21C>T;36T>C;42C>G;49G>A;50A>C;51C>T;54G>A;69T>C;72C>T;85C>T;86G>T;120A>G;135C>T;141A>G;174A>G],NA,p.[Asp17Thr;Arg29Phe],-0.3548384697939492,-0.3654338232249318,-0.3376415273944341,0.0263671646336853,-1.4737706,1.4492708977826083,1.433921136271966,1.474120503171593
urn:mavedb:00000394-a-1#3711,c.[12C>T;21C>T;36T>C;42C>G;49G>A;50A>C;51C>T;54G>A;72C>T;75C>T;86G>C;87T>G;120A>G;123T>C;141A>G;165G>A;171T>G;174A>G;177G>A],NA,p.[Asp17Thr;Arg29Pro],-1.1638485923634772,-1.2049698672240905,-1.1295143103594518,0.0347367410570857,-1.4245839,-0.1130096292271505,-0.2425454935019757,-0.0158948727876185
urn:mavedb:00000394-a-1#3712,c.[6T>G;9G>A;21C>T;36T>C;42C>G;49G>T;50A>C;51C>T;60T>C;72C>T;75C>T;78C>T;86G>A;87T>G;123T>C;141A>G;162G>C;165G>A;168G>A;171T>G;174A>G;180G>C],NA,p.[Asp17Ser;Arg29Gln],-1.10563635631787,-1.1421201216550767,-1.0513881836000436,0.0501171245687559,-1.4296012,0.0598660664251451,-0.036639636975524,0.1907345271529513
urn:mavedb:00000394-a-1#3713,c.[21C>T;36T>C;39C>T;49G>T;50A>C;51C>T;85C>G;86G>A;87T>G;93C>T;120A>G;123T>C;141A>G;165G>A;171T>G;174A>G;177G>A;198G>T],NA,p.[Asp17Ser;Arg29Glu],-1.1519168403835147,-1.1672281612179776,-1.1271794509152555,0.0279545932046214,-1.4173646,-0.0991544609337727,-0.1448473515219806,-0.0292006514025322
urn:mavedb:00000394-a-1#3714,c.[3C>T;6T>G;12C>T;24C>T;36T>C;42C>G;49G>T;50A>C;51C>T;57T>G;60T>C;69T>C;72C>T;85C>A;86G>A;87T>C;102T>C;105C>T;120A>G;123T>C;129G>A;141A>G;147G>C;168G>A;174A>G;207T>C],NA,p.[Asp17Ser;Arg29Asn],-1.267905865512916,-1.3028025908687393,-1.2539010033938682,0.030513603159227,-1.4255519,-0.4792070651785396,-0.648889202590589,-0.4198984943749069
urn:mavedb:00000394-a-1#3715,c.[3C>T;21C>T;36T>C;42C>G;48C>T;49G>T;50A>C;51C>T;69T>C;72C>T;86G>A;87T>C;93C>T;102T>C;123T>C;141A>G;177G>A;198G>T;207T>C],NA,p.[Asp17Ser;Arg29His],-1.022037265132341,-1.070161363537929,-0.9930941260332008,0.0306248525036433,-1.424398,0.2451507967268622,0.1345079205644811,0.3078237300043026
urn:mavedb:00000394-a-1#3716,c.[21C>T;36T>C;42C>G;49G>T;50A>C;51C>T;85C>G;86G>A;87T>C;120A>G;123T>C;141A>G;165G>A;168G>A;177G>A],NA,p.[Asp17Ser;Arg29Asp],-1.2786871620626248,-1.334553624966475,-1.261573106747647,0.035389089803067,-1.4159155,-0.5740628156396308,-0.916131099514044,-0.4938270792751797
urn:mavedb:00000394-a-1#3717,c.[3C>T;6T>G;21C>T;36T>C;42C>G;49G>T;50A>C;51C>T;69T>C;72C>T;85C>A;86G>A;87T>A;120A>G;123T>C;141A>G;165G>A;168G>A;171T>G;174A>G;180G>C],NA,p.[Asp17Ser;Arg29Lys],-1.1498088232252934,-1.2251308087508586,-1.092034987535539,0.0347649616333441,-1.4736514,0.0595415180077327,-0.1498034667325986,0.1985156310449514
urn:mavedb:00000394-a-1#3718,c.[6T>G;9G>A;21C>T;39C>T;42C>G;49G>T;50A>C;51C>T;57T>G;69T>C;72C>T;75C>T;78C>T;85C>A;86G>C;108G>C;111G>C;120A>G;141A>G;165G>A;171T>G;174A>G;177G>A;198G>T],NA,p.[Asp17Ser;Arg29Thr],-0.9815313055517274,-1.0944710806236224,-0.8594800266090553,0.0818155456247669,-1.4283037,0.3403063407206699,0.0846855988361498,0.5774775119646264
urn:mavedb:00000394-a-1#3719,c.[6T>G;9G>A;21C>T;36T>C;42C>G;49G>T;50A>C;51C>T;60T>C;72C>T;75C>T;85C>T;86G>C;120A>G;123T>C;141A>G;171T>G;177G>A;180G>C],NA,p.[Asp17Ser;Arg29Ser],-0.954141090203615,-1.0773627245012662,-0.9143578915629426,0.0411230182016168,-1.4269772,0.3936237118070875,0.1233887734852577,0.4719821105168608
urn:mavedb:00000394-a-1#3720,c.[9G>A;21C>T;24C>T;36T>C;42C>G;49G>T;50A>C;51C>T;60T>C;63G>C;85C>G;86G>C;120A>G;123T>C;129G>A;141A>G],NA,p.[Asp17Ser;Arg29Ala],-0.0770922890563837,-0.1358707534696418,-0.0177999560695057,0.1008162294500177,-1.4403539,1.7964837544067278,1.7139709462093562,1.879236306827392
urn:mavedb:00000394-a-1#3721,c.[3C>T;6T>G;12C>T;21C>T;36T>C;42C>G;49G>T;50A>C;51C>T;85C>G;120A>G;123T>C;141A>G;165G>A;168G>A;171T>G;174A>G;177G>A;198G>T;207T>C],NA,p.[Asp17Ser;Arg29Gly],-1.255812389014768,-1.3220454656704694,-1.1966943818591045,0.047151248437907,-1.4298115,-0.4103464810065495,-0.7348455937839553,-0.1981386148655797
urn:mavedb:00000394-a-1#3722,c.[21C>T;36T>C;42C>G;49G>T;50A>C;51C>T;63G>C;69T>C;72C>T;84C>T;85C>A;86G>T;87T>G;120A>G;132C>T;141A>G;165G>A;171T>G;198G>T],NA,p.[Asp17Ser;Arg29Met],-0.4161153987239529,-0.47113103713939,-0.3921780654075535,0.0618750564780112,-1.4543443,1.331553907256242,1.250046465801582,1.366689032779235
urn:mavedb:00000394-a-1#3723,c.[3C>T;6T>G;21C>T;36T>C;39C>T;49G>T;50A>C;51C>T;54G>A;85C>T;87T>C;120A>G;123T>C;141A>G;165G>A;171T>G;174A>G;177G>A;198G>T;207T>C],NA,p.[Asp17Ser;Arg29Cys],-0.5615964186197951,-0.6166344793561958,-0.4939343911384452,0.0637499078122709,-1.4487534,1.1047483606277582,1.019390479102491,1.207530632151829
urn:mavedb:00000394-a-1#3724,c.[6T>G;9G>A;15A>G;21C>T;36T>C;42C>G;49G>T;50A>C;51C>T;69T>C;78C>T;86G>T;87T>G;99G>C;120A>G;123T>C;132C>T;141A>G;165G>A;168G>A;177G>A;180G>C],NA,p.[Asp17Ser;Arg29Leu],-0.5506530154929921,-0.5593838157611082,-0.5241741742971263,0.0390925381938116,-1.4520226,1.1265176963992027,1.1131547648712192,1.166814979764051
urn:mavedb:00000394-a-1#3725,c.[6T>G;9G>A;21C>T;36T>C;42C>G;49G>T;50A>C;51C>T;63G>C;72C>T;75C>T;85C>G;86G>T;120A>G;123T>C;141A>G;174A>G],NA,p.[Asp17Ser;Arg29Val],-0.7136810763398169,-0.7634102727429898,-0.6115753496233406,0.0854571456322541,-1.4372735,0.8452262151715506,0.76214257280843,1.009327835261745
urn:mavedb:00000394-a-1#3726,c.[12C>T;27G>A;30G>C;36T>C;39C>T;42C>G;49G>T;50A>C;51C>T;78C>T;85C>A;86G>T;87T>C;120A>G;123T>C;132C>T;141A>G;165G>A;168G>A;171T>G;174A>G;177G>A],NA,p.[Asp17Ser;Arg29Ile],-0.5278183218613861,-0.5585460293875089,-0.498159712928417,0.0518760571490472,-1.4433737,1.1481593627083204,1.1011762071322773,1.1930762870522342
urn:mavedb:00000394-a-1#3727,c.[21C>T;30G>C;36T>C;42C>G;49G>T;50A>C;51C>T;84C>T;85C>T;87T>G;120A>G;123T>C;141A>G;165G>A;171T>G;174A>G;177G>A],NA,p.[Asp17Ser;Arg29Trp],-0.6069875649894914,-0.6453232225796705,-0.5793413069988814,0.0376652047223265,-1.4849563,1.090576796221305,1.0311118527550522,1.132963525278999
urn:mavedb:00000394-a-1#3728,c.[3C>T;9G>A;21C>T;36T>C;39C>T;42C>G;48C>T;49G>T;50A>C;51C>T;63G>C;66G>A;85C>T;86G>A;87T>C;102T>C;111G>C;120A>G;123T>C;129G>A;141A>G;165G>A;168G>A;177G>A],NA,p.[Asp17Ser;Arg29Tyr],-0.5685464182636168,-0.6661323734232756,-0.528928707326786,0.0335031125347417,-1.4658833,1.1203341790484875,0.9683171343324488,1.1805792613188066
urn:mavedb:00000394-a-1#3729,c.[6T>G;9G>A;12C>T;21C>T;36T>C;49G>T;50A>C;51C>T;72C>T;75C>T;85C>T;86G>T;87T>C;105C>T;120A>G;123T>C;141A>G;165G>A;168G>A;171T>G;174A>G;180G>C],NA,p.[Asp17Ser;Arg29Phe],-0.464019003835987,-0.4865083766194067,-0.4497702587802225,0.0548219853364555,-1.4733586,1.2888631991707291,1.2554428340030823,1.309940870630867
urn:mavedb:00000394-a-1#3730,c.[3C>T;6T>G;36T>C;42C>G;48C>T;49G>T;50A>C;51C>T;54G>A;72C>T;75C>T;86G>C;87T>G;114C>T;120A>G;123T>C;129G>A;138T>C;141A>G;153A>G;162G>C;165G>A;168G>A;171T>G;174A>G;177G>A;180G>C],NA,p.[Asp17Ser;Arg29Pro],-1.2125592726899046,-1.2573945050939854,-1.164553706987536,0.0385608664942236,-1.4241462,-0.2699459552403039,-0.440177642648274,-0.1163964398153777
urn:mavedb:00000394-a-1#3731,c.[9G>A;21C>T;36T>C;42C>G;50A>C;51C>T;60T>C;63G>C;72C>T;75C>T;86G>A;87T>G;120A>G;123T>C;132C>T;141A>G;165G>A;171T>G;174A>G;177G>A;180G>C],NA,p.[Asp17Ala;Arg29Gln],-1.093259943248857,-1.1938180809874914,-0.9884170942395648,0.0708032192234322,-1.4310427,0.0944829706186959,-0.1850181688361644,0.3316613097762026
urn:mavedb:00000394-a-1#3732,c.[6T>G;9G>A;12C>T;21C>T;36T>C;42C>G;48C>T;50A>C;51C>G;72C>T;75C>T;84C>T;85C>G;86G>A;87T>A;120A>G;123T>C;141A>G;153A>G;165G>A;171T>G;174A>G;207T>C],NA,p.[Asp17Ala;Arg29Glu],-1.201798155810978,-1.2395369961889573,-1.1732462673423285,0.0323781282369532,-1.418828,-0.2512795235215356,-0.3891932365014442,-0.1588367021395522
urn:mavedb:00000394-a-1#3733,c.[3C>T;6T>G;21C>T;24C>T;36T>C;42C>G;50A>C;51C>G;54G>A;72C>T;75C>T;85C>A;86G>A;87T>C;123T>C;141A>G;165G>A;171T>G;174A>G;177G>A],NA,p.[Asp17Ala;Arg29Asn],-1.3427977590709583,-1.4085222565998254,-1.2731394141255072,0.0241059734518517,-1.427,-0.8942732769063704,-1.8186965569917544,-0.4959838380740285
urn:mavedb:00000394-a-1#3734,c.[21C>T;36T>C;42C>G;50A>C;51C>G;54G>A;72C>T;75C>T;86G>A;87T>C;120A>G;123T>C;141A>G;165G>A;171T>G;174A>G;177G>A],NA,p.[Asp17Ala;Arg29His],-0.9956868134201003,-1.0190013211291045,-0.982821467179678,0.0173706502580923,-1.425848,0.3053968044275469,0.2550367050805928,0.332501321248054
urn:mavedb:00000394-a-1#3735,c.[21C>T;36T>C;39C>T;42C>G;50A>C;51C>G;54G>A;78C>T;85C>G;86G>A;87T>C;93C>T;120A>G;123T>C;141A>G;165G>A;171T>G;174A>G;177G>A],NA,p.[Asp17Ala;Arg29Asp],-1.3833228996260656,-1.4265758944603155,-1.3408542412825868,0.0377745488231489,-1.4173808,-1.45351661938688,-25.0,-0.9549948561328806
urn:mavedb:00000394-a-1#3736,c.[3C>T;21C>T;36T>C;42C>G;50A>C;51C>T;69T>C;72C>T;84C>T;85C>A;86G>A;87T>A;90T>C;111G>C;114C>T;120A>G;123T>C;135C>T;138T>C;141A>G;165G>A;171T>G;174A>G],NA,p.[Asp17Ala;Arg29Lys],-1.166898087625249,-1.2379664443955096,-1.0828839145463005,0.0636767981450363,-1.475018,0.0189099662851796,-0.1855788293552831,0.2223401240860169
urn:mavedb:00000394-a-1#3737,c.[3C>T;6T>G;21C>T;42C>G;50A>C;51C>G;54G>A;60T>C;63G>C;72C>T;75C>T;85C>A;86G>C;87T>C;120A>G;123T>C;141A>G;177G>A],NA,p.[Asp17Ala;Arg29Thr],0.4101727912286984,0.2952644979579957,0.5128243248697225,0.1439603148779355,-1.4297476,2.453501776849245,2.2963546905238643,2.593650310359957
urn:mavedb:00000394-a-1#3738,c.[21C>T;36T>C;42C>G;50A>C;51C>G;54G>A;66G>A;69T>C;72C>T;75C>T;85C>T;86G>C;99G>C;120A>G;123T>C;126C>T;141A>G;153A>G;162G>C;165G>A;171T>G;207T>C],NA,p.[Asp17Ala;Arg29Ser],-1.2171216935983122,-1.2581198896579489,-1.1874097299088002,0.0249376018137107,-1.4284229,-0.2709370858144964,-0.4254308559083753,-0.1730660421220755
urn:mavedb:00000394-a-1#3739,c.[9G>A;12C>T;21C>T;36T>C;42C>G;50A>C;51C>G;54G>A;57T>G;63G>C;85C>G;86G>C;120A>G;123T>C;126C>T;141A>G;165G>A;168G>A;174A>G],NA,p.[Asp17Ala;Arg29Ala],-1.049526602481663,-1.086466930171618,-1.0233105959413065,0.029210690089712,-1.4417768,0.2226129880602811,0.1370698970042552,0.2803371699487139
urn:mavedb:00000394-a-1#3740,c.[3C>T;9G>A;12C>T;15A>G;21C>T;36T>C;42C>G;48C>T;50A>C;51C>G;57T>G;72C>T;75C>T;85C>G;120A>G;123T>C;141A>G;177G>A;180G>C],NA,p.[Asp17Ala;Arg29Gly],-1.1704938571071506,-1.1983842240468443,-1.138541236244285,0.0346050405326511,-1.4312525,-0.1129425009462454,-0.1989394737267735,-0.0223029530709461
urn:mavedb:00000394-a-1#3741,c.[3C>T;6T>G;21C>T;36T>C;42C>G;50A>C;51C>T;69T>C;72C>T;84C>T;85C>A;86G>T;87T>G;120A>G;123T>C;141A>G;165G>A;171T>G;174A>G;189G>A;207T>C],NA,p.[Asp17Ala;Arg29Met],-0.7660822410959469,-0.8255672430833418,-0.7161536379627222,0.0489914361997618,-1.4557438,0.7887837536421916,0.6870140108596559,0.8714563626603887
urn:mavedb:00000394-a-1#3742,c.[3C>T;6T>G;21C>T;36T>C;42C>G;50A>C;51C>G;54G>A;69T>C;72C>T;85C>T;87T>C;120A>G;123T>C;141A>G;171T>G;174A>G;177G>A],NA,p.[Asp17Ala;Arg29Cys],-0.3459907336775663,-0.3946513807579083,-0.3243270132689657,0.059329855634213,-1.4501619,1.4279216341995316,1.3569455679875793,1.4593008145419273
urn:mavedb:00000394-a-1#3743,c.[3C>T;6T>G;21C>T;36T>C;42C>G;50A>C;51C>T;57T>G;86G>T;87T>G;120A>G;141A>G;165G>A;171T>G;174A>G;177G>A],NA,p.[Asp17Ala;Arg29Leu],-0.5548622404800756,-0.5888845547288412,-0.530012756142016,0.0337244261341752,-1.4534259,1.1222256506386068,1.069876800340618,1.160086699814452
urn:mavedb:00000394-a-1#3744,c.[21C>T;36T>C;42C>G;50A>C;51C>G;54G>A;78C>T;85C>G;86G>T;87T>G;120A>G;144C>T;156T>C;165G>A;171T>G;174A>G;177G>A;198G>T],NA,p.[Asp17Ala;Arg29Val],-0.7817672856752259,-0.818418304623057,-0.7666357049063873,0.0409415125260262,-1.4387012,0.7332878735763584,0.6697009606185056,0.7590921187351901
urn:mavedb:00000394-a-1#3745,c.[6T>G;9G>A;21C>T;36T>C;42C>G;50A>C;51C>T;54G>A;57T>G;72C>T;75C>T;85C>A;86G>T;87T>C;105C>T;114C>T;120A>G;123T>C;141A>G;165G>A;168G>A;174A>G;180G>C;195G>A],NA,p.[Asp17Ala;Arg29Ile],-0.6037646010595021,-0.6442161420015651,-0.5585940124926478,0.0588973560338684,-1.4447913,1.0333289441614428,0.969645610688198,1.1032789848445792
urn:mavedb:00000394-a-1#3746,c.[9G>A;21C>T;36T>C;42C>G;50A>C;51C>G;54G>A;63G>C;85C>T;87T>G;120A>G;123T>C;141A>G;165G>A;171T>G;174A>G;177G>A],NA,p.[Asp17Ala;Arg29Trp],-0.5002148303456979,-0.5165325343832369,-0.4763943791053114,0.0348375289541206,-1.4863052,1.2542927110844888,1.2299163947831628,1.2896910529635182
urn:mavedb:00000394-a-1#3747,c.[21C>T;36T>C;42C>G;50A>C;51C>G;54G>A;60T>C;63G>C;69T>C;72C>T;75C>T;85C>T;86G>A;87T>C;120A>G;123T>C;141A>G;165G>A;171T>G],NA,p.[Asp17Ala;Arg29Tyr],0.8324332859380724,0.6098504767910716,0.9120361939234184,0.1965514045916971,-1.4672632,3.0809327875065886,2.7766249163299945,3.190301146506214
urn:mavedb:00000394-a-1#3748,c.[6T>G;9G>A;12C>T;21C>T;36T>C;42C>G;50A>C;51C>T;72C>T;75C>T;85C>T;86G>T;87T>C;120A>G;123T>C;141A>G;165G>A;171T>G;207T>C],NA,p.[Asp17Ala;Arg29Phe],-0.8753414575566885,-0.9238527669375208,-0.7879920320483805,0.0456517773943529,-1.4747267,0.632671831097401,0.5443526804844244,0.78385133245711
urn:mavedb:00000394-a-1#3749,c.[3C>T;9G>A;12C>T;21C>T;36T>C;42C>G;48C>T;50A>C;51C>G;72C>T;75C>T;86G>C;87T>G;120A>G;123T>C;132C>T;141A>G;165G>A;168G>A;174A>G],NA,p.[Asp17Ala;Arg29Pro],-1.1177682495547785,-1.2121762282129669,-1.075343409625274,0.0565761382702849,-1.4255972,0.0181599047575442,-0.2636158945034311,0.124932745813683
urn:mavedb:00000394-a-1#3750,c.[21C>T;36T>C;42C>G;50A>G;54G>A;78C>T;86G>A;87T>G;96C>T;120A>G;135C>T;141A>G;165G>A;171T>G;174A>G;177G>A;198G>T],NA,p.[Asp17Gly;Arg29Gln],-1.3493719094777252,-1.3825175454395562,-1.2702508778174622,0.0298615528664343,-1.4250927,-0.961689593639701,-1.318284344945309,-0.4916020660056319
urn:mavedb:00000394-a-1#3751,c.[3C>T;6T>G;21C>T;36T>C;42C>G;48C>T;50A>G;51C>T;63G>C;85C>G;86G>A;87T>G;120A>G;123T>C;141A>G;156T>C;174A>G],NA,p.[Asp17Gly;Arg29Glu],-1.3037928464702402,-1.3403114444958015,-1.2453068830292002,0.0236462870320441,-1.4127879,-0.7274098829437611,-0.989314627393454,-0.4371254040710411
urn:mavedb:00000394-a-1#3752,c.[21C>T;36T>C;39C>T;42C>G;48C>T;50A>G;51C>T;66G>A;85C>A;86G>A;87T>C;120A>G;123T>C;141A>G;165G>A;171T>G;174A>G;177G>A;198G>T],NA,p.[Asp17Gly;Arg29Asn],-1.280428741728616,-1.3170716058219618,-1.2381808629473006,0.0391565373656889,-1.421021,-0.5576511511406552,-0.7584104171860245,-0.3752896116824855
urn:mavedb:00000394-a-1#3753,c.[6T>G;9G>A;12C>T;21C>T;24C>T;36T>C;50A>G;54G>A;60T>C;86G>A;87T>C;120A>G;123T>C;141A>G;165G>A;171T>G;174A>G;177G>A;180G>C;198G>T],NA,p.[Asp17Gly;Arg29His],-1.121131510794613,-1.1640035824936783,-1.0439861853976646,0.0470903337203605,-1.4198604,-0.0060238352003259,-0.1275432095639168,0.1853546552086397
urn:mavedb:00000394-a-1#3754,c.[3C>T;6T>G;21C>T;36T>C;42C>G;50A>G;54G>A;85C>G;86G>A;87T>C;120A>G;123T>C;141A>G;165G>A;171T>G;174A>G;177G>A;198G>T],NA,p.[Asp17Gly;Arg29Asp],-1.3377644713995074,-1.3654375408483748,-1.242935939841742,0.0231094802038147,-1.4113297,-0.9799185258214252,-1.272515189860976,-0.433323846778431
urn:mavedb:00000394-a-1#3755,c.[3C>T;6T>G;21C>T;36T>C;42C>G;48C>T;50A>G;51C>T;75C>T;85C>A;86G>A;87T>A;120A>G;135C>T;141A>G;165G>A;171T>G;174A>G;177G>A],NA,p.[Asp17Gly;Arg29Lys],-1.1696780970416043,-1.1913949786671516,-1.1114626039381543,0.0477082422531499,-1.4693742,-0.0034442069645385,-0.063176489169617,0.1432654451604248
urn:mavedb:00000394-a-1#3756,c.[21C>T;42C>G;48C>T;50A>G;69T>C;72C>T;85C>A;86G>C;87T>C;120A>G;123T>C;126C>T;141A>G;177G>A;207T>C],NA,p.[Asp17Gly;Arg29Thr],-1.1305159437278318,-1.184839218182541,-1.0930464063904315,0.0424237196773996,-1.4237876,-0.020775162638998,-0.179560768918853,0.0769650200375854
urn:mavedb:00000394-a-1#3757,c.[6T>G;9G>A;21C>T;36T>C;42C>G;48C>T;50A>G;51C>T;60T>C;72C>T;75C>T;85C>T;86G>C;120A>G;123T>C;141A>G;165G>A;171T>G;174A>G;177G>A;207T>C],NA,p.[Asp17Gly;Arg29Ser],-1.3078613169170996,-1.3499902717348014,-1.2655928429304284,0.0418648235953813,-1.4224534,-0.6944689445381358,-0.9894322830514176,-0.4826597183677762
urn:mavedb:00000394-a-1#3758,c.[21C>T;36T>C;42C>G;48C>T;50A>G;51C>T;60T>C;78C>T;84C>T;85C>G;86G>C;120A>G;123T>C;141A>G;168G>A;171T>G;174A>G;177G>A;180G>C],NA,p.[Asp17Gly;Arg29Ala],-0.9660200440153088,-1.0361115874068836,-0.8971325992867444,0.0393162710362947,-1.4359035,0.3876635360302907,0.2394547533299058,0.5217526997762331
urn:mavedb:00000394-a-1#3759,c.[3C>T;6T>G;21C>T;36T>C;42C>G;50A>G;54G>A;57T>G;72C>T;75C>T;85C>G;120A>G;123T>C;141A>G;165G>A;171T>G;174A>G;177G>A;207T>C],NA,p.[Asp17Gly;Arg29Gly],-1.3658569630961908,-1.4488683026636295,-1.2724103226589374,0.0472835829757452,-1.4253044,-1.113177848891132,-25.0,-0.500321855570795
urn:mavedb:00000394-a-1#3760,c.[6T>G;9G>A;12C>T;21C>T;36T>C;42C>G;48C>T;50A>G;51C>T;54G>A;69T>C;72C>T;84C>T;85C>A;86G>T;87T>G;120A>G;123T>C;141A>G;165G>A;171T>G;174A>G],NA,p.[Asp17Gly;Arg29Met],-0.7238638559209074,-0.7608487406902479,-0.7040439978363753,0.0410027995699292,-1.4499683,0.8493517160282991,0.7878776928606694,0.8817928212853908
urn:mavedb:00000394-a-1#3761,c.[21C>T;36T>C;42C>G;48C>T;50A>G;51C>T;72C>T;75C>T;85C>T;87T>C;120A>G;123T>C;165G>A;171T>G;177G>A;198G>T],NA,p.[Asp17Gly;Arg29Cys],-0.4835078024130399,-0.517975297305427,-0.4685185431924542,0.0543796120821524,-1.4443474,1.2165812130485776,1.1645867722761651,1.2390334543537882
urn:mavedb:00000394-a-1#3762,c.[21C>T;36T>C;42C>G;48C>T;50A>G;86G>T;87T>G;120A>G;123T>C;141A>G;165G>A;168G>A;177G>A],NA,p.[Asp17Gly;Arg29Leu],-0.5419946616102485,-0.5639732721587792,-0.5254968558081086,0.0381465190376943,-1.4476337,1.1330436198280454,1.0993770026323784,1.1581566201367444
urn:mavedb:00000394-a-1#3763,c.[3C>T;6T>G;12C>T;21C>T;36T>C;42C>G;48C>T;50A>G;51C>T;84C>T;85C>G;86G>T;102T>C;120A>G;123T>C;141A>G;177G>A],NA,p.[Asp17Gly;Arg29Val],-0.6751208589590587,-0.7519095792817893,-0.573277062118505,0.0405819625374343,-1.432806,0.9009046439368098,0.7740436885876776,1.062133825713533
urn:mavedb:00000394-a-1#3764,c.[21C>T;36T>C;42C>G;48C>T;50A>G;51C>T;69T>C;72C>T;85C>A;86G>T;87T>C;120A>G;123T>C;141A>G;165G>A;171T>G;174A>G;177G>A],NA,p.[Asp17Gly;Arg29Ile],-0.5788761213079828,-0.6109007846913929,-0.5390015282581957,0.0721725754783474,-1.4389391,1.062955034714285,1.0130009432043623,1.1243443262680557
urn:mavedb:00000394-a-1#3765,c.[3C>T;6T>G;21C>T;36T>C;42C>G;48C>T;50A>G;69T>C;72C>T;85C>T;87T>G;120A>G;123T>C;141A>G;174A>G],NA,p.[Asp17Gly;Arg29Trp],-0.6280630197232124,-0.6633384447177293,-0.5897991816283795,0.0741957224959266,-1.4807382,1.051441312631551,0.9962265618517682,1.1105163845868151
urn:mavedb:00000394-a-1#3766,c.[21C>T;36T>C;42C>G;48C>T;50A>G;51C>T;54G>A;72C>T;75C>T;85C>T;86G>A;87T>C;120A>G;123T>C;141A>G;171T>G;177G>A],NA,p.[Asp17Gly;Arg29Tyr],-0.6825408038830728,-0.7114890581225413,-0.6587228393315495,0.0412390082407558,-1.4615669,0.9352568261698628,0.8885402251906787,0.9732300774367216
urn:mavedb:00000394-a-1#3767,c.[6T>G;9G>A;15A>G;21C>T;36T>C;42C>G;50A>G;54G>A;69T>C;72C>T;78C>T;85C>T;86G>T;87T>C;120A>G;123T>C;141A>G;165G>A;171T>G;174A>G;189G>A],NA,p.[Asp17Gly;Arg29Phe],-0.6538979264598326,-0.6958105233960072,-0.6023994499771372,0.0594640366208754,-1.4690809,0.992741454090803,0.9260126877205056,1.073171323321515
urn:mavedb:00000394-a-1#3768,c.[21C>T;36T>C;42C>G;50A>G;54G>A;69T>C;72C>T;86G>C;87T>G;123T>C;141A>G;144C>T;162G>C;165G>A;171T>G;174A>G],NA,p.[Asp17Gly;Arg29Pro],-1.03754379241063,-1.1040263428563524,-0.994951244251992,0.0498011408375259,-1.4196072,0.1995561071434366,0.0383796634375302,0.2936567592517307
urn:mavedb:00000394-a-1#3769,c.[3C>T;6T>G;21C>T;36T>C;42C>G;48C>T;49G>A;50A>T;51C>G;78C>T;86G>A;87T>G;120A>G;123T>C;126C>T;141A>G;165G>A;168G>A;171T>G;174A>G],NA,p.[Asp17Met;Arg29Gln],-1.223494160279544,-1.247224405354266,-1.1712042040934552,0.0417003201719979,-1.4562321,-0.1993654875361044,-0.2789289325316278,-0.0434355721656828
urn:mavedb:00000394-a-1#3770,c.[3C>T;6T>G;9G>A;12C>T;21C>T;36T>C;42C>G;49G>A;50A>T;51C>G;72C>T;75C>T;85C>G;86G>A;87T>A;90T>C;123T>C;165G>A;168G>A;177G>A],NA,p.[Asp17Met;Arg29Glu],-1.265825543142702,-1.296696663821143,-1.2401779643344688,0.0194296629058039,-1.4443846,-0.3920943354123007,-0.5240971331636479,-0.2958648039729693
urn:mavedb:00000394-a-1#3771,c.[3C>T;9G>A;21C>T;36T>C;42C>G;49G>A;50A>T;51C>G;63G>C;66G>A;72C>T;75C>T;85C>A;86G>A;87T>C;105C>T;120A>G;123T>C;141A>G;165G>A;168G>A;180G>C;183A>G],NA,p.[Asp17Met;Arg29Asn],-1.3032814069171308,-1.3308247369145456,-1.20018242481836,0.0572519372101681,-1.4523106,-0.517908401147833,-0.6557788786246419,-0.1387990040544429
urn:mavedb:00000394-a-1#3772,c.[6T>G;9G>A;12C>T;21C>T;36T>C;42C>G;49G>A;50A>T;51C>G;57T>G;66G>A;69T>C;78C>T;86G>A;87T>C;120A>G;123T>C;135C>T;141A>G;165G>A;171T>G;186A>G],NA,p.[Asp17Met;Arg29His],-0.9537055868886822,-1.0007292497661058,-0.9264366875024452,0.0338339222156363,-1.4511929,0.4425639130861695,0.3479521931781193,0.4952286936857253
urn:mavedb:00000394-a-1#3773,c.[21C>T;36T>C;42C>G;49G>A;50A>T;51C>G;85C>G;86G>A;87T>C;120A>G;123T>C;141A>G;165G>A;168G>A;177G>A],NA,p.[Asp17Met;Arg29Asp],-1.22949569273096,-1.3130037191157071,-1.1928786218912095,0.0429265075734618,-1.4429817,-0.2633966082527694,-0.6106424993276335,-0.1449562731245944
urn:mavedb:00000394-a-1#3774,c.[3C>T;21C>T;36T>C;42C>G;49G>A;50A>T;51C>G;85C>A;86G>A;87T>A;120A>G;123T>C;141A>G;165G>A;168G>A;177G>A],NA,p.[Asp17Met;Arg29Lys],-1.1149890060032437,-1.1568953438642935,-1.0873888128018114,0.0262778561956383,-1.4989281,0.2038033252791491,0.1049192624762796,0.2652810290221059
urn:mavedb:00000394-a-1#3775,c.[9G>A;15A>G;21C>T;36T>C;42C>G;49G>A;50A>T;51C>G;54G>A;84C>T;85C>A;86G>C;87T>C;120A>G;126C>T;135C>T;141A>G;174A>G],NA,p.[Asp17Met;Arg29Thr],-1.114719628831264,-1.1581293601206857,-1.05923453614356,0.0407626117286442,-1.4549761,0.1005725011946763,-0.0111003558240318,0.2304281529063332
urn:mavedb:00000394-a-1#3776,c.[3C>T;6T>G;21C>T;36T>C;42C>G;49G>A;50A>T;51C>G;69T>C;72C>T;85C>T;86G>C;120A>G;123T>C;141A>G;165G>A;168G>A;171T>G;174A>G;180G>C],NA,p.[Asp17Met;Arg29Ser],-1.1630474020010433,-1.2382301402329146,-1.0728445405726794,0.0402232848644998,-1.4536905,-0.027957285194668,-0.2566330345918018,0.1967613904402845
urn:mavedb:00000394-a-1#3777,c.[21C>T;36T>C;42C>G;49G>A;50A>T;51C>G;84C>T;85C>G;86G>C;93C>T;120A>G;123T>C;141A>G;165G>A;168G>A;171T>G;174A>G;180G>C;198G>T],NA,p.[Asp17Met;Arg29Ala],-0.9912656520670988,-1.072370394345812,-0.9407093548423816,0.0553003139167851,-1.46665,0.3987295880233297,0.2271545586283666,0.4974759163623821
urn:mavedb:00000394-a-1#3778,c.[6T>G;9G>A;12C>T;21C>T;36T>C;42C>G;49G>A;50A>T;51C>G;85C>G;120A>G;123T>C;141A>G;165G>A;168G>A;174A>G;180G>C;207T>C],NA,p.[Asp17Met;Arg29Gly],-0.8965133590560637,-0.9948335129624516,-0.8379636318416631,0.0602766360553238,-1.4564362,0.5611133313472909,0.3708389518127806,0.6665065688459191
urn:mavedb:00000394-a-1#3779,c.[3C>T;12C>T;21C>T;36T>C;42C>G;49G>A;50A>T;51C>G;72C>T;75C>T;84C>T;85C>A;86G>T;87T>G;120A>G;123T>C;141A>G;165G>A;171T>G;174A>G;177G>A;180G>C;198G>T],NA,p.[Asp17Met;Arg29Met],-0.6366253751498879,-0.6784921438456135,-0.6235721690051304,0.0368288803110035,-1.4802113,1.0372874123313278,0.9714286637275968,1.0575996438477944
urn:mavedb:00000394-a-1#3780,c.[21C>T;49G>A;50A>T;51C>G;63G>C;85C>T;87T>C;120A>G;123T>C;135C>T;141A>G;165G>A;171T>G;174A>G;177G>A],NA,p.[Asp17Met;Arg29Cys],-0.6373995587550084,-0.6973042904096375,-0.5576788310677955,0.0660361504034803,-1.4747906,1.0276173028842652,0.9327765431260892,1.150488529777466
urn:mavedb:00000394-a-1#3781,c.[12C>T;21C>T;36T>C;42C>G;49G>A;50A>T;51C>G;69T>C;72C>T;86G>T;87T>G;120A>G;123T>C;141A>G;171T>G;177G>A;207T>C],NA,p.[Asp17Met;Arg29Leu],-0.424718277112377,-0.4484537292858334,-0.3820046639105199,0.0573678592766911,-1.4779601,1.3535730208427164,1.318667072353216,1.4159370232761486
urn:mavedb:00000394-a-1#3782,c.[21C>T;36T>C;42C>G;49G>A;50A>T;51C>G;85C>G;86G>T;120A>G;123T>C;141A>G;147G>C;156T>C;165G>A;168G>A;177G>A],NA,p.[Asp17Met;Arg29Val],-0.4758419087284534,-0.503562404790523,-0.4312171672435189,0.045016907953741,-1.463665,1.2569061148398906,1.2154486663500337,1.3230252122015478
urn:mavedb:00000394-a-1#3783,c.[12C>T;21C>T;36T>C;42C>G;49G>A;50A>T;51C>G;78C>T;85C>A;86G>T;87T>C;120A>G;141A>G;168G>A;171T>G;174A>G],NA,p.[Asp17Met;Arg29Ile],-0.4415770553559531,-0.4658424244816141,-0.4149977821415516,0.067238002591221,-1.4695764,1.316457054495745,1.2805562185642925,1.355546906667368
urn:mavedb:00000394-a-1#3784,c.[3C>T;6T>G;21C>T;36T>C;42C>G;49G>A;50A>T;51C>G;72C>T;75C>T;85C>T;87T>G;120A>G;123T>C;141A>G;168G>A;171T>G;174A>G;177G>A;180G>C],NA,p.[Asp17Met;Arg29Trp],-0.3888412230058092,-0.4504393512807189,-0.3656123447872472,0.0852902377815714,-1.5098858,1.45226255452086,1.3626174772874329,1.4857937571621171
urn:mavedb:00000394-a-1#3785,c.[3C>T;6T>G;21C>T;36T>C;42C>G;49G>A;50A>T;51C>G;85C>T;86G>A;87T>C;120A>G;123T>C;141A>G;150C>T;165G>A;171T>G;174A>G;177G>A;198G>T;207T>C],NA,p.[Asp17Met;Arg29Tyr],-0.6258119238314469,-0.6534314033110071,-0.5967485496406366,0.0398415376086573,-1.4913979,1.0714537655828007,1.028501162033505,1.1161913934882932
urn:mavedb:00000394-a-1#3786,c.[21C>T;36T>C;42C>G;49G>A;50A>T;51C>G;78C>T;85C>T;86G>T;87T>C;120A>G;123T>C;129G>A;141A>G;165G>A;171T>G;174A>G;183A>G],NA,p.[Asp17Met;Arg29Phe],-0.4629228754406519,-0.4833831838636329,-0.4319483241148866,0.0780592624851628,-1.4986448,1.327795295621934,1.2975961341732705,1.3732448398300237
urn:mavedb:00000394-a-1#3787,c.[9G>A;21C>T;36T>C;42C>G;49G>A;50A>T;51C>G;57T>G;72C>T;75C>T;78C>T;86G>C;87T>G;120A>G;132C>T;141A>G;174A>G],NA,p.[Asp17Met;Arg29Pro],-1.115471058812788,-1.204555131003899,-1.0447860764630366,0.0399098382468652,-1.4509497,0.0887703120876842,-0.1563349893467771,0.2535257548991814
urn:mavedb:00000394-a-1#3788,c.[3C>T;6T>G;9G>A;15A>G;21C>T;36T>C;42C>G;49G>T;50A>G;60T>C;66G>A;69T>C;86G>A;87T>G;120A>G;123T>C;141A>G;165G>A;168G>A],NA,p.[Asp17Cys;Arg29Gln],-0.5796828005799253,-0.6030148679189309,-0.5644990215580642,0.0426535753429407,-1.4357805,1.056806076494094,1.020417235836795,1.0803170163045992
urn:mavedb:00000394-a-1#3789,c.[12C>T;21C>T;36T>C;42C>G;49G>T;50A>G;85C>G;86G>A;87T>A;123T>C;135C>T;141A>G;153A>G;165G>A;171T>G;174A>G;177G>A;195G>A],NA,p.[Asp17Cys;Arg29Glu],-0.4637804079908978,-0.4957010664641942,-0.4343538065153885,0.0466818032294968,-1.4236355,1.2151326584603532,1.1669824280994532,1.259138494287989
urn:mavedb:00000394-a-1#3790,c.[21C>T;36T>C;42C>G;49G>T;50A>G;72C>T;75C>T;85C>A;86G>A;87T>C;120A>G;123T>C;141A>G;165G>A;171T>G;174A>G;177G>A],NA,p.[Asp17Cys;Arg29Asn],-0.6240033349012865,-0.6389763332770133,-0.6097331238062705,0.0713668005887879,-1.4317608,0.9810435316422184,0.9572686953153248,1.003562672283323
urn:mavedb:00000394-a-1#3791,c.[6T>G;9G>A;12C>T;21C>T;36T>C;42C>G;49G>T;50A>G;86G>A;87T>C;108G>C;111G>C;120A>G;123T>C;135C>T;141A>G;165G>A;168G>A;177G>A],NA,p.[Asp17Cys;Arg29His],-0.5108017664864042,-0.5326399311325403,-0.4819378326619215,0.0586033118229969,-1.4306159,1.1546506581558449,1.1213540957918042,1.1983140870924949
urn:mavedb:00000394-a-1#3792,c.[6T>G;9G>A;12C>T;21C>T;36T>C;42C>G;49G>T;50A>G;69T>C;72C>T;85C>G;86G>A;87T>C;120A>G;123T>C;141A>G;174A>G],NA,p.[Asp17Cys;Arg29Asp],-0.6879223017330689,-0.7552427484006248,-0.6738181747340078,0.0391255330108929,-1.4221978,0.8627897263200074,0.7504168338665509,0.8858129724681676
urn:mavedb:00000394-a-1#3793,c.[21C>T;36T>C;42C>G;49G>T;50A>G;85C>A;86G>A;87T>A;108G>C;120A>G;123T>C;141A>G;165G>A;171T>G;174A>G;177G>A;198G>T],NA,p.[Asp17Cys;Arg29Lys],-0.4718935429770511,-0.5163679340643876,-0.4371740538125738,0.0766731648751027,-1.4795136,1.2863057313424893,1.2199943469571517,1.33756085197569
urn:mavedb:00000394-a-1#3794,c.[3C>T;12C>T;21C>T;36T>C;39C>T;42C>G;48C>T;49G>T;50A>G;51C>T;72C>T;75C>T;78C>T;84C>T;85C>A;86G>C;87T>C;90T>C;120A>G;123T>C;126C>T;129G>A;141A>G;144C>T;186A>G],NA,p.[Asp17Cys;Arg29Thr],-0.3509148043223706,-0.3841383509069294,-0.3185854085082854,0.0654735911569835,-1.4344931,1.398000544884024,1.3494094272941388,1.4449687093589307
urn:mavedb:00000394-a-1#3795,c.[3C>T;6T>G;21C>T;36T>C;42C>G;49G>T;50A>G;85C>T;86G>C;120A>G;123T>C;141A>G;165G>A;168G>A;174A>G],NA,p.[Asp17Cys;Arg29Ser],-0.5871009407361631,-0.6131434491578138,-0.5418601159263817,0.0546288231623332,-1.4331756,1.0412166542632757,1.0004201400615516,1.1111483733923913
urn:mavedb:00000394-a-1#3796,c.[6T>G;9G>A;12C>T;21C>T;24C>T;36T>C;42C>G;49G>T;50A>G;85C>G;86G>C;120A>G;129G>A;141A>G;168G>A;174A>G],NA,p.[Asp17Cys;Arg29Ala],-0.2216812755998752,-0.2454609719093541,-0.1738122422507433,0.1103347370419766,-1.4464536,1.601145185949001,1.5672562015409033,1.669026327389645
urn:mavedb:00000394-a-1#3797,c.[3C>T;12C>T;21C>T;24C>T;36T>C;42C>G;49G>T;50A>G;57T>G;72C>T;75C>T;85C>G;120A>G;123T>C;129G>A;141A>G;165G>A;171T>G;177G>A;180G>C;186A>G],NA,p.[Asp17Cys;Arg29Gly],-0.3103734660914524,-0.3563673476917253,-0.2791759149389205,0.0589977821426007,-1.4359894,1.459013162804888,1.392229353133202,1.503989546712012
urn:mavedb:00000394-a-1#3798,c.[21C>T;36T>C;42C>G;49G>T;50A>G;84C>T;85C>A;86G>T;87T>G;120A>G;123T>C;141A>G;165G>A;168G>A;171T>G;174A>G],NA,p.[Asp17Cys;Arg29Met],-0.182508297293584,-0.2078661109579226,-0.1609361046773954,0.0603928487621424,-1.4603443,1.676328077313708,1.640449259755461,1.7067620285023184
urn:mavedb:00000394-a-1#3799,c.[12C>T;21C>T;36T>C;42C>G;49G>T;50A>G;85C>T;87T>C;120A>G;123T>C;141A>G;180G>C],NA,p.[Asp17Cys;Arg29Cys],-0.7228933080780385,-0.7556473605134432,-0.6753057967256099,0.0495208114921039,-1.4547925,0.8588671890836805,0.8046651144207602,0.93600102384934
urn:mavedb:00000394-a-1#3800,c.[3C>T;6T>G;21C>T;24C>T;36T>C;39C>T;42C>G;49G>T;50A>G;86G>T;87T>G;120A>G;123T>C;141A>G;165G>A;171T>G;174A>G;177G>A],NA,p.[Asp17Cys;Arg29Leu],-0.1537256643578403,-0.175550875205986,-0.1204781125151889,0.0757163642274208,-1.4580383,1.7136771887629052,1.682903478391455,1.760409564906978
urn:mavedb:00000394-a-1#3801,c.[21C>T;36T>C;42C>G;49G>T;50A>G;69T>C;72C>T;85C>G;86G>T;120A>G;123T>C;141A>G;165G>A;168G>A;171T>G;174A>G;177G>A],NA,p.[Asp17Cys;Arg29Val],-0.327154672464112,-0.3721673697692932,-0.287484778532856,0.039598700071148,-1.4433956,1.4454334020167687,1.379961754607871,1.5026753250676883
urn:mavedb:00000394-a-1#3802,c.[21C>T;36T>C;42C>G;49G>T;50A>G;60T>C;85C>A;86G>T;87T>C;105C>T;120A>G;123T>C;135C>T;141A>G;165G>A;168G>A;171T>G;174A>G;177G>A],NA,p.[Asp17Cys;Arg29Ile],-0.2782008482772553,-0.322911788402986,-0.2465185044176186,0.0456717300062097,-1.4494514,1.524691314487069,1.4603208888280816,1.5700185545743872
urn:mavedb:00000394-a-1#3803,c.[6T>G;9G>A;12C>T;21C>T;36T>C;42C>G;49G>T;50A>G;85C>T;87T>G;99G>C;120A>G;123T>C;141A>G],NA,p.[Asp17Cys;Arg29Trp],-0.2819739332666956,-0.3179934072848117,-0.2555948172707736,0.0629529715532891,-1.4907393,1.5782432556826165,1.5267476740748684,1.6157811633745809
urn:mavedb:00000394-a-1#3804,c.[3C>T;6T>G;9G>A;21C>T;36T>C;42C>G;49G>T;50A>G;54G>A;60T>C;63G>C;69T>C;72C>T;75C>T;78C>T;85C>T;86G>A;87T>C;114C>T;120A>G;123T>C;138T>C;162G>C;165G>A;168G>A;174A>G;180G>C;183A>G;198G>T;207T>C],NA,p.[Asp17Cys;Arg29Tyr],0.667565745600728,0.5249543324098702,0.7422488137297291,0.176533662837508,-1.4718003,2.8614930051730103,2.66696717029752,2.9635283376942807
urn:mavedb:00000394-a-1#3805,c.[6T>G;9G>A;12C>T;21C>T;36T>C;42C>G;49G>T;50A>G;85C>T;86G>T;87T>C;120A>G;123T>C;141A>G],NA,p.[Asp17Cys;Arg29Phe],-0.2162395823112718,-0.2279600552120518,-0.2026885687408322,0.0487668308002085,-1.4792233,1.6552780362688635,1.6386789794636587,1.6744384999888091
urn:mavedb:00000394-a-1#3806,c.[21C>T;27G>A;36T>C;49G>T;50A>G;63G>C;86G>C;87T>G;102T>C;120A>G;123T>C;141A>G;177G>A],NA,p.[Asp17Cys;Arg29Pro],-0.5637356179561506,-0.6310931798898831,-0.5369723298635117,0.0497623904304984,-1.430366,1.073135087910187,0.967591473015337,1.114337626164511
urn:mavedb:00000394-a-1#3807,c.[3C>T;6T>G;21C>T;36T>C;42C>G;49G>C;50A>T;51C>G;54G>A;72C>T;75C>T;86G>A;87T>G;120A>G;123T>C;126C>T;135C>T;138T>C;141A>G;165G>A;171T>G;198G>T],NA,p.[Asp17Leu;Arg29Gln],-1.186406482653962,-1.2317716978453064,-1.120609317918434,0.0478856177137477,-1.4486232,-0.108642080450647,-0.2518929770287379,0.0701041862653858
urn:mavedb:00000394-a-1#3808,c.[6T>G;9G>A;12C>T;21C>T;36T>C;42C>G;49G>C;50A>T;51C>G;72C>T;75C>T;85C>G;86G>A;87T>A;90T>C;120A>G;123T>C;141A>G;171T>G;174A>G],NA,p.[Asp17Leu;Arg29Glu],-1.2445774800934315,-1.2852669600107802,-1.174464966467732,0.0331511055829499,-1.436666,-0.3400530651081416,-0.5070804933010294,-0.1086849636016319
urn:mavedb:00000394-a-1#3809,c.[6T>G;9G>A;12C>T;21C>T;36T>C;42C>G;48C>T;49G>C;50A>T;51C>G;85C>A;86G>A;87T>C;120A>G;123T>C;141A>G;162G>C;165G>A;168G>A;177G>A],NA,p.[Asp17Leu;Arg29Asn],-1.2713421884100553,-1.4038599782112433,-1.1570690394086034,0.0448762540121211,-1.444665,-0.4130904072935082,-1.3441190105462133,-0.0363272640367957
urn:mavedb:00000394-a-1#3810,c.[21C>T;36T>C;42C>G;49G>C;50A>T;51C>G;69T>C;72C>T;78C>T;86G>A;87T>C;120A>G;123T>C;141A>G;171T>G;174A>G;177G>A],NA,p.[Asp17Leu;Arg29His],-1.037049422488276,-1.1166383284887105,-0.997280411617132,0.0490056264579223,-1.4435368,0.2542402800671983,0.0672922749780749,0.3392266652151828
urn:mavedb:00000394-a-1#3811,c.[21C>T;36T>C;42C>G;49G>C;50A>T;51C>G;57T>G;69T>C;72C>T;85C>G;86G>A;87T>C;120A>G;123T>C;129G>A;141A>G;165G>A;171T>G;174A>G;177G>A],NA,p.[Asp17Leu;Arg29Asp],-1.2519974684378337,-1.3918116117038923,-1.1443628029266024,0.060908991671276,-1.4352503,-0.3736903912126446,-1.3060536338556543,-0.0272829597716319
urn:mavedb:00000394-a-1#3812,c.[6T>G;9G>A;21C>T;36T>C;42C>G;49G>C;50A>T;51C>G;63G>C;72C>T;75C>T;85C>A;86G>A;87T>A;123T>C;141A>G;162G>C;165G>A;168G>A;171T>G;174A>G;177G>A],NA,p.[Asp17Leu;Arg29Lys],-1.0121205395928952,-1.1180260149503574,-0.9190840798157814,0.0424999706064762,-1.491703,0.4071272051335419,0.1802525962998732,0.5843759463712356
urn:mavedb:00000394-a-1#3813,c.[3C>T;15A>G;18C>T;42C>G;49G>C;50A>T;51C>G;85C>A;86G>C;87T>C;120A>G;123T>C;129G>A;141A>G;171T>G;174A>G;189G>A;195G>A],NA,p.[Asp17Leu;Arg29Thr],-1.0833631652135347,-1.1796984620468514,-1.0277105950213443,0.0356095036019972,-1.4473548,0.1576609137669943,-0.0927320240277024,0.282877039704315
urn:mavedb:00000394-a-1#3814,c.[3C>T;6T>G;21C>T;36T>C;42C>G;49G>C;50A>T;51C>G;85C>T;86G>C;120A>G;123T>C;129G>A;141A>G;168G>A;171T>G;174A>G;177G>A;180G>C;207T>C],NA,p.[Asp17Leu;Arg29Ser],-1.2443841361249437,-1.3254944980346994,-1.1725898487522075,0.0458317956503667,-1.4460578,-0.304927753220368,-0.6608437528914095,-0.075990214017077
urn:mavedb:00000394-a-1#3815,c.[12C>T;21C>T;36T>C;42C>G;49G>C;50A>T;51C>G;72C>T;75C>T;85C>G;86G>C;120A>G;123T>C;141A>G;165G>A;171T>G;174A>G],NA,p.[Asp17Leu;Arg29Ala],-0.7264393209852491,-0.8179349243216789,-0.6894011161742973,0.0425493526802275,-1.459135,0.8601698900399481,0.7061726134640939,0.9203330578182056
urn:mavedb:00000394-a-1#3816,c.[21C>T;39C>T;49G>C;50A>T;51C>G;54G>A;57T>G;66G>A;85C>G;105C>T;120A>G;123T>C;129G>A;141A>G;165G>A;168G>A;171T>G;174A>G;180G>C],NA,p.[Asp17Leu;Arg29Gly],-0.779161786970937,-0.9021564945278782,-0.715467361675149,0.0625686601053215,-1.4488277,0.7550092999153459,0.5365397426501187,0.8612677355720094
urn:mavedb:00000394-a-1#3817,c.[12C>T;21C>T;36T>C;42C>G;49G>C;50A>T;84C>T;85C>A;86G>T;87T>G;120A>G;123T>C;141A>G;165G>A;171T>G;174A>G;177G>A;180G>C],NA,p.[Asp17Leu;Arg29Met],-0.5990424037460286,-0.631959593477433,-0.5781481425793891,0.0485519920260269,-1.4728184,1.0841261761061909,1.0330382023975182,1.116243721769704
urn:mavedb:00000394-a-1#3818,c.[21C>T;36T>C;42C>G;49G>C;50A>T;51C>G;72C>T;75C>T;85C>T;87T>C;120A>G;123T>C;129G>A;141A>G;165G>A;171T>G;174A>G;177G>A],NA,p.[Asp17Leu;Arg29Cys],-0.3720207402995191,-0.4177222733306651,-0.2948550187389959,0.0520516052022333,-1.467349,1.415044086045966,1.3482855902966715,1.5264353465679934
urn:mavedb:00000394-a-1#3819,c.[3C>T;6T>G;21C>T;36T>C;42C>G;49G>C;50A>T;51C>G;66G>A;72C>T;75C>T;86G>T;87T>G;120A>G;123T>C;126C>T;141A>G;165G>A;171T>G;174A>G;177G>A],NA,p.[Asp17Leu;Arg29Leu],-0.4185512287555811,-0.4461157808688084,-0.3914336937271165,0.0583271874785275,-1.4705462,1.3517558729268624,1.3111885055533292,1.3914243106702204
urn:mavedb:00000394-a-1#3820,c.[12C>T;21C>T;36T>C;42C>G;49G>C;50A>T;51C>G;75C>T;84C>T;85C>G;86G>T;90T>C;123T>C;132C>T;141A>G;165G>A;171T>G;174A>G;177G>A;207T>C],NA,p.[Asp17Leu;Arg29Val],-0.6706678657568225,-0.7078118813403592,-0.623663879519005,0.0492514129864514,-1.4561224,0.9455503550245205,0.8856713428502663,1.0199151323401603
urn:mavedb:00000394-a-1#3821,c.[3C>T;6T>G;21C>T;36T>C;42C>G;49G>C;50A>T;85C>A;86G>T;87T>C;120A>G;123T>C;129G>A;141A>G;168G>A;171T>G;174A>G;177G>A;183A>G],NA,p.[Asp17Leu;Arg29Ile],-0.5204998161319894,-0.541629388104305,-0.4991570555603246,0.0527458524544982,-1.4620876,1.187581641206632,1.1555895262415117,1.219694550095829
urn:mavedb:00000394-a-1#3822,c.[12C>T;21C>T;36T>C;42C>G;49G>C;50A>T;54G>A;78C>T;85C>T;87T>G;108G>C;120A>G;141A>G;168G>A;171T>G;174A>G;177G>A;180G>C],NA,p.[Asp17Leu;Arg29Trp],-0.4178958274103727,-0.4721405917857021,-0.3998811445587545,0.0604786947096041,-1.5027618,1.399757605269954,1.3202744591495723,1.425954126520599
urn:mavedb:00000394-a-1#3823,c.[9G>A;12C>T;18C>T;21C>T;39C>T;49G>C;50A>T;51C>G;57T>G;66G>A;78C>T;85C>T;86G>A;87T>C;120A>G;123T>C;126C>T;132C>T;135C>T;141A>G;165G>A;171T>G;174A>G;177G>A;207T>C],NA,p.[Asp17Leu;Arg29Tyr],-0.64396018024821,-0.6700535382384772,-0.5966894155353768,0.039032937657267,-1.4841051,1.031912258077451,0.9909421273287822,1.1051062145771622
urn:mavedb:00000394-a-1#3824,c.[6T>G;9G>A;12C>T;21C>T;36T>C;42C>G;49G>C;50A>T;51C>G;72C>T;75C>T;85C>T;86G>T;87T>C;120A>G;123T>C;141A>G;165G>A;171T>G;174A>G],NA,p.[Asp17Leu;Arg29Phe],-0.4454636589458896,-0.4844104920764525,-0.4237567907516072,0.0310914726707954,-1.4914174,1.3428542430328394,1.2853799737144769,1.3746660136680713
urn:mavedb:00000394-a-1#3825,c.[12C>T;21C>T;36T>C;42C>G;49G>C;50A>T;51C>G;72C>T;75C>T;86G>C;87T>G;99G>C;120A>G;123T>C;129G>A;141A>G;171T>G;174A>G;177G>A],NA,p.[Asp17Leu;Arg29Pro],-1.0966447612123498,-1.1470392171431054,-1.0446729325517825,0.0457523616632593,-1.4432917,0.1161945215214373,-0.0127009511986253,0.2368452870092412
urn:mavedb:00000394-a-1#3826,c.[9G>A;12C>T;21C>T;36T>C;42C>G;50A>T;51C>T;78C>T;86G>A;87T>G;120A>G;123T>C;141A>G;174A>G;180G>C;186A>G],NA,p.[Asp17Val;Arg29Gln],-1.07584305152127,-1.1225601616968186,-1.048445314901974,0.0316114276351392,-1.4343987,0.1448088635246824,0.0286573935074817,0.2084027733557505
urn:mavedb:00000394-a-1#3827,c.[9G>A;15A>G;18C>T;36T>C;42C>G;50A>T;51C>T;84C>T;85C>G;86G>A;87T>A;90T>C;120A>G;123T>C;141A>G;165G>A;171T>G;174A>G;177G>A],NA,p.[Asp17Val;Arg29Glu],-1.317032115655154,-1.393456496986334,-1.2648132237690162,0.022948200855834,-1.4222336,-0.7505963350629803,-1.5548066874627209,-0.4801969511627652
urn:mavedb:00000394-a-1#3828,c.[21C>T;36T>C;42C>G;50A>T;51C>T;72C>T;75C>T;85C>A;86G>A;87T>C;114C>T;120A>G;123T>C;126C>T;141A>G;165G>A;168G>A;171T>G;177G>A],NA,p.[Asp17Val;Arg29Asn],-1.2018597712783825,-1.302998161235591,-1.1269723479678042,0.0450004495290374,-1.4303727,-0.2130554467601782,-0.6241998379195635,0.0064509674323319
urn:mavedb:00000394-a-1#3829,c.[21C>T;36T>C;42C>G;50A>T;51C>T;86G>A;87T>C;120A>G;123T>C;141A>G;162G>C;165G>A;168G>A;177G>A],NA,p.[Asp17Val;Arg29His],-1.130133360936975,-1.1691375964647557,-1.1079131508279167,0.0302152744829969,-1.4292254,-0.005051940989517,-0.1149286257180547,0.0531081870636335
urn:mavedb:00000394-a-1#3830,c.[3C>T;6T>G;12C>T;21C>T;50A>T;51C>T;85C>G;86G>A;87T>C;90T>C;108G>C;111G>C;120A>G;123T>C;135C>T;141A>G;165G>A;168G>A;171T>G;174A>G;177G>A;180G>C],NA,p.[Asp17Val;Arg29Asp],-1.2523035946988073,-1.2977474317402022,-1.217409841223075,0.0407167847714649,-1.420793,-0.4329287611586625,-0.6472828275875007,-0.2987954665988108
urn:mavedb:00000394-a-1#3831,c.[3C>T;6T>G;12C>T;21C>T;36T>C;42C>G;50A>T;51C>G;57T>G;85C>A;86G>A;87T>A;120A>G;123T>C;135C>T;141A>G;165G>A;168G>A;171T>G;174A>G;177G>A],NA,p.[Asp17Val;Arg29Lys],-1.2666330105973893,-1.3014264286852983,-1.2471048085959977,0.0313532402268625,-1.4782019,-0.2700215858089411,-0.399196747503673,-0.2046676190476016
urn:mavedb:00000394-a-1#3832,c.[18C>T;21C>T;36T>C;42C>G;50A>T;51C>T;57T>G;60T>C;69T>C;78C>T;84C>T;85C>A;86G>C;87T>C;120A>G;123T>C;141A>G;156T>C;165G>A;168G>A;171T>G;177G>A;189G>A],NA,p.[Asp17Val;Arg29Thr],-0.9732985436784164,-1.0812438220282383,-0.9031898443177742,0.0560204344988383,-1.4331083,0.3671861657579165,0.128810638546463,0.5050465840833052
urn:mavedb:00000394-a-1#3833,c.[21C>T;24C>T;27G>A;36T>C;42C>G;50A>T;51C>T;63G>C;72C>T;75C>T;85C>T;86G>C;108G>C;114C>T;120A>G;123T>C;141A>G;150C>T;156T>C;165G>A;168G>A;177G>A;180G>C],NA,p.[Asp17Val;Arg29Ser],-0.6769751566564539,-0.7878190838678483,-0.6046708055287942,0.1101668888980469,-1.4317894,0.8962539983688519,0.7109832609502486,1.0115645392274917
urn:mavedb:00000394-a-1#3834,c.[15A>G;21C>T;36T>C;42C>G;50A>T;51C>T;85C>G;86G>C;108G>C;120A>G;123T>C;141A>G;177G>A;180G>C;183A>G;198G>T],NA,p.[Asp17Val;Arg29Ala],-0.7298051826588605,-0.7840421827677663,-0.665311625815488,0.0575901568963314,-1.4450893,0.8315013502840428,0.7403223915169661,0.9364760400466534
urn:mavedb:00000394-a-1#3835,c.[3C>T;9G>A;15A>G;18C>T;21C>T;39C>T;50A>T;51C>T;69T>C;72C>T;85C>G;120A>G;123T>C;126C>T;129G>A;144C>T;165G>A;171T>G;174A>G;177G>A;183A>G;198G>T;207T>C],NA,p.[Asp17Val;Arg29Gly],-1.2206198017990642,-1.2860090889546336,-1.1619839474311595,0.0385760373960405,-1.4346075,-0.2616706052770979,-0.519887718316294,-0.0784033715959892
urn:mavedb:00000394-a-1#3836,c.[21C>T;39C>T;42C>G;50A>T;51C>G;72C>T;75C>T;78C>T;84C>T;85C>A;86G>T;87T>G;90T>C;111G>C;114C>T;120A>G;123T>C;141A>G;165G>A;168G>A;177G>A],NA,p.[Asp17Val;Arg29Met],-0.5322760586161415,-0.5470652127129433,-0.5182296886929052,0.0409849898540853,-1.4590025,1.1651055188104107,1.142632573166814,1.1863554074884537
urn:mavedb:00000394-a-1#3837,c.[3C>T;6T>G;12C>T;21C>T;36T>C;48C>T;50A>T;51C>T;69T>C;72C>T;85C>T;87T>C;102T>C;120A>G;123T>C;129G>A;132C>T;165G>A;168G>A;177G>A],NA,p.[Asp17Val;Arg29Cys],-0.5076114681032131,-0.5448196850437207,-0.483493030146939,0.0500633409021632,-1.4534416,1.193991806724613,1.1375869091595303,1.2302236957740118
urn:mavedb:00000394-a-1#3838,c.[21C>T;36T>C;42C>G;50A>T;51C>T;57T>G;63G>C;75C>T;84C>T;86G>T;87T>C;120A>G;123T>C;141A>G;150C>T;153A>G;165G>A;171T>G;174A>G;177G>A;198G>T;207T>C],NA,p.[Asp17Val;Arg29Leu],-0.4123931020899701,-0.4343845786453968,-0.399573091439921,0.040620130097362,-1.4566922,1.340477661908768,1.308074738961183,1.3592923697709736
urn:mavedb:00000394-a-1#3839,c.[3C>T;6T>G;12C>T;21C>T;36T>C;42C>G;50A>T;51C>T;57T>G;69T>C;75C>T;85C>G;86G>T;120A>G;123T>C;141A>G;162G>C;165G>A;171T>G;180G>C],NA,p.[Asp17Val;Arg29Val],-0.5325373243960313,-0.580470737477815,-0.5057045038640505,0.0403190552803609,-1.4420266,1.1389231933137436,1.065265604086674,1.179653871570033
urn:mavedb:00000394-a-1#3840,c.[3C>T;6T>G;18C>T;21C>T;36T>C;42C>G;50A>T;51C>T;54G>A;72C>T;75C>T;78C>T;85C>A;86G>T;87T>C;120A>G;123T>C;141A>G;174A>G],NA,p.[Asp17Val;Arg29Ile],-0.467677870285604,-0.4932956757429596,-0.4277175660235534,0.0583891733886188,-1.4480925,1.245878733008081,1.207498173122858,1.3052324940585172
urn:mavedb:00000394-a-1#3841,c.[12C>T;21C>T;36T>C;42C>G;50A>T;51C>T;85C>T;87T>G;120A>G;123T>C;141A>G;165G>A;168G>A;171T>G;174A>G;177G>A;180G>C;183A>G;192C>T;195G>A;207T>C],NA,p.[Asp17Val;Arg29Trp],-0.5097175610779253,-0.5522595907847422,-0.4806468733287188,0.0571349479279142,-1.4894462,1.2447977545618871,1.1809012105969725,1.2880396424477274
urn:mavedb:00000394-a-1#3842,c.[3C>T;6T>G;21C>T;36T>C;42C>G;50A>T;51C>T;69T>C;72C>T;85C>T;86G>A;87T>C;120A>G;123T>C;141A>G;165G>A;171T>G;174A>G;177G>A;207T>C],NA,p.[Asp17Val;Arg29Tyr],-0.7740890550349679,-0.8033063011433067,-0.7160377654329165,0.0542124315348043,-1.4704776,0.8000467379546093,0.7507510671205112,0.8956140023878748
urn:mavedb:00000394-a-1#3843,c.[3C>T;9G>A;15A>G;21C>T;36T>C;42C>G;50A>T;51C>T;54G>A;84C>T;85C>T;86G>T;87T>C;120A>G;123T>C;126C>T;141A>G;168G>A;171T>G;174A>G;198G>T;207T>C],NA,p.[Asp17Val;Arg29Phe],-0.5212946654171556,-0.5864864114034084,-0.495405385961157,0.0430515009777746,-1.477911,1.210193910764489,1.1112640725572671,1.248957944852308
urn:mavedb:00000394-a-1#3844,c.[6T>G;9G>A;12C>T;21C>T;30G>C;42C>G;48C>T;50A>T;51C>T;72C>T;75C>T;86G>C;87T>G;90T>C;120A>G;123T>C;132C>T;141A>G;153A>G;165G>A;171T>G;174A>G;177G>A;180G>C;207T>C],NA,p.[Asp17Val;Arg29Pro],-1.1568565869072789,-1.2193725429057412,-1.1186171454351268,0.0280112203286157,-1.4289756,-0.0798481540771357,-0.2768429005155482,0.0247939160951273
urn:mavedb:00000394-a-1#3845,c.[6T>G;9G>A;15A>G;21C>T;36T>C;42C>G;49G>A;50A>T;72C>T;75C>T;78C>T;84C>T;86G>A;87T>G;120A>G;123T>C;141A>G;165G>A;171T>G;177G>A],NA,p.[Asp17Ile;Arg29Gln],-1.115096607547268,-1.1314554826678498,-1.0947784966861585,0.0241903296950443,-1.444067,0.072513289033828,0.0306679784440421,0.1225951599750846
urn:mavedb:00000394-a-1#3846,c.[21C>T;27G>A;36T>C;42C>G;49G>A;50A>T;72C>T;75C>T;85C>G;86G>A;87T>G;108G>C;120A>G;123T>C;138T>C;141A>G;165G>A;168G>A;177G>A;180G>C],NA,p.[Asp17Ile;Arg29Glu],-0.9848490051406708,-1.1053555952520295,-0.8875469135012561,0.0458502942726119,-1.432044,0.3411830081703677,0.0667654353231023,0.532488313444439
urn:mavedb:00000394-a-1#3847,c.[6T>G;9G>A;12C>T;21C>T;36T>C;42C>G;48C>T;49G>A;50A>T;75C>T;85C>A;86G>A;87T>C;120A>G;129G>A;141A>G;147G>C;165G>A;171T>G;174A>G;177G>A;186A>G],NA,p.[Asp17Ile;Arg29Asn],-1.2800292143486351,-1.3468645696306598,-1.207375378542841,0.0262586865656909,-1.4400873,-0.4686941336961991,-0.8290190756575229,-0.1994451023655476
urn:mavedb:00000394-a-1#3848,c.[6T>G;9G>A;21C>T;36T>C;42C>G;49G>A;50A>T;63G>C;66G>A;69T>C;72C>T;86G>A;87T>C;99G>C;123T>C;135C>T;141A>G;165G>A;171T>G;174A>G;177G>A;186A>G],NA,p.[Asp17Ile;Arg29His],-1.0132542123367283,-1.0418243364792323,-0.97746035350564,0.0291967759216399,-1.4389534,0.2958807182530905,0.2335302062603565,0.3706228083526329
urn:mavedb:00000394-a-1#3849,c.[3C>T;21C>T;36T>C;42C>G;49G>A;50A>T;69T>C;72C>T;75C>T;85C>G;86G>A;87T>C;99G>C;102T>C;114C>T;120A>G;123T>C;129G>A;165G>A;171T>G;174A>G;177G>A;207T>C],NA,p.[Asp17Ile;Arg29Asp],-1.190739628584449,-1.2236593467766728,-1.160153373927852,0.0427081650333123,-1.4306202,-0.1766247090701059,-0.2861066146747021,-0.0845987289040555
urn:mavedb:00000394-a-1#3850,c.[6T>G;9G>A;12C>T;21C>T;36T>C;42C>G;49G>A;50A>T;72C>T;75C>T;85C>A;86G>A;87T>A;120A>G;123T>C;141A>G;162G>C;165G>A;168G>A;177G>A;207T>C],NA,p.[Asp17Ile;Arg29Lys],-1.1338783765155938,-1.157008446299718,-1.0811621818770731,0.0253064360556338,-1.4873786,0.132721827981764,0.0760148146786109,0.2536285145782673
urn:mavedb:00000394-a-1#3851,c.[21C>T;42C>G;49G>A;50A>T;85C>A;86G>C;87T>C;120A>G;123T>C;141A>G;165G>A;171T>G;174A>G;177G>A],NA,p.[Asp17Ile;Arg29Thr],-1.103435608695297,-1.1722168939389035,-0.9732380100268698,0.0303672480267398,-1.4427915,0.0983600547010572,-0.0842917290274693,0.3869935305286915
urn:mavedb:00000394-a-1#3852,c.[21C>T;36T>C;42C>G;49G>A;50A>T;85C>T;86G>C;120A>G;123T>C;141A>G;165G>A;171T>G;174A>G;177G>A;180G>C],NA,p.[Asp17Ile;Arg29Ser],-1.084930425385445,-1.116425832531892,-1.0424757255399868,0.0335258695279384,-1.4414868,0.1400464310581829,0.0626438861440563,0.2377181662370265
urn:mavedb:00000394-a-1#3853,c.[6T>G;9G>A;15A>G;21C>T;36T>C;42C>G;49G>A;50A>T;60T>C;69T>C;84C>T;85C>G;86G>C;120A>G;141A>G;165G>A;168G>A;174A>G;207T>C],NA,p.[Asp17Ile;Arg29Ala],-0.8739939535990362,-0.9147209738631896,-0.8377904957702966,0.044493154669053,-1.4546356,0.5989791007706792,0.523891292538055,0.6636423891259253
urn:mavedb:00000394-a-1#3854,c.[3C>T;6T>G;9G>A;12C>T;21C>T;36T>C;42C>G;49G>A;50A>T;54G>A;63G>C;72C>T;75C>T;85C>G;120A>G;123T>C;126C>T;132C>T;141A>G;165G>A;171T>G;177G>A;180G>C;186A>G;195G>A;207T>C],NA,p.[Asp17Ile;Arg29Gly],-0.9723042823799716,-1.0143098502093948,-0.9398759755571529,0.0452210921502545,-1.4442735,0.391869220944422,0.3049692927774319,0.4560537013394319
urn:mavedb:00000394-a-1#3855,c.[21C>T;36T>C;42C>G;49G>A;50A>T;69T>C;72C>T;78C>T;84C>T;85C>A;86G>T;87T>G;120A>G;123T>C;141A>G;165G>A;168G>A;171T>G;174A>G;177G>A;183A>G;198G>T],NA,p.[Asp17Ile;Arg29Met],-0.6170628315663305,-0.6358469025149853,-0.555677198289945,0.0634315025511725,-1.4683919,1.0493605448234065,1.0200384571951284,1.1438053455390866
urn:mavedb:00000394-a-1#3856,c.[6T>G;9G>A;12C>T;21C>T;36T>C;42C>G;49G>A;50A>T;69T>C;72C>T;85C>T;87T>C;120A>G;123T>C;135C>T;141A>G;165G>A;171T>G;174A>G;177G>A;198G>T;207T>C],NA,p.[Asp17Ile;Arg29Cys],-0.5425625594080348,-0.5884903973686992,-0.4701122405362897,0.0525441996585099,-1.4628944,1.155396585839826,1.0851056078750414,1.2642914837863073
urn:mavedb:00000394-a-1#3857,c.[12C>T;21C>T;36T>C;42C>G;49G>A;50A>T;63G>C;86G>T;87T>G;114C>T;120A>G;123T>C;126C>T;141A>G;165G>A;171T>G;174A>G;177G>A;207T>C],NA,p.[Asp17Ile;Arg29Leu],-0.3665148700747684,-0.3803812966416075,-0.3461321240077178,0.0364696314969483,-1.4661083,1.42124480343431,1.4010737534903297,1.4507962574700717
urn:mavedb:00000394-a-1#3858,c.[3C>T;21C>T;42C>G;49G>A;50A>T;57T>G;85C>G;86G>T;120A>G;123T>C;129G>A;141A>G;165G>A;171T>G;174A>G;177G>A],NA,p.[Asp17Ile;Arg29Val],-0.5443755663366585,-0.5881667162963589,-0.4971072430735962,0.0603529473437291,-1.4516077,1.135469593422349,1.0681752070360904,1.2070477998379368
urn:mavedb:00000394-a-1#3859,c.[3C>T;6T>G;15A>G;21C>T;36T>C;42C>G;49G>A;50A>T;75C>T;85C>A;86G>T;87T>C;105C>T;120A>G;123T>C;135C>T;141A>G;165G>A;168G>A;174A>G;180G>C;183A>G;207T>C],NA,p.[Asp17Ile;Arg29Ile],-0.4797745445392802,-0.5171353987877814,-0.410257232398587,0.0716543056345137,-1.4576049,1.2420056780945443,1.185899285534175,1.3449551238729274
urn:mavedb:00000394-a-1#3860,c.[12C>T;21C>T;36T>C;42C>G;49G>A;50A>T;75C>T;85C>T;87T>G;120A>G;123T>C;141A>G;165G>A;171T>G;174A>G;177G>A;198G>T],NA,p.[Asp17Ile;Arg29Trp],-0.4728211576200148,-0.5086274962365263,-0.4331383288865611,0.0460212384175145,-1.4984965,1.3129851951271925,1.2599061905524185,1.371287727756855
urn:mavedb:00000394-a-1#3861,c.[18C>T;21C>T;36T>C;42C>G;49G>A;50A>T;66G>A;72C>T;75C>T;85C>T;86G>A;87T>C;120A>G;123T>C;129G>A;141A>G;144C>T;165G>A;168G>A;171T>G;180G>C],NA,p.[Asp17Ile;Arg29Tyr],-0.4410952407623817,-0.4844379483997676,-0.4001228018360745,0.0626779191803599,-1.4797392,1.3321246914506384,1.2680150999466564,1.3921436361748785
urn:mavedb:00000394-a-1#3862,c.[21C>T;36T>C;42C>G;49G>A;50A>T;85C>T;86G>T;87T>C;120A>G;123T>C;132C>T;141A>G;165G>A;171T>G;174A>G;177G>A],NA,p.[Asp17Ile;Arg29Phe],-0.4828321027314617,-0.5200045895728089,-0.4593082762469226,0.038799819909723,-1.4870911,1.2813104020515378,1.2258923137278033,1.316111393052395
urn:mavedb:00000394-a-1#3863,c.[21C>T;36T>C;42C>G;49G>A;50A>T;72C>T;75C>T;86G>C;87T>G;120A>G;123T>C;141A>G],NA,p.[Asp17Ile;Arg29Pro],-1.0612265399707947,-1.1788610924510563,-0.9992274302696263,0.0298826267716227,-1.4387059,0.1890446459390232,-0.1156518681501022,0.3250668268506232
urn:mavedb:00000394-a-1#3864,c.[21C>T;36T>C;42C>G;49G>T;50A>G;51C>G;75C>T;86G>A;87T>G;120A>G;123T>C;141A>G;165G>A;171T>G;174A>G;177G>A;198G>T],NA,p.[Asp17Trp;Arg29Gln],-0.917993782931574,-0.9347260847395762,-0.8859330382488916,0.0282890790649262,-1.4473529,0.503978779077925,0.4719863416464246,0.5638766793240257
urn:mavedb:00000394-a-1#3865,c.[6T>G;9G>A;21C>T;36T>C;42C>G;49G>T;50A>G;51C>G;60T>C;69T>C;72C>T;85C>G;86G>A;87T>A;120A>G;123T>C;132C>T;141A>G;153A>G;168G>A;177G>A;207T>C],NA,p.[Asp17Trp;Arg29Glu],-0.9339019322381324,-1.0078698356510645,-0.8727883803237787,0.0327196524548559,-1.4353776,0.450367561086127,0.2997441232041283,0.5660355398112118
urn:mavedb:00000394-a-1#3866,c.[3C>T;15A>G;21C>T;24C>T;36T>C;42C>G;48C>T;49G>T;50A>G;51C>G;57T>G;66G>A;72C>T;75C>T;78C>T;85C>A;86G>A;87T>C;102T>C;120A>G;123T>C;141A>G;165G>A;168G>A;177G>A],NA,p.[Asp17Trp;Arg29Asn],-0.8585644960235614,-0.920034118444925,-0.7777307348535513,0.0570242874973171,-1.4433899,0.6065526073226396,0.4925631960242777,0.7481941586527978
urn:mavedb:00000394-a-1#3867,c.[21C>T;36T>C;42C>G;49G>T;50A>G;51C>G;57T>G;72C>T;75C>T;86G>A;87T>C;120A>G;123T>C;141A>G;177G>A],NA,p.[Asp17Trp;Arg29His],-0.8302669715196263,-0.8748328542227309,-0.7883593591028465,0.0497241670909927,-1.4422593,0.6550859155659675,0.5749114294739396,0.7280812782692881
urn:mavedb:00000394-a-1#3868,c.[21C>T;36T>C;42C>G;49G>T;50A>G;51C>G;85C>G;86G>A;87T>C;120A>G;123T>C;141A>G;165G>A;168G>A;177G>A;180G>C],NA,p.[Asp17Trp;Arg29Asp],-1.0674467116650703,-1.0964596957561903,-0.9734852916071608,0.0417271273736138,-1.43396,0.1635879446695025,0.0937838840936776,0.3685452414153151
urn:mavedb:00000394-a-1#3869,c.[6T>G;9G>A;21C>T;36T>C;42C>G;49G>T;50A>G;51C>G;57T>G;69T>C;85C>A;86G>A;87T>A;120A>G;123T>C;132C>T;141A>G;177G>A],NA,p.[Asp17Trp;Arg29Lys],-0.7775349636453732,-0.8204147807086574,-0.7573754629820857,0.0424540449702395,-1.4904985,0.8276247772240166,0.7556914199549521,0.8608464615448516
urn:mavedb:00000394-a-1#3870,c.[3C>T;6T>G;21C>T;42C>G;49G>T;50A>G;51C>G;85C>A;86G>C;87T>C;120A>G;123T>C;141A>G;165G>A;171T>G;174A>G;177G>A],NA,p.[Asp17Trp;Arg29Thr],-0.9631844193267344,-1.0622759117719325,-0.8869380605832827,0.0425554644908566,-1.4460826,0.4137595124033469,0.2035201669888588,0.5596834151279839
urn:mavedb:00000394-a-1#3871,c.[3C>T;6T>G;21C>T;36T>C;39C>T;49G>T;50A>G;51C>G;60T>C;69T>C;72C>T;85C>T;86G>C;120A>G;123T>C;141A>G;165G>A;171T>G;174A>G;177G>A],NA,p.[Asp17Trp;Arg29Ser],-0.9063767942595672,-0.9940250610597684,-0.8176694231182561,0.0491599843169739,-1.4447842,0.5210647075440216,0.3485662144771707,0.6816728488557179
urn:mavedb:00000394-a-1#3872,c.[3C>T;6T>G;21C>T;36T>C;42C>G;49G>T;50A>G;51C>G;75C>T;84C>T;85C>G;86G>C;120A>G;141A>G;165G>A;171T>G;174A>G;177G>A;207T>C],NA,p.[Asp17Trp;Arg29Ala],-0.7374525411925736,-0.7802729084356594,-0.68094471686113,0.0492471437080758,-1.4578815,0.8399936532714662,0.7684700429721186,0.9319096355934494
urn:mavedb:00000394-a-1#3873,c.[3C>T;6T>G;36T>C;42C>G;48C>T;49G>T;50A>G;51C>G;57T>G;85C>G;120A>G;123T>C;135C>T;141A>G;165G>A;171T>G;174A>G;177G>A;180G>C;207T>C],NA,p.[Asp17Trp;Arg29Gly],-0.9621316748560264,-1.0330093626646706,-0.9337910092874347,0.0391580429132174,-1.4475589,0.4187858946188242,0.2718520892342835,0.4741850471450116
urn:mavedb:00000394-a-1#3874,c.[21C>T;36T>C;42C>G;49G>T;50A>G;51C>G;84C>T;85C>A;86G>T;87T>G;120A>G;123T>C;141A>G;168G>A;171T>G;174A>G;177G>A],NA,p.[Asp17Trp;Arg29Met],-0.2073911351291221,-0.2749804280271046,-0.1716389507269538,0.0558153569600928,-1.4715843,1.6570093494792733,1.5609305228906984,1.707486388550138
urn:mavedb:00000394-a-1#3875,c.[3C>T;6T>G;21C>T;36T>C;42C>G;49G>T;50A>G;51C>G;72C>T;75C>T;85C>T;87T>C;120A>G;123T>C;132C>T;135C>T;138T>C;141A>G;153A>G;171T>G;174A>G;192C>T;195G>A;207T>C],NA,p.[Asp17Trp;Arg29Cys],-0.5317676982986024,-0.5721955516716911,-0.4537515131333077,0.0828984684959488,-1.4661074,1.1766254111771923,1.115089470777493,1.293341894704274
urn:mavedb:00000394-a-1#3876,c.[15A>G;21C>T;24C>T;36T>C;42C>G;49G>T;50A>G;51C>G;63G>C;86G>T;87T>G;120A>G;123T>C;129G>A;141A>G;165G>A;171T>G;174A>G;177G>A],NA,p.[Asp17Trp;Arg29Leu],-0.3078770316498495,-0.3689249500285873,-0.2530278774890257,0.0646561443294484,-1.4693093,1.5105556208452455,1.4223878510200605,1.5890026249055431
urn:mavedb:00000394-a-1#3877,c.[3C>T;6T>G;21C>T;36T>C;42C>G;49G>T;50A>G;51C>G;63G>C;69T>C;72C>T;85C>G;86G>T;120A>G;123T>C;141A>G;165G>A;168G>A;174A>G],NA,p.[Asp17Trp;Arg29Val],-0.4419048554407201,-0.4705570013413735,-0.4157086075557432,0.0541959647722617,-1.4548645,1.2942528146455088,1.2516779133278415,1.3329172130199989
urn:mavedb:00000394-a-1#3878,c.[6T>G;9G>A;21C>T;36T>C;39C>T;42C>G;49G>T;50A>G;51C>G;57T>G;69T>C;78C>T;85C>A;86G>T;87T>C;120A>G;123T>C;141A>G;174A>G;189G>A],NA,p.[Asp17Trp;Arg29Ile],-0.2697977111565616,-0.3147025028334741,-0.242881804217115,0.054473776230401,-1.4608383,1.5530044523358493,1.4885711108287651,1.5914083933132892
urn:mavedb:00000394-a-1#3879,c.[21C>T;36T>C;42C>G;49G>T;50A>G;51C>G;72C>T;75C>T;85C>T;87T>G;99G>C;120A>G;123T>C;135C>T;141A>G;165G>A;171T>G;174A>G;177G>A],NA,p.[Asp17Trp;Arg29Trp],-0.3316851830701275,-0.3871303078500212,-0.2969676623723344,0.0650035925819841,-1.5015726,1.5226268591552092,1.442720310368642,1.5722863434310197
urn:mavedb:00000394-a-1#3880,c.[21C>T;36T>C;49G>T;50A>G;51C>G;72C>T;75C>T;85C>T;86G>A;87T>C;114C>T;120A>G;123T>C;141A>G;144C>T;165G>A;171T>G;174A>G;177G>A],NA,p.[Asp17Trp;Arg29Tyr],-0.338051290753656,-0.3576692373454892,-0.3110182676927055,0.0443549071425792,-1.4828882,1.4866562151195652,1.4583473272053809,1.5255077861901103
urn:mavedb:00000394-a-1#3881,c.[9G>A;12C>T;21C>T;36T>C;42C>G;49G>T;50A>G;51C>G;63G>C;72C>T;75C>T;85C>T;86G>T;87T>C;114C>T;120A>G;123T>C;126C>T;141A>G;150C>T;165G>A;168G>A;174A>G;189G>A],NA,p.[Asp17Trp;Arg29Phe],-0.4271167890177119,-0.4504079171569338,-0.4008711808783523,0.0500573745428712,-1.4902115,1.3679889935246028,1.3338149810083495,1.406293675107747
urn:mavedb:00000394-a-1#3882,c.[3C>T;6T>G;18C>T;21C>T;27G>A;36T>C;42C>G;49G>T;50A>G;51C>G;78C>T;86G>C;87T>A;90T>C;93C>T;120A>G;123T>C;141A>G;165G>A;168G>A;177G>A;180G>C;192C>T],NA,p.[Asp17Trp;Arg29Pro],-0.8670650956902864,-0.9226118558131272,-0.791103801784248,0.0482753653587073,-1.4420137,0.5886476294622619,0.4850071241484138,0.7229425457012852
urn:mavedb:00000394-a-1#3883,c.[21C>T;36T>C;42C>G;49G>T;69T>C;72C>T;86G>A;87T>G;120A>G;123T>C;141A>G;171T>G;174A>G;177G>A],NA,p.[Asp17Tyr;Arg29Gln],-0.9702965668468284,-1.002281753968526,-0.95042641894636,0.0263807203305122,-1.4408226,0.3889592499869143,0.3230969649459899,0.4286248156300744
urn:mavedb:00000394-a-1#3884,c.[3C>T;6T>G;12C>T;21C>T;36T>C;42C>G;49G>T;72C>T;75C>T;85C>G;86G>A;87T>A;120A>G;123T>C;141A>G;153A>G;165G>A;168G>A;174A>G],NA,p.[Asp17Tyr;Arg29Glu],-1.052758142620565,-1.0840357857441527,-1.0158922368345589,0.0372264415285803,-1.4287529,0.1856292787189095,0.1115030848930837,0.268187038244683
urn:mavedb:00000394-a-1#3885,c.[6T>G;9G>A;12C>T;21C>T;36T>C;42C>G;49G>T;54G>A;60T>C;69T>C;72C>T;85C>A;86G>A;87T>C;120A>G;123T>C;141A>G;162G>C;165G>A;171T>G;177G>A;207T>C],NA,p.[Asp17Tyr;Arg29Asn],-1.0711273824752627,-1.1143440929916666,-1.0291383740758746,0.0402638258095861,-1.4368281,0.1616813746435525,0.0560955983275347,0.2568829231828845
urn:mavedb:00000394-a-1#3886,c.[3C>T;6T>G;12C>T;21C>T;36T>C;42C>G;49G>T;86G>A;87T>C;120A>G;123T>C;126C>T;141A>G;165G>A;171T>G;174A>G;177G>A],NA,p.[Asp17Tyr;Arg29His],-0.9175294991083984,-0.9333329183384572,-0.8806535083976939,0.0236477004394002,-1.4356899,0.482631547399201,0.4520856685017574,0.5520955647184635
urn:mavedb:00000394-a-1#3887,c.[3C>T;6T>G;9G>A;21C>T;36T>C;42C>G;49G>T;63G>C;72C>T;75C>T;85C>G;86G>A;87T>C;108G>C;120A>G;123T>C;135C>T;141A>G;165G>A;168G>A;177G>A;180G>C],NA,p.[Asp17Tyr;Arg29Asp],-0.9958371384679884,-1.0406142742847602,-0.951691452206078,0.0428651125461699,-1.4273238,0.3082102481630738,0.210119756640185,0.3992451791890239
urn:mavedb:00000394-a-1#3888,c.[3C>T;6T>G;12C>T;21C>T;36T>C;42C>G;49G>T;51C>T;54G>A;60T>C;69T>C;72C>T;85C>A;86G>A;87T>A;120A>G;141A>G;165G>A;168G>A;171T>G;174A>G;177G>A;195G>A],NA,p.[Asp17Tyr;Arg29Lys],-0.8404099524373492,-0.8506666624956358,-0.80843758438684,0.0313702173265764,-1.4842997,0.7108099471188509,0.6930201568968615,0.7654966110843591
urn:mavedb:00000394-a-1#3889,c.[12C>T;36T>C;42C>G;49G>T;72C>T;75C>T;84C>T;85C>A;86G>C;87T>C;102T>C;120A>G;123T>C;141A>G;165G>A;168G>A;171T>G;174A>G;177G>A;183A>G],NA,p.[Asp17Tyr;Arg29Thr],-1.0303896066112768,-1.0799314520231942,-1.0071471954598252,0.0364351469639721,-1.4395428,0.2600888917721791,0.1473136089526898,0.3101319287394513
urn:mavedb:00000394-a-1#3890,c.[6T>G;9G>A;15A>G;21C>T;36T>C;42C>G;49G>T;63G>C;72C>T;75C>T;78C>T;85C>T;86G>C;102T>C;108G>C;123T>C;141A>G;174A>G],NA,p.[Asp17Tyr;Arg29Ser],-1.0230294674758715,-1.1252074018309182,-0.945351246427832,0.0675782843413944,-1.4382343,0.2732783516706081,0.031750486794885,0.4335284945997982
urn:mavedb:00000394-a-1#3891,c.[21C>T;42C>G;49G>T;72C>T;75C>T;78C>T;85C>G;86G>C;120A>G;141A>G;177G>A],NA,p.[Asp17Tyr;Arg29Ala],-0.7520796311116009,-0.7941638496478415,-0.7039534715605579,0.0423788247258454,-1.4514332,0.8050156623073704,0.7338538422855851,0.8843236344214235
urn:mavedb:00000394-a-1#3892,c.[3C>T;6T>G;15A>G;18C>T;21C>T;36T>C;42C>G;49G>T;69T>C;72C>T;85C>G;120A>G;123T>C;141A>G;168G>A;177G>A],NA,p.[Asp17Tyr;Arg29Gly],-1.0849519198804225,-1.1497120322334644,-1.044759772235903,0.0375166514137162,-1.4410305,0.1389064953323801,-0.0261062030203297,0.2316149228662334
urn:mavedb:00000394-a-1#3893,c.[9G>A;21C>T;49G>T;57T>G;60T>C;72C>T;75C>T;84C>T;85C>A;86G>T;87T>G;114C>T;120A>G;123T>C;141A>G;144C>T;165G>A;168G>A;171T>G;177G>A],NA,p.[Asp17Tyr;Arg29Met],-0.5373712731087945,-0.5480183252586724,-0.5195237085772632,0.0439115349805068,-1.4652419,1.1668321638032952,1.1506698370287158,1.1938077733491947
urn:mavedb:00000394-a-1#3894,c.[21C>T;36T>C;42C>G;49G>T;85C>T;87T>C;120A>G;123T>C;141A>G;165G>A;171T>G;174A>G;177G>A;207T>C],NA,p.[Asp17Tyr;Arg29Cys],-0.378737498594462,-0.4349104862868482,-0.3557237651148778,0.0452388704224235,-1.4597225,1.394173991391285,1.311768484336889,1.4276533328695753
urn:mavedb:00000394-a-1#3895,c.[6T>G;9G>A;12C>T;21C>T;36T>C;42C>G;49G>T;72C>T;75C>T;86G>T;87T>G;120A>G;123T>C;141A>G;165G>A;168G>A;177G>A],NA,p.[Asp17Tyr;Arg29Leu],-0.2687774784135866,-0.2883609517047915,-0.2548733419792817,0.0350529059384773,-1.4629493,1.557475321456551,1.529447457822996,1.5773236183192836
urn:mavedb:00000394-a-1#3896,c.[3C>T;18C>T;21C>T;49G>T;60T>C;85C>G;86G>T;120A>G;123T>C;138T>C;141A>G;162G>C;165G>A;168G>A],NA,p.[Asp17Tyr;Arg29Val],-0.6075421005285475,-0.6784575945090253,-0.5601206438997985,0.070633301558126,-1.4483929,1.0330504794388278,0.9206666847178416,1.1064611111641276
urn:mavedb:00000394-a-1#3897,c.[21C>T;36T>C;49G>T;75C>T;85C>A;86G>T;105C>T;120A>G;138T>C;141A>G;165G>A;171T>G;174A>G;177G>A],NA,p.[Asp17Tyr;Arg29Ile],-0.3256281751283983,-0.3594038222484011,-0.3038809835037522,0.0559812342410507,-1.4544125,1.4635546812480884,1.414602996755227,1.4949131620197162
urn:mavedb:00000394-a-1#3898,c.[6T>G;9G>A;21C>T;36T>C;42C>G;49G>T;60T>C;66G>A;78C>T;85C>T;87T>G;120A>G;123T>C;141A>G;165G>A;168G>A;171T>G;174A>G],NA,p.[Asp17Tyr;Arg29Trp],-0.504744184672809,-0.5470323071513803,-0.4831495776957802,0.0383303181318296,-1.4954596,1.2611704451770396,1.197852449784812,1.2932317749606317
urn:mavedb:00000394-a-1#3899,c.[21C>T;36T>C;42C>G;49G>T;85C>T;86G>A;87T>C;108G>C;111G>C;120A>G;123T>C;141A>G;165G>A;168G>A;177G>A],NA,p.[Asp17Tyr;Arg29Tyr],-0.4653305606463618,-0.5030645265878833,-0.4501705223461719,0.0579799382770405,-1.4766312,1.2917636932707186,1.2356063684922145,1.314176144202645
urn:mavedb:00000394-a-1#3900,c.[21C>T;36T>C;42C>G;49G>T;72C>T;75C>T;85C>T;86G>T;87T>C;114C>T;120A>G;123T>C;132C>T;141A>G;165G>A;168G>A;177G>A],NA,p.[Asp17Tyr;Arg29Phe],-0.350666308825296,-0.3597768292971582,-0.3220029030942129,0.0381690046385719,-1.4840107,1.4700823454352183,1.4569211094881025,1.511352190302289
urn:mavedb:00000394-a-1#3901,c.[6T>G;9G>A;12C>T;21C>T;36T>C;42C>G;49G>T;54G>A;66G>A;72C>T;75C>T;86G>C;87T>G;99G>C;120A>G;123T>C;132C>T;141A>G;174A>G],NA,p.[Asp17Tyr;Arg29Pro],-0.8705420428124866,-0.91311844929145,-0.849067146190827,0.0547583130155044,-1.4354415,0.5702810672960921,0.4905963577757631,0.6093523663810463
urn:mavedb:00000394-a-1#3902,c.[6T>G;9G>A;15A>G;21C>T;36T>C;49G>T;50A>T;69T>C;72C>T;75C>T;86G>A;87T>G;93C>T;102T>C;120A>G;123T>C;129G>A;141A>G;180G>C],NA,p.[Asp17Phe;Arg29Gln],-0.9361007756137452,-0.9803555239319796,-0.9088211994266604,0.04037535155848,-1.4535847,0.4813251301453111,0.3944029191409194,0.5329748059422155
urn:mavedb:00000394-a-1#3903,c.[3C>T;6T>G;21C>T;36T>C;42C>G;49G>T;50A>T;85C>G;86G>A;87T>G;120A>G;123T>C;141A>G;165G>A;171T>G;174A>G;177G>A;207T>C],NA,p.[Asp17Phe;Arg29Glu],-1.1182861462247329,-1.1930597926547606,-1.043058504157244,0.0387677010240826,-1.4416995,0.0584601693119789,-0.1494300802128678,0.2368953278713245
urn:mavedb:00000394-a-1#3904,c.[21C>T;36T>C;49G>T;50A>T;72C>T;75C>T;85C>A;86G>A;87T>C;114C>T;120A>G;123T>C;126C>T;141A>G;165G>A;168G>A;177G>A],NA,p.[Asp17Phe;Arg29Asn],-0.980486949994504,-1.042762950573149,-0.9380981750142836,0.0391490826001887,-1.4496508,0.3862026520861351,0.2551177673034923,0.4699129576312989
urn:mavedb:00000394-a-1#3905,c.[6T>G;9G>A;15A>G;21C>T;36T>C;42C>G;49G>T;50A>T;63G>C;72C>T;75C>T;86G>A;87T>C;114C>T;120A>G;123T>C;129G>A;141A>G;165G>A;171T>G;174A>G],NA,p.[Asp17Phe;Arg29His],-0.8123724707534481,-0.8461970086316063,-0.73249250360966,0.0595783935118913,-1.4485292,0.6974313750818512,0.6379411881235768,0.8327438463974765
urn:mavedb:00000394-a-1#3906,c.[6T>G;9G>A;15A>G;21C>T;36T>C;42C>G;49G>T;50A>T;72C>T;75C>T;85C>G;86G>A;87T>C;99G>C;120A>G;123T>C;132C>T;141A>G;165G>A;171T>G;174A>G;177G>A],NA,p.[Asp17Phe;Arg29Asp],-1.2817331776470176,-1.3294998603274926,-1.2270618269302065,0.0391657175795658,-1.4402924,-0.4752134279678973,-0.7166772597646572,-0.2642748571320052
urn:mavedb:00000394-a-1#3907,c.[9G>A;21C>T;36T>C;42C>G;49G>T;50A>T;60T>C;72C>T;75C>T;85C>A;86G>A;87T>A;108G>C;120A>G;123T>C;129G>A;141A>G;165G>A;168G>A;174A>G],NA,p.[Asp17Phe;Arg29Lys],-0.7846866669737489,-0.8139691984894647,-0.7434128409485365,0.0381327057788072,-1.4964147,0.82557277830242,0.7766129633815092,0.8932609635479299
urn:mavedb:00000394-a-1#3908,c.[3C>T;6T>G;9G>A;12C>T;21C>T;36T>C;42C>G;49G>T;50A>T;54G>A;84C>T;85C>A;86G>C;87T>C;114C>T;120A>G;123T>C;141A>G;165G>A;168G>A;171T>G;174A>G;177G>A;189G>A;195G>A],NA,p.[Asp17Phe;Arg29Thr],-0.8122523191100599,-0.9384412360585428,-0.7586696769793287,0.0733685058907067,-1.4523239,0.7042221788106429,0.4744037368772554,0.7954828401115746
urn:mavedb:00000394-a-1#3909,c.[3C>T;6T>G;21C>T;36T>C;42C>G;49G>T;50A>T;85C>T;86G>C;120A>G;123T>C;141A>G;165G>A;171T>G;174A>G;177G>A;207T>C],NA,p.[Asp17Phe;Arg29Ser],-0.9836142682547784,-1.003197622750666,-0.9704848990861152,0.0253929123911005,-1.451035,0.382673143255538,0.3425090510033026,0.4090770543295995
urn:mavedb:00000394-a-1#3910,c.[21C>T;36T>C;49G>T;50A>T;84C>T;85C>G;86G>C;93C>T;108G>C;120A>G;123T>C;126C>T;141A>G;165G>A;171T>G;174A>G;192C>T;195G>A],NA,p.[Asp17Phe;Arg29Ala],-0.4263904665810313,-0.4899366402048379,-0.3988411034402642,0.1413744205472098,-1.464035,1.3306782851606354,1.2364185063892663,1.3711033460996822
urn:mavedb:00000394-a-1#3911,c.[21C>T;36T>C;42C>G;49G>T;50A>T;72C>T;75C>T;85C>G;120A>G;123T>C;171T>G;177G>A],NA,p.[Asp17Phe;Arg29Gly],-0.8614061735466976,-0.9020030356511658,-0.8033502710804538,0.0563671229806396,-1.4537892,0.6201513087393141,0.5460583218505911,0.7221242476701855
urn:mavedb:00000394-a-1#3912,c.[21C>T;36T>C;42C>G;49G>T;50A>T;69T>C;72C>T;84C>T;85C>A;86G>T;87T>G;120A>G;123T>C;141A>G;165G>A;168G>A;177G>A],NA,p.[Asp17Phe;Arg29Met],-0.4710348139915146,-0.4895261175726298,-0.455886241451144,0.0335207477269318,-1.4776392,1.2848025302971424,1.257318737400894,1.307223557402931
urn:mavedb:00000394-a-1#3913,c.[3C>T;6T>G;21C>T;36T>C;42C>G;49G>T;50A>T;72C>T;75C>T;85C>T;87T>C;120A>G;123T>C;171T>G;174A>G;177G>A;198G>T],NA,p.[Asp17Phe;Arg29Cys],-0.3423393154432592,-0.3601067797189477,-0.3287945897629518,0.048316054214184,-1.4722018,1.4650772842430588,1.4393722106727591,1.484617415054717
urn:mavedb:00000394-a-1#3914,c.[3C>T;6T>G;12C>T;21C>T;36T>C;42C>G;49G>T;50A>T;86G>T;87T>G;120A>G;123T>C;129G>A;141A>G;165G>A;168G>A;171T>G;174A>G;177G>A],NA,p.[Asp17Phe;Arg29Leu],-0.147839717703117,-0.1814510971778835,-0.1120316655007815,0.0407837750070029,-1.4753814,1.7462922930141962,1.698998628393775,1.796487752311089
urn:mavedb:00000394-a-1#3915,c.[21C>T;36T>C;42C>G;49G>T;50A>T;85C>G;86G>T;120A>G;123T>C;141A>G;168G>A;177G>A;198G>T],NA,p.[Asp17Phe;Arg29Val],-0.5695909017887553,-0.6366091389874245,-0.4776596861074911,0.079839820417983,-1.461041,1.111322029125841,1.0073140593278425,1.250287667455651
urn:mavedb:00000394-a-1#3916,c.[9G>A;12C>T;21C>T;36T>C;42C>G;49G>T;50A>T;72C>T;75C>T;85C>A;86G>T;87T>C;120A>G;123T>C;141A>G;171T>G;177G>A;183A>G],NA,p.[Asp17Phe;Arg29Ile],-0.411641967469492,-0.4311458414757126,-0.3817477993066182,0.0505183734294968,-1.4669709,1.3566512560469015,1.3279950097509097,1.4003381693947976
urn:mavedb:00000394-a-1#3917,c.[3C>T;6T>G;21C>T;42C>G;49G>T;50A>T;51C>T;85C>T;87T>G;111G>C;120A>G;123T>C;132C>T;141A>G;165G>A;168G>A;171T>G;174A>G;177G>A;180G>C;183A>G;207T>C],NA,p.[Asp17Phe;Arg29Trp],-0.2785414060423384,-0.2924579004263394,-0.2670406635368418,0.0413518457741531,-1.5074077,1.6068221086834151,1.5870199369245503,1.623157553932634
urn:mavedb:00000394-a-1#3918,c.[6T>G;9G>A;12C>T;21C>T;36T>C;42C>G;49G>T;50A>T;72C>T;75C>T;85C>T;86G>A;87T>C;120A>G;123T>C;141A>G;174A>G],NA,p.[Asp17Phe;Arg29Tyr],-0.5251866495502415,-0.5486537468461018,-0.494978426065294,0.0476689900806095,-1.4888606,1.2207747560143811,1.1854639950158703,1.265891981776305
urn:mavedb:00000394-a-1#3919,c.[3C>T;6T>G;21C>T;36T>C;42C>G;49G>T;50A>T;85C>T;86G>T;87T>C;120A>G;123T>C;141A>G;174A>G],NA,p.[Asp17Phe;Arg29Phe],-0.3351303570013749,-0.3686871095515678,-0.3034673053892205,0.0490693543509664,-1.4961305,1.5098807629161983,1.461537893828853,1.55524669845555
urn:mavedb:00000394-a-1#3920,c.[3C>T;12C>T;21C>T;36T>C;42C>G;49G>T;50A>T;63G>C;78C>T;86G>C;87T>G;120A>G;123T>C;141A>G;165G>A;171T>G;174A>G;198G>T],NA,p.[Asp17Phe;Arg29Pro],-0.8721492443758064,-0.9423871178206636,-0.7688048508514954,0.0629396921249852,-1.4482851,0.5908041478717286,0.4589672004285096,0.7716407583761629
urn:mavedb:00000394-a-1#3921,c.[21C>T;36T>C;42C>G;48C>T;49G>C;50A>C;51C>A;72C>T;75C>T;86G>A;87T>G;120A>G;123T>C;141A>G;165G>A;168G>A;171T>G;174A>G;177G>A],NA,p.[Asp17Pro;Arg29Gln],-1.3614891987509206,-1.388569288646626,-1.3212274405612237,0.0304943151875953,-1.4232745,-1.0892073084059566,-1.4421594447101882,-0.7704443710928927
urn:mavedb:00000394-a-1#3922,c.[6T>G;9G>A;21C>T;36T>C;42C>G;48C>T;49G>C;50A>C;51C>G;54G>A;60T>C;72C>T;75C>T;85C>G;86G>A;87T>A;96C>T;120A>G;123T>C;126C>T;141A>G;156T>C;177G>A],NA,p.[Asp17Pro;Arg29Glu],-1.2650440611984202,-1.3265442711329098,-1.2167705661340538,0.0445442444862819,-1.4109421,-0.5324247621607611,-0.8927895914519337,-0.3322967929156032
urn:mavedb:00000394-a-1#3923,c.[15A>G;21C>T;27G>A;36T>C;42C>G;48C>T;49G>C;50A>C;51C>G;54G>A;69T>C;72C>T;75C>T;78C>T;85C>A;86G>A;87T>C;120A>G;123T>C;129G>A;141A>G;165G>A;171T>G;174A>G;207T>C],NA,p.[Asp17Pro;Arg29Asn],-1.3263763495718004,-1.357388297986306,-1.3026527795502332,0.031412484289828,-1.4191937,-0.8318230721540324,-1.089004148695083,-0.6833279032864845
urn:mavedb:00000394-a-1#3924,c.[3C>T;6T>G;21C>T;36T>C;42C>G;48C>T;49G>C;50A>C;51C>A;54G>A;57T>G;86G>A;87T>C;120A>G;123T>C;141A>G;165G>A;171T>G;174A>G;177G>A;180G>C],NA,p.[Asp17Pro;Arg29His],-1.262846310000682,-1.3510167970850269,-1.2049091454374905,0.0319844342065671,-1.4180307,-0.4900762854216485,-1.038511633241365,-0.264644507294904
urn:mavedb:00000394-a-1#3925,c.[6T>G;9G>A;12C>T;21C>T;36T>C;42C>G;48C>T;49G>C;50A>C;51C>G;63G>C;72C>T;75C>T;78C>T;85C>G;86G>A;87T>C;120A>G;123T>C;132C>T;141A>G;165G>A;171T>G],NA,p.[Asp17Pro;Arg29Asp],-1.2639408243178798,-1.3656199146584438,-1.180111319803196,0.0356082458589891,-1.4094815,-0.5340988539953397,-1.3001426118952693,-0.2102552753294637
urn:mavedb:00000394-a-1#3926,c.[3C>T;6T>G;18C>T;21C>T;24C>T;27G>A;36T>C;42C>G;48C>T;49G>C;50A>C;51C>A;60T>C;75C>T;84C>T;85C>A;86G>A;87T>A;135C>T;141A>G;171T>G;174A>G;177G>A;198G>T;207T>C],NA,p.[Asp17Pro;Arg29Lys],-1.3279917630347984,-1.3952747913094148,-1.207994670715524,0.0384235037739394,-1.4676509,-0.5621800030036541,-0.9901970475352896,-0.1162192326442959
urn:mavedb:00000394-a-1#3927,c.[21C>T;36T>C;42C>G;48C>T;49G>C;50A>C;51C>G;78C>T;84C>T;85C>A;86G>C;87T>C;120A>G;123T>C;141A>G;165G>A;171T>G;174A>G;177G>A;207T>C],NA,p.[Asp17Pro;Arg29Thr],-1.1279451248212875,-1.170956053221558,-1.0759928900145628,0.0322219044199252,-1.4219675,-0.0187342072631367,-0.1421828847996688,0.1145676692606201
urn:mavedb:00000394-a-1#3928,c.[18C>T;21C>T;36T>C;42C>G;48C>T;49G>C;50A>C;51C>A;54G>A;72C>T;75C>T;78C>T;85C>T;86G>C;120A>G;123T>C;141A>G;165G>A;171T>G;174A>G;177G>A],NA,p.[Asp17Pro;Arg29Ser],-1.2370115106620596,-1.2640697064182926,-1.2052717707934848,0.0340157723545947,-1.4206295,-0.3722712540283179,-0.483985411495775,-0.2569751894697734
urn:mavedb:00000394-a-1#3929,c.[3C>T;6T>G;21C>T;36T>C;42C>G;48C>T;49G>C;50A>C;51C>G;54G>A;60T>C;72C>T;75C>T;85C>G;86G>C;120A>G;123T>C;141A>G;174A>G;180G>C],NA,p.[Asp17Pro;Arg29Ala],-1.102019697716611,-1.2442765907601407,-0.999904219809731,0.0512266225899915,-1.4341097,0.0803366243204605,-0.3485194337268237,0.3139638495498252
urn:mavedb:00000394-a-1#3930,c.[21C>T;36T>C;42C>G;48C>T;49G>C;50A>C;51C>G;57T>G;63G>C;66G>A;69T>C;85C>G;120A>G;123T>C;141A>G;165G>A;168G>A;177G>A;180G>C],NA,p.[Asp17Pro;Arg29Gly],-1.1828209795106406,-1.2516781348692028,-1.067543530152674,0.0527825550281507,-1.4234862,-0.174156433207504,-0.4192553001544166,0.1385882287352234
urn:mavedb:00000394-a-1#3931,c.[3C>T;6T>G;12C>T;21C>T;36T>C;42C>G;48C>T;49G>C;50A>C;51C>A;54G>A;57T>G;84C>T;85C>A;86G>T;87T>G;120A>G;123T>C;141A>G;165G>A;171T>G;174A>G;177G>A],NA,p.[Asp17Pro;Arg29Met],-0.8091903771587939,-0.8372210214133692,-0.7851706800689486,0.0397335813721263,-1.448204,0.7023908406372106,0.6532970656244562,0.7437125655906173
urn:mavedb:00000394-a-1#3932,c.[21C>T;36T>C;42C>G;48C>T;49G>C;50A>C;51C>A;54G>A;69T>C;72C>T;78C>T;85C>T;87T>C;120A>G;123T>C;141A>G;162G>C;165G>A;171T>G],NA,p.[Asp17Pro;Arg29Cys],-0.507147830088716,-0.5417567609435938,-0.4747760750233458,0.0377109622442314,-1.4425716,1.1782949634002524,1.125681130322209,1.2270144477728526
urn:mavedb:00000394-a-1#3933,c.[3C>T;6T>G;21C>T;36T>C;42C>G;48C>T;49G>C;50A>C;51C>G;54G>A;86G>T;87T>G;120A>G;123T>C;141A>G;165G>A;171T>G;174A>G;177G>A;180G>C],NA,p.[Asp17Pro;Arg29Leu],-0.7322751760003965,-0.7423689241343004,-0.7140633292211476,0.0289553899138263,-1.4458647,0.828695029556053,0.8119281797154289,0.8587139474632506
urn:mavedb:00000394-a-1#3934,c.[6T>G;9G>A;21C>T;36T>C;42C>G;48C>T;49G>C;50A>C;51C>G;57T>G;60T>C;69T>C;85C>G;86G>T;90T>C;120A>G;123T>C;141A>G;174A>G;183A>G;207T>C],NA,p.[Asp17Pro;Arg29Val],-0.8901938067254243,-1.0163148380272815,-0.8415668220852364,0.0518969323390928,-1.4310055,0.5255872796141152,0.2721651754999566,0.614874359804514
urn:mavedb:00000394-a-1#3935,c.[21C>T;30G>C;39C>T;42C>G;48C>T;49G>C;50A>C;51C>A;72C>T;75C>T;85C>A;86G>T;87T>C;120A>G;123T>C;141A>G;165G>A;168G>A;171T>G;174A>G],NA,p.[Asp17Pro;Arg29Ile],-0.6472475419997548,-0.6903044849182742,-0.5943161312418721,0.048499572392442,-1.437151,0.9526711046859956,0.8833051963841889,1.0361597171168226
urn:mavedb:00000394-a-1#3936,c.[3C>T;21C>T;36T>C;42C>G;48C>T;49G>C;50A>C;51C>A;72C>T;75C>T;85C>T;87T>G;120A>G;123T>C;141A>G;171T>G;174A>G;177G>A],NA,p.[Asp17Pro;Arg29Trp],-0.5820876645590606,-0.6121721361865409,-0.5513951820259826,0.0548361048684878,-1.4790382,1.1197281225145648,1.0734464488210973,1.166470561008659
urn:mavedb:00000394-a-1#3937,c.[3C>T;6T>G;12C>T;21C>T;36T>C;42C>G;48C>T;49G>C;50A>C;51C>A;72C>T;75C>T;85C>T;86G>A;87T>C;120A>G;123T>C;141A>G;165G>A;168G>A;171T>G;174A>G],NA,p.[Asp17Pro;Arg29Tyr],-0.6919957757568763,-0.7242194759274504,-0.6525680411647703,0.040442894024747,-1.459827,0.9172682644058416,0.8649398590829304,0.980227164463455
urn:mavedb:00000394-a-1#3938,c.[3C>T;6T>G;21C>T;36T>C;42C>G;48C>T;49G>C;50A>C;51C>G;57T>G;60T>C;75C>T;85C>T;86G>T;87T>C;93C>T;120A>G;123T>C;141A>G;162G>C;165G>A;168G>A;177G>A;198G>T],NA,p.[Asp17Pro;Arg29Phe],-0.6443222655613995,-0.6543120763463298,-0.6211225031489584,0.0301042691515429,-1.4673557,1.0051092681530411,0.9893661849651108,1.0414277808246362
urn:mavedb:00000394-a-1#3939,c.[21C>T;36T>C;42C>G;48C>T;49G>C;50A>C;51C>A;72C>T;75C>T;86G>C;87T>G;120A>G;123T>C;141A>G;171T>G;177G>A;180G>C],NA,p.[Asp17Pro;Arg29Pro],-1.2279925416347317,-1.278139195747375,-1.194382464132468,0.0361541334903386,-1.4177775,-0.3486970621540365,-0.5622706972342176,-0.2299035792664871
urn:mavedb:00000394-a-1#3940,c.[21C>T;36T>C;42C>G;59G>A;60T>G;99G>C;120A>G;123T>C;126C>T;141A>G;162G>C;163G>C;177G>A],NA,p.[Arg20Gln;Glu55Gln],-0.4283946172570586,-0.4497535601739644,-0.414893225532477,0.0623098038335273,-1.5256977,1.4178162175911564,1.3867129943208538,1.4374091761475227
urn:mavedb:00000394-a-1#3941,c.[3C>T;6T>G;21C>T;36T>C;42C>G;48C>T;54G>A;59G>A;60T>A;66G>A;78C>T;87T>C;96C>T;108G>C;120A>G;123T>C;141A>G;163G>A;165G>C;168G>A;171T>G;174A>G;183A>G],NA,p.[Arg20Gln;Glu55Asn],-0.6814761269927823,-0.7118687208087228,-0.63646501659487,0.0294217129195394,-1.5247326,1.0367321905830196,0.9890320005067768,1.106372466811098
urn:mavedb:00000394-a-1#3942,c.[3C>T;6T>G;21C>T;36T>C;42C>G;48C>T;59G>A;60T>G;120A>G;123T>C;141A>G;163G>C;165G>C;168G>A;171T>G;174A>G;177G>A;180G>C;207T>C],NA,p.[Arg20Gln;Glu55His],-0.7050571403607315,-0.7249221714291364,-0.6856429261437995,0.0563898278221437,-1.5247707,0.9998334340024072,0.968421922797516,1.0302859812732406
urn:mavedb:00000394-a-1#3943,c.[9G>A;21C>T;36T>C;42C>G;54G>A;57T>G;59G>A;60T>G;63G>C;69T>C;72C>T;120A>G;123T>C;126C>T;135C>T;141A>G;162G>C;165G>T;171T>G;177G>A;186A>G],NA,p.[Arg20Gln;Glu55Asp],-1.0091194178690217,-1.0378915534554825,-0.9629441762774876,0.0428700745049319,-1.5204716,0.4694942024172012,0.4130947194737552,0.5566602645139302
urn:mavedb:00000394-a-1#3944,c.[6T>G;9G>A;12C>T;21C>T;36T>C;42C>G;48C>T;54G>A;59G>A;60T>A;69T>C;120A>G;123T>C;126C>T;129G>A;141A>G;163G>C;164A>G;165G>T;174A>G;207T>C],NA,p.[Arg20Gln;Glu55Arg],-0.145764196347681,-0.1531197393952498,-0.1368377231429246,0.0374921504242746,-1.5468602,1.848973674576776,1.8387184586664955,1.8614100036344343
urn:mavedb:00000394-a-1#3945,c.[3C>T;6T>G;21C>T;36T>C;42C>G;59G>A;60T>G;72C>T;75C>T;120A>G;141A>G;163G>A;165G>A;168G>A;174A>G],NA,p.[Arg20Gln;Glu55Lys],-0.1723881916327061,-0.1847933194402482,-0.1434157937019236,0.0655342992405565,-1.5309391,1.7896027756298305,1.772230653256358,1.830092566433956
urn:mavedb:00000394-a-1#3946,c.[21C>T;36T>C;42C>G;59G>A;60T>G;72C>T;75C>T;120A>G;123T>C;126C>T;141A>G;163G>A;164A>C;165G>T;171T>G;174A>G;177G>A;207T>C],NA,p.[Arg20Gln;Glu55Thr],-0.3257893178608635,-0.3459823994865434,-0.3130512307593684,0.0386485344990208,-1.527585,1.568224371202243,1.539363305400287,1.5863848560465144
urn:mavedb:00000394-a-1#3947,c.[12C>T;21C>T;36T>C;42C>G;59G>A;60T>G;72C>T;75C>T;120A>G;123T>C;126C>T;129G>A;141A>G;163G>T;164A>C;165G>T;177G>A],NA,p.[Arg20Gln;Glu55Ser],-0.6549175399517255,-0.6671922544884767,-0.6203530387512051,0.0268255145989332,-1.5292449,1.0849203267997392,1.0659475003328132,1.1379145822060703
urn:mavedb:00000394-a-1#3948,c.[6T>G;9G>A;21C>T;36T>C;42C>G;48C>T;59G>A;60T>G;69T>C;72C>T;120A>G;123T>C;135C>T;141A>G;164A>C;165G>T;177G>A;180G>C],NA,p.[Arg20Gln;Glu55Ala],-0.7518126144428923,-0.7889191025114044,-0.7318131031881795,0.0252514451512569,-1.5298333,0.9335896303284708,0.8735632545405503,0.965513526243826
urn:mavedb:00000394-a-1#3949,c.[3C>T;6T>G;21C>T;36T>C;42C>G;59G>A;60T>G;120A>G;123T>C;126C>T;129G>A;141A>G;164A>G;165G>T;177G>A],NA,p.[Arg20Gln;Glu55Gly],-1.393183515979819,-1.4425826771901673,-1.321789807141588,0.0368671641152469,-1.5276704,-0.5877152314170873,-0.8876123943162104,-0.2899423719822896
urn:mavedb:00000394-a-1#3950,c.[6T>G;9G>A;12C>T;15A>G;21C>T;36T>C;42C>G;59G>A;60T>G;72C>T;75C>T;120A>G;141A>G;163G>A;164A>T;174A>G],NA,p.[Arg20Gln;Glu55Met],-0.2930689341449507,-0.3371935600541995,-0.2786602058895535,0.038549231872127,-1.5377922,1.6292705265662308,1.5664958935606268,1.6496861986771998
urn:mavedb:00000394-a-1#3951,c.[6T>G;9G>A;21C>T;36T>C;42C>G;51C>T;57T>G;59G>A;60T>A;63G>C;72C>T;75C>T;120A>G;141A>G;163G>T;164A>G;165G>C;168G>A;174A>G],NA,p.[Arg20Gln;Glu55Cys],-0.5966839235559771,-0.6257981891222966,-0.56841325428633,0.0353177099949741,-1.5301337,1.175205377497731,1.1309628244602816,1.2177948947602202
urn:mavedb:00000394-a-1#3952,c.[21C>T;27G>A;36T>C;42C>G;59G>A;60T>G;108G>C;120A>G;123T>C;126C>T;141A>G;163G>C;164A>T;171T>G;174A>G;177G>A;207T>C],NA,p.[Arg20Gln;Glu55Leu],-0.455488912231582,-0.4845565536658556,-0.4103717894199732,0.0784419470965302,-1.5370297,1.3948590010224058,1.352357849736036,1.4603323623149689
urn:mavedb:00000394-a-1#3953,c.[3C>T;6T>G;21C>T;36T>C;42C>G;48C>T;59G>A;60T>G;69T>C;72C>T;120A>G;123T>C;129G>A;141A>G;162G>C;164A>T;174A>G],NA,p.[Arg20Gln;Glu55Val],-0.020567714919409,-0.0381367983255785,-0.002311427931344,0.0459407650347327,-1.5301971,1.9996387025855191,1.9753409131735544,2.024856830855708
urn:mavedb:00000394-a-1#3954,c.[21C>T;36T>C;42C>G;59G>A;60T>G;72C>T;75C>T;120A>G;123T>C;126C>T;129G>A;141A>G;163G>A;164A>T;165G>C;171T>G;174A>G;177G>A;207T>C],NA,p.[Arg20Gln;Glu55Ile],-0.0262007080401456,-0.0465128918786134,-0.0004322469240554,0.0430137473612303,-1.5343881,1.997628741875387,1.969532615214316,2.0332174758219974
urn:mavedb:00000394-a-1#3955,c.[3C>T;6T>G;9G>A;21C>T;36T>C;42C>G;59G>A;60T>G;72C>T;75C>T;78C>T;114C>T;123T>C;126C>T;129G>A;141A>G;163G>T;164A>G;171T>G;174A>G;177G>A],NA,p.[Arg20Gln;Glu55Trp],-0.8522380039101796,-0.8805304011206365,-0.8252128436927998,0.0300476872850356,-1.5308523,0.7701233734160461,0.721875935395638,0.8154376887928801
urn:mavedb:00000394-a-1#3956,c.[9G>A;21C>T;36T>C;42C>G;54G>A;59G>A;60T>A;63G>C;99G>C;120A>G;123T>C;126C>T;141A>G;163G>T;165G>C;177G>A;180G>C],NA,p.[Arg20Gln;Glu55Tyr],-0.8720588392557026,-0.9085222718949096,-0.8141243878402813,0.0270782397082573,-1.5292301,0.733637458501639,0.6703950587767236,0.8311459025475455
urn:mavedb:00000394-a-1#3957,c.[3C>T;6T>G;21C>T;36T>C;42C>G;51C>T;57T>G;59G>A;60T>A;66G>A;108G>C;111G>C;120A>G;123T>C;135C>T;141A>G;163G>T;164A>T;165G>T;177G>A],NA,p.[Arg20Gln;Glu55Phe],-0.8675045703590913,-0.8800845523843521,-0.8379492297665022,0.037173171643744,-1.5323582,0.7467645537982105,0.7252317113827705,0.7966930357081152
urn:mavedb:00000394-a-1#3958,c.[3C>T;6T>G;21C>T;36T>C;42C>G;51C>T;59G>A;60T>A;120A>G;123T>C;141A>G;163G>C;164A>C;165G>A;168G>A;171T>G;174A>G;180G>C],NA,p.[Arg20Gln;Glu55Pro],-1.40549286343703,-1.4888192588595088,-1.3592475972214315,0.0473989324235919,-1.5209069,-0.6897686557876815,-1.489428149978349,-0.4618016436948559
urn:mavedb:00000394-a-1#3959,c.[18C>T;21C>T;36T>C;42C>G;58C>G;59G>A;60T>A;108G>C;129G>A;135C>T;141A>G;162G>C;163G>C;177G>A;207T>C],NA,p.[Arg20Glu;Glu55Gln],-0.9453756749209798,-0.9810978276854748,-0.8668025354047947,0.0440683185574779,-1.5195842,0.5872593465032551,0.5211771462782442,0.7261119163638201
urn:mavedb:00000394-a-1#3960,c.[6T>G;9G>A;21C>T;36T>C;42C>G;54G>A;58C>G;59G>A;60T>A;72C>T;75C>T;114C>T;123T>C;126C>T;141A>G;163G>A;165G>C;171T>G;174A>G;177G>A],NA,p.[Arg20Glu;Glu55Asn],-1.0097013933472097,-1.0457451271487428,-0.958432408244912,0.0309203326459464,-1.518611,0.4647736123648965,0.3936448550894555,0.5615537554021318
urn:mavedb:00000394-a-1#3961,c.[6T>G;9G>A;21C>T;36T>C;42C>G;51C>T;57T>G;58C>G;59G>A;60T>A;72C>T;75C>T;78C>T;120A>G;123T>C;141A>G;163G>C;165G>C;171T>G],NA,p.[Arg20Glu;Glu55His],-1.0472753655517746,-1.1023189859304576,-1.0100929257935989,0.0293425223246169,-1.5186491,0.390637735866522,0.2756886041762146,0.4640894468619047
urn:mavedb:00000394-a-1#3962,c.[3C>T;6T>G;15A>G;21C>T;36T>C;42C>G;54G>A;57T>G;58C>G;59G>A;60T>A;120A>G;123T>C;126C>T;132C>T;141A>G;165G>C;177G>A;180G>C],NA,p.[Arg20Glu;Glu55Asp],-1.4132084346074905,-1.506020444812041,-1.354785984378578,0.0199351965282439,-1.5143151,-0.7764831381025818,-2.290099885087461,-0.4710041825538937
urn:mavedb:00000394-a-1#3963,c.[6T>G;9G>A;21C>T;36T>C;42C>G;51C>T;58C>G;59G>A;60T>A;72C>T;75C>T;120A>G;123T>C;135C>T;141A>G;163G>C;164A>G;165G>T;174A>G],NA,p.[Arg20Glu;Glu55Arg],-0.4739570136163859,-0.4874146822709808,-0.4560695231708804,0.0522632257899539,-1.5409288,1.3735843804753065,1.3538791215186583,1.3996888323357422
urn:mavedb:00000394-a-1#3964,c.[3C>T;12C>T;21C>T;36T>C;42C>G;48C>T;54G>A;58C>G;59G>A;60T>G;69T>C;72C>T;75C>T;123T>C;126C>T;129G>A;141A>G;150C>T;163G>A;165G>A;171T>G;174A>G;177G>A],NA,p.[Arg20Glu;Glu55Lys],-0.4182625620366547,-0.4401684691709213,-0.3754713145506514,0.0304669666225878,-1.5248694,1.4313244651661508,1.399482363819879,1.4931454717319068
urn:mavedb:00000394-a-1#3965,c.[6T>G;9G>A;21C>T;36T>C;42C>G;51C>T;58C>G;59G>A;60T>G;69T>C;72C>T;120A>G;123T>C;129G>A;141A>G;163G>A;164A>C;165G>T;177G>A],NA,p.[Arg20Glu;Glu55Thr],-1.040872184268366,-1.0648815275489254,-1.0130264614682412,0.0396508208553962,-1.5214868,0.4091764013928359,0.3605835517145224,0.4639027246168395
urn:mavedb:00000394-a-1#3966,c.[21C>T;36T>C;42C>G;48C>T;58C>G;59G>A;60T>G;72C>T;75C>T;120A>G;123T>C;141A>G;163G>T;164A>C;165G>T;171T>G;174A>G;177G>A],NA,p.[Arg20Glu;Glu55Ser],-1.138364527074497,-1.2063737772266303,-1.0091376009962345,0.0635191600769394,-1.5231609,0.2057453636631376,0.0414644653611589,0.4746426978208062
urn:mavedb:00000394-a-1#3967,c.[3C>T;6T>G;21C>T;36T>C;42C>G;54G>A;57T>G;58C>G;59G>A;60T>G;69T>C;72C>T;120A>G;141A>G;164A>C;165G>T;171T>G;174A>G;177G>A],NA,p.[Arg20Glu;Glu55Ala],-1.2005497538680396,-1.2495520930921988,-1.124456134179187,0.0249755856641189,-1.5237541,0.057904387706077,-0.073914120213349,0.2383269331928106
urn:mavedb:00000394-a-1#3968,c.[6T>G;9G>A;21C>T;36T>C;42C>G;51C>T;58C>G;59G>A;60T>A;69T>C;78C>T;120A>G;123T>C;129G>A;132C>T;141A>G;164A>G;165G>T;174A>G;180G>C],NA,p.[Arg20Glu;Glu55Gly],-1.5043191825882083,-1.5470506296382407,-1.4684388716468184,0.0329274947623707,-1.521574,-1.8592487713471288,-25.0,-1.182608005017902
urn:mavedb:00000394-a-1#3969,c.[6T>G;9G>A;21C>T;36T>C;48C>T;58C>G;59G>A;60T>A;66G>A;69T>C;72C>T;111G>C;120A>G;123T>C;135C>T;141A>G;163G>A;164A>T;168G>A],NA,p.[Arg20Glu;Glu55Met],-0.9166869267794606,-0.93323176595607,-0.8935663170043958,0.0258605956225252,-1.5317812,0.6605128758614636,0.6311494707209315,0.7009555440771101
urn:mavedb:00000394-a-1#3970,c.[6T>G;9G>A;21C>T;36T>C;42C>G;58C>G;59G>A;60T>A;72C>T;75C>T;120A>G;132C>T;141A>G;163G>T;164A>G;165G>C;177G>A],NA,p.[Arg20Glu;Glu55Cys],-0.872448069886711,-0.8935031301141161,-0.8489044919770979,0.0303392378656031,-1.5240569,0.7240935058388831,0.6876321603895392,0.7642697935936396
urn:mavedb:00000394-a-1#3971,c.[3C>T;6T>G;21C>T;36T>C;42C>G;58C>G;59G>A;60T>G;75C>T;90T>C;120A>G;123T>C;126C>T;129G>A;135C>T;141A>G;163G>C;164A>T;174A>G],NA,p.[Arg20Glu;Glu55Leu],-1.0190335151390866,-1.0493486730458463,-0.9793513359321372,0.0269893219003512,-1.5310125,0.470699554075397,0.411265372082666,0.5457887209056788
urn:mavedb:00000394-a-1#3972,c.[3C>T;6T>G;21C>T;36T>C;42C>G;51C>T;54G>A;58C>G;59G>A;60T>A;78C>T;87T>C;123T>C;164A>T;165G>T;168G>A;177G>A],NA,p.[Arg20Glu;Glu55Val],-0.7697793169119462,-0.7818568821413181,-0.7423101252049056,0.0384225371201773,-1.5241203,0.8954127066562338,0.875769068632125,0.9396649373501812
urn:mavedb:00000394-a-1#3973,c.[15A>G;21C>T;36T>C;42C>G;58C>G;59G>A;60T>A;120A>G;123T>C;126C>T;132C>T;141A>G;163G>A;164A>T;165G>C;177G>A;207T>C],NA,p.[Arg20Glu;Glu55Ile],-0.6698813424044634,-0.6874895284781543,-0.653932224143122,0.0360978313889353,-1.5283475,1.0603887855642264,1.032985489757856,1.0850567575409205
urn:mavedb:00000394-a-1#3974,c.[3C>T;6T>G;12C>T;21C>T;36T>C;42C>G;48C>T;58C>G;59G>A;60T>G;66G>A;78C>T;96C>T;123T>C;132C>T;141A>G;150C>T;163G>T;164A>G;171T>G;174A>G;180G>C],NA,p.[Arg20Glu;Glu55Trp],-1.1209876108415069,-1.17000072079121,-0.9758423648859889,0.0369475008493765,-1.5247812,0.2482797538470926,0.1357776436570744,0.5407291824653175
urn:mavedb:00000394-a-1#3975,c.[6T>G;9G>A;21C>T;36T>C;42C>G;51C>T;54G>A;58C>G;59G>A;60T>A;72C>T;75C>T;123T>C;141A>G;163G>T;165G>C;171T>G;174A>G;177G>A],NA,p.[Arg20Glu;Glu55Tyr],-1.2145721806592524,-1.3299528942173875,-1.1298496619007228,0.0345185830979367,-1.5231457,0.0200886549716499,-0.3359552054487434,0.224931938440059
urn:mavedb:00000394-a-1#3976,c.[21C>T;36T>C;42C>G;48C>T;58C>G;59G>A;60T>A;120A>G;123T>C;129G>A;135C>T;141A>G;163G>T;164A>T;165G>C;177G>A],NA,p.[Arg20Glu;Glu55Phe],-1.140412781328072,-1.1879872480141416,-1.06842301430064,0.0278956088697523,-1.5263004,0.2082222811424395,0.0957636442545602,0.3631917418128498
urn:mavedb:00000394-a-1#3977,c.[6T>G;9G>A;12C>T;21C>T;39C>T;42C>G;48C>T;57T>G;58C>G;59G>A;60T>A;120A>G;123T>C;132C>T;138T>C;141A>G;163G>C;164A>C;168G>A;171T>G;174A>G],NA,p.[Arg20Glu;Glu55Pro],-1.514010426184596,-1.5692484864201788,-1.4695670262190483,0.0353111843719383,-1.5147533,-3.694599823965425,-25.0,-1.28200216915329
urn:mavedb:00000394-a-1#3978,c.[21C>T;36T>C;42C>G;48C>T;57T>G;58C>A;59G>A;60T>C;66G>A;72C>T;75C>T;120A>G;123T>C;141A>G;162G>C;163G>C;171T>G;174A>G;177G>A;180G>C;198G>T;207T>C],NA,p.[Arg20Asn;Glu55Gln],-1.4397384500821322,-1.5607533074840845,-1.315675001296735,0.0424145047465938,-1.5242476,-0.8919681743297504,-25.0,-0.2804664541539315
urn:mavedb:00000394-a-1#3979,c.[21C>T;36T>C;42C>G;51C>T;57T>G;58C>A;59G>A;72C>T;75C>T;114C>T;120A>G;123T>C;141A>G;163G>A;165G>C;171T>G;174A>G;177G>A],NA,p.[Arg20Asn;Glu55Asn],-1.3340163030227885,-1.3591101864227038,-1.294214328492103,0.0453361096635025,-1.5232811,-0.350684932258502,-0.451078026448088,-0.2112713391962205
urn:mavedb:00000394-a-1#3980,c.[6T>G;9G>A;21C>T;36T>C;42C>G;48C>T;57T>G;58C>A;59G>A;60T>C;72C>T;75C>T;123T>C;141A>G;163G>C;165G>C;174A>G;207T>C],NA,p.[Arg20Asn;Glu55His],-1.4653412315567986,-1.5729558861396389,-1.4084271854017858,0.0378950617299126,-1.5233188,-1.1287187026578585,-25.0,-0.6927647180203496
urn:mavedb:00000394-a-1#3981,c.[3C>T;6T>G;9G>A;12C>T;21C>T;42C>G;51C>T;57T>G;58C>A;59G>A;60T>C;120A>G;123T>C;141A>G;165G>C;177G>A],NA,p.[Arg20Asn;Glu55Asp],-1.53267034662571,-1.5892358154417658,-1.4704372721065369,0.0291302471807708,-1.519012,-15.0,-25.0,-1.237759137711417
urn:mavedb:00000394-a-1#3982,c.[3C>T;6T>G;12C>T;21C>T;36T>C;42C>G;51C>T;54G>A;58C>A;59G>A;60T>C;66G>A;69T>C;72C>T;120A>G;123T>C;129G>A;141A>G;163G>C;164A>G;165G>T;177G>A],NA,p.[Arg20Asn;Glu55Arg],-1.48900487142163,-1.576561989457586,-1.385844033423998,0.0457719665012203,-1.545454,-1.14526052424024,-25.0,-0.4706586134588904
urn:mavedb:00000394-a-1#3983,c.[6T>G;9G>A;12C>T;21C>T;36T>C;42C>G;51C>T;57T>G;58C>A;59G>A;63G>C;75C>T;99G>C;114C>T;120A>G;123T>C;141A>G;150C>T;163G>A;165G>A;171T>G;174A>G;177G>A],NA,p.[Arg20Asn;Glu55Lys],-1.38912891944997,-1.445198510502567,-1.2952697996018,0.0492689045887549,-1.529499,-0.5587460883912496,-0.8935466913773411,-0.1945931284666204
urn:mavedb:00000394-a-1#3984,c.[6T>G;9G>A;21C>T;36T>C;42C>G;58C>A;59G>A;63G>C;69T>C;72C>T;75C>T;120A>G;123T>C;126C>T;141A>G;163G>A;164A>C;165G>T;174A>G],NA,p.[Arg20Asn;Glu55Thr],-1.400057728188021,-1.4496055981068718,-1.343469632892191,0.0334537194538118,-1.5261383,-0.6310463432563617,-0.9549626128859696,-0.3759791254372474
urn:mavedb:00000394-a-1#3985,c.[21C>T;36T>C;42C>G;58C>A;59G>A;78C>T;120A>G;123T>C;126C>T;141A>G;163G>T;164A>C;165G>T;171T>G;174A>G;177G>A],NA,p.[Arg20Asn;Glu55Ser],-1.3773055975485229,-1.3952113145570142,-1.3266067362583855,0.028248832701724,-1.5278015,-0.5112068140913824,-0.5972849995201336,-0.3066691179249358
urn:mavedb:00000394-a-1#3986,c.[6T>G;9G>A;12C>T;21C>T;36T>C;42C>G;48C>T;57T>G;58C>A;59G>A;60T>C;72C>T;75C>T;120A>G;123T>C;126C>T;141A>G;164A>C;165G>T;171T>G;177G>A],NA,p.[Arg20Asn;Glu55Ala],-1.541624646601324,-1.6396389418642,-1.4239408482083025,0.0444585711873607,-1.5283914,-15.0,-25.0,-0.7552921228227366
urn:mavedb:00000394-a-1#3987,c.[6T>G;9G>A;12C>T;15A>G;21C>T;36T>C;42C>G;48C>T;54G>A;58C>A;59G>A;60T>C;69T>C;72C>T;75C>T;84C>T;87T>C;120A>G;123T>C;129G>A;141A>G;164A>G;165G>T;174A>G],NA,p.[Arg20Asn;Glu55Gly],-1.4384737980453155,-1.4972578193425743,-1.369005990272567,0.0281768176246009,-1.5262251,-0.867896326523705,-1.5508736461859582,-0.4811027299829118
urn:mavedb:00000394-a-1#3988,c.[9G>A;12C>T;21C>T;36T>C;42C>G;58C>A;59G>A;69T>C;72C>T;120A>G;123T>C;126C>T;135C>T;141A>G;163G>A;164A>T;168G>A;171T>G],NA,p.[Arg20Asn;Glu55Met],-1.3699391049284395,-1.4298565150964258,-1.2594829561431509,0.0460534082881383,-1.5363674,-0.4415564664840792,-0.7425322536828868,-0.0662907150788781
urn:mavedb:00000394-a-1#3989,c.[21C>T;24C>T;36T>C;42C>G;57T>G;58C>A;59G>A;60T>C;108G>C;120A>G;141A>G;163G>T;164A>G;165G>C;168G>A;171T>G;174A>G;177G>A;183A>G;192C>T],NA,p.[Arg20Asn;Glu55Cys],-0.962384998090335,-0.990382192763159,-0.9232031756586512,0.0516836277210928,-1.5286922,0.572816041326385,0.5208416009313257,0.6435120200312842
urn:mavedb:00000394-a-1#3990,c.[6T>G;9G>A;12C>T;21C>T;36T>C;42C>G;57T>G;58C>A;59G>A;60T>C;78C>T;99G>C;123T>C;126C>T;141A>G;163G>C;164A>T;168G>A;177G>A],NA,p.[Arg20Asn;Glu55Leu],-1.423747091559312,-1.4642066933968994,-1.345678103674263,0.0298806896533968,-1.5356026,-0.7104158020144029,-0.9987891766527308,-0.3481965936562757
urn:mavedb:00000394-a-1#3991,c.[3C>T;21C>T;36T>C;42C>G;58C>A;59G>A;72C>T;75C>T;120A>G;123T>C;126C>T;141A>G;164A>T;165G>T;177G>A],NA,p.[Arg20Asn;Glu55Val],-1.182549314367258,-1.2457339174633664,-1.117168171782048,0.0513764905144731,-1.5287552,0.1150964799170698,-0.0490376851161882,0.2653752069224639
urn:mavedb:00000394-a-1#3992,c.[3C>T;6T>G;21C>T;36T>C;42C>G;54G>A;58C>A;59G>A;60T>C;69T>C;72C>T;120A>G;141A>G;163G>A;164A>T;165G>C;168G>A;174A>G;180G>C],NA,p.[Arg20Asn;Glu55Ile],-1.3117574334755244,-1.321964760371911,-1.2979973989480995,0.0224369091617616,-1.5329556,-0.2372548657797267,-0.2720374770804264,-0.1922609537893558
urn:mavedb:00000394-a-1#3993,c.[21C>T;36T>C;42C>G;51C>T;58C>A;59G>A;84C>T;120A>G;123T>C;132C>T;141A>G;163G>T;164A>G;171T>G;174A>G;177G>A],NA,p.[Arg20Asn;Glu55Trp],-0.995365626268066,-1.0364092366909066,-0.9458344907327948,0.0403535959674413,-1.5294123,0.512809400911545,0.4337253225711685,0.6042532706496966
urn:mavedb:00000394-a-1#3994,c.[21C>T;36T>C;42C>G;51C>T;54G>A;57T>G;58C>A;59G>A;60T>C;72C>T;75C>T;114C>T;120A>G;123T>C;141A>G;163G>T;165G>C;168G>A;177G>A],NA,p.[Arg20Asn;Glu55Tyr],-1.318733210929189,-1.3821587556814128,-1.2903330161380635,0.048093256534195,-1.5277872,-0.278782856658099,-0.5337111191433297,-0.1843133785348493
urn:mavedb:00000394-a-1#3995,c.[6T>G;9G>A;21C>T;36T>C;42C>G;57T>G;58C>A;59G>A;60T>C;72C>T;75C>T;120A>G;123T>C;126C>T;141A>G;163G>T;164A>T;165G>C],NA,p.[Arg20Asn;Glu55Phe],-1.1268369191389305,-1.2209932008026676,-1.035670203017677,0.0498189761611104,-1.530921,0.2489186225182166,0.0236377177707454,0.4381435595511222
urn:mavedb:00000394-a-1#3996,c.[3C>T;6T>G;21C>T;36T>C;42C>G;48C>T;54G>A;57T>G;58C>A;59G>A;60T>C;66G>A;72C>T;75C>T;120A>G;123T>C;129G>A;141A>G;163G>C;164A>C;165G>A;174A>G;207T>C],NA,p.[Arg20Asn;Glu55Pro],-1.5369982122044936,-1.6397927849248075,-1.4641521150546937,0.0474527488824224,-1.5194473,-15.0,-25.0,-1.1580234148735824
urn:mavedb:00000394-a-1#3997,c.[3C>T;6T>G;21C>T;36T>C;42C>G;59G>A;60T>C;72C>T;75C>T;105C>T;120A>G;129G>A;141A>G;163G>C;165G>A;171T>G;177G>A],NA,p.[Arg20His;Glu55Gln],-1.2991856982776642,-1.3640117975467063,-1.2648817217118666,0.0395545195760382,-1.5233116,-0.2275045119034691,-0.4720026701806526,-0.1198788255011924
urn:mavedb:00000394-a-1#3998,c.[6T>G;9G>A;12C>T;21C>T;36T>C;42C>G;54G>A;59G>A;60T>C;63G>C;72C>T;75C>T;114C>T;120A>G;141A>G;163G>A;165G>C;171T>G;174A>G;177G>A;207T>C],NA,p.[Arg20His;Glu55Asn],-1.3715981846450354,-1.4063585762751367,-1.3146751575065572,0.0345562291244838,-1.5223441,-0.5100664878518466,-0.6865054088201802,-0.2836360291837361
urn:mavedb:00000394-a-1#3999,c.[3C>T;6T>G;21C>T;36T>C;42C>G;59G>A;69T>C;72C>T;120A>G;123T>C;126C>T;138T>C;141A>G;163G>C;165G>C;168G>A;171T>G;174A>G],NA,p.[Arg20His;Glu55His],-1.227716604074772,-1.297028672004619,-1.133727609858066,0.0566683405439128,-1.5223818,-0.0170182209274296,-0.2234470179368752,0.214486105326816
urn:mavedb:00000394-a-1#4000,c.[21C>T;30G>C;36T>C;39C>T;42C>G;51C>T;54G>A;59G>A;60T>C;69T>C;72C>T;78C>T;105C>T;120A>G;123T>C;141A>G;165G>C;168G>A;171T>G;177G>A;180G>C],NA,p.[Arg20His;Glu55Asp],-1.2913324613686856,-1.3566809359852032,-1.2460860634317483,0.0395736615459076,-1.5180688,-0.2188932519379991,-0.4629683153216675,-0.0802628697535308
urn:mavedb:00000394-a-1#4001,c.[3C>T;6T>G;21C>T;36T>C;42C>G;48C>T;54G>A;57T>G;59G>A;72C>T;75C>T;120A>G;123T>C;141A>G;163G>C;164A>G;165G>T;177G>A],NA,p.[Arg20His;Glu55Arg],-1.159964174522746,-1.1682635431227155,-1.1378296336556906,0.0204546134332145,-1.5445461,0.205251500443041,0.1862546968911414,0.2547086804748258
urn:mavedb:00000394-a-1#4002,c.[3C>T;9G>A;21C>T;36T>C;42C>G;59G>A;60T>C;63G>C;78C>T;84C>T;120A>G;141A>G;163G>A;165G>A;171T>G;174A>G;177G>A],NA,p.[Arg20His;Glu55Lys],-1.289906905337648,-1.338911295659213,-1.2414522193770858,0.0466977395977555,-1.5285702,-0.1804866565778155,-0.3491971638060736,-0.0376686945977937
urn:mavedb:00000394-a-1#4003,c.[9G>A;21C>T;36T>C;42C>G;51C>T;59G>A;60T>C;72C>T;75C>T;105C>T;120A>G;123T>C;141A>G;163G>A;164A>C;165G>T;171T>G;177G>A],NA,p.[Arg20His;Glu55Thr],-1.1119877920581591,-1.1398889887119206,-1.0583585563666051,0.0346065287812415,-1.5252047,0.2689272106397523,0.2069245363989412,0.3814784301157297
urn:mavedb:00000394-a-1#4004,c.[12C>T;21C>T;36T>C;42C>G;54G>A;59G>A;60T>C;108G>C;120A>G;129G>A;141A>G;163G>T;164A>C;165G>T;177G>A],NA,p.[Arg20His;Glu55Ser],-1.170613330840578,-1.281706554427906,-1.104164452489367,0.0529795349732548,-1.5268707,0.1393061624806127,-0.1601559407290573,0.2894361069180297
urn:mavedb:00000394-a-1#4005,c.[9G>A;21C>T;36T>C;42C>G;59G>A;60T>C;72C>T;75C>T;108G>C;120A>G;141A>G;162G>C;164A>C;168G>A;171T>G;174A>G;177G>A],NA,p.[Arg20His;Glu55Ala],-1.3435375292775895,-1.4892041638478832,-1.2207150488168057,0.0559366197599866,-1.5274606,-0.3711134607826659,-1.3832656950924398,0.0152774342139193
urn:mavedb:00000394-a-1#4006,c.[6T>G;9G>A;21C>T;36T>C;42C>G;59G>A;60T>C;63G>C;72C>T;75C>T;120A>G;123T>C;126C>T;129G>A;141A>G;164A>G;165G>T;171T>G;174A>G;177G>A],NA,p.[Arg20His;Glu55Gly],-1.413994328839173,-1.4989197635407228,-1.3195333055600895,0.0448712971298428,-1.525291,-0.7137083360164225,-1.6070837527584825,-0.2903767684893932
urn:mavedb:00000394-a-1#4007,c.[12C>T;21C>T;36T>C;42C>G;48C>T;59G>A;60T>C;108G>C;120A>G;123T>C;141A>G;163G>A;164A>T;171T>G;174A>G],NA,p.[Arg20His;Glu55Met],-1.0883180810862492,-1.1314096875942548,-1.0275277126628153,0.0329097464664777,-1.5354462,0.3410038038259609,0.2488122869051593,0.4628476337862093
urn:mavedb:00000394-a-1#4008,c.[3C>T;6T>G;21C>T;36T>C;42C>G;51C>T;54G>A;59G>A;66G>A;120A>G;141A>G;163G>T;164A>G;165G>C;168G>A;171T>G;174A>G;183A>G],NA,p.[Arg20His;Glu55Cys],-0.8661144415820368,-0.8936660077406818,-0.8460223324346875,0.0382397339745112,-1.5277619,0.7412958297898464,0.6938009975495741,0.7754026674454323
urn:mavedb:00000394-a-1#4009,c.[6T>G;9G>A;21C>T;36T>C;42C>G;48C>T;59G>A;60T>C;72C>T;75C>T;108G>C;120A>G;123T>C;129G>A;141A>G;163G>C;164A>T;165G>C;171T>G;174A>G;177G>A;180G>C;207T>C],NA,p.[Arg20His;Glu55Leu],-0.891096297435254,-0.9779350637030166,-0.7845433638961397,0.0581798385290473,-1.5346813,0.7102541711322231,0.5552100153529325,0.8885826225625635
urn:mavedb:00000394-a-1#4010,c.[3C>T;6T>G;21C>T;36T>C;42C>G;51C>T;54G>A;59G>A;60T>C;63G>C;66G>A;69T>C;72C>T;75C>T;120A>G;123T>C;132C>T;164A>T;165G>T;171T>G;174A>G;177G>A;198G>T],NA,p.[Arg20His;Glu55Val],-1.19137203740484,-1.2611776513800967,-1.0781951754987231,0.0355030494005193,-1.5278249,0.0911632137181156,-0.0956860276440725,0.3461961941662152
urn:mavedb:00000394-a-1#4011,c.[9G>A;21C>T;51C>T;54G>A;59G>A;60T>C;69T>C;72C>T;105C>T;120A>G;123T>C;141A>G;163G>A;164A>T;165G>C;168G>A;174A>G],NA,p.[Arg20His;Glu55Ile],-1.0917701407861764,-1.153515675609276,-1.019902450596061,0.0385176908275253,-1.5320306,0.3266715132200735,0.1913936803449676,0.4709868995355727
urn:mavedb:00000394-a-1#4012,c.[21C>T;36T>C;42C>G;51C>T;59G>A;120A>G;123T>C;141A>G;163G>T;164A>G;177G>A],NA,p.[Arg20His;Glu55Trp],-1.077371404653416,-1.1397412499863298,-1.0371607927544315,0.0404113549589966,-1.5284829,0.3492622295101042,0.2146817541854755,0.4304140106206458
urn:mavedb:00000394-a-1#4013,c.[3C>T;6T>G;15A>G;21C>T;36T>C;42C>G;57T>G;59G>A;63G>C;120A>G;123T>C;126C>T;141A>G;163G>T;165G>C;174A>G],NA,p.[Arg20His;Glu55Tyr],-1.1783428417892765,-1.2023789019599276,-1.1568439567810989,0.0315323618622891,-1.5268555,0.1206929040717753,0.0611366750000845,0.1717305904095861
urn:mavedb:00000394-a-1#4014,c.[6T>G;9G>A;21C>T;36T>C;42C>G;59G>A;60T>C;69T>C;72C>T;102T>C;123T>C;126C>T;141A>G;163G>T;164A>T;165G>C;171T>G;174A>G],NA,p.[Arg20His;Glu55Phe],-1.190513068885212,-1.2779928402203922,-1.0506580775374477,0.0426508222492896,-1.5299935,0.0986404877860218,-0.1392047342180276,0.4066185015032985
urn:mavedb:00000394-a-1#4015,c.[12C>T;21C>T;36T>C;42C>G;48C>T;59G>A;60T>C;105C>T;120A>G;123T>C;141A>G;163G>C;164A>C;165G>A],NA,p.[Arg20His;Glu55Pro],-1.4721582136155744,-1.4959246263753476,-1.436482738131287,0.0338148633824483,-1.5185051,-1.266504696180343,-1.699647651384738,-0.9110046338055716
urn:mavedb:00000394-a-1#4016,c.[3C>T;15A>G;21C>T;36T>C;42C>G;58C>G;59G>A;60T>C;108G>C;120A>G;141A>G;162G>C;163G>C;168G>A;177G>A],NA,p.[Arg20Asp;Glu55Gln],-1.45399651564608,-1.542662267991432,-1.2562967727377736,0.0581337847241827,-1.5186467,-1.060974428472933,-25.0,-0.1082674090717395
urn:mavedb:00000394-a-1#4017,c.[6T>G;9G>A;21C>T;36T>C;42C>G;51C>T;58C>G;59G>A;60T>C;72C>T;75C>T;114C>T;120A>G;123T>C;141A>G;163G>A;165G>C;171T>G;174A>G;177G>A;183A>G],NA,p.[Arg20Asp;Glu55Asn],-1.388126782434669,-1.5397529880990333,-1.332428901014706,0.0442946375927895,-1.517673,-0.6128891799460887,-25.0,-0.3660159279091707
urn:mavedb:00000394-a-1#4018,c.[6T>G;9G>A;21C>T;36T>C;42C>G;51C>T;58C>G;59G>A;60T>C;72C>T;75C>T;120A>G;123T>C;141A>G;163G>C;165G>C;168G>A;171T>G;177G>A;198G>T],NA,p.[Arg20Asp;Glu55His],-1.4690022922527326,-1.5195954177805509,-1.4148433667218558,0.0381248160130848,-1.5177107,-1.236074007651003,-25.0,-0.7652485801744604
urn:mavedb:00000394-a-1#4019,c.[15A>G;21C>T;24C>T;36T>C;42C>G;54G>A;58C>G;59G>A;60T>C;120A>G;132C>T;141A>G;165G>C;171T>G;174A>G;177G>A],NA,p.[Arg20Asp;Glu55Asp],-1.472460359519885,-1.5179329346945474,-1.3853928250545438,0.0273687455103022,-1.513371,-1.3425586359402963,-25.0,-0.6210506519155453
urn:mavedb:00000394-a-1#4020,c.[6T>G;9G>A;21C>T;36T>C;42C>G;48C>T;58C>G;59G>A;60T>C;66G>A;75C>T;78C>T;111G>C;120A>G;123T>C;141A>G;163G>C;164A>G;165G>T;171T>G;174A>G;177G>A;180G>C],NA,p.[Arg20Asp;Glu55Arg],-1.5139992476139796,-1.5668245510674756,-1.4692528814089805,0.0324641096225316,-1.54002,-1.6150822353225345,-25.0,-1.0043519469353697
urn:mavedb:00000394-a-1#4021,c.[21C>T;36T>C;42C>G;51C>T;58C>G;59G>A;72C>T;75C>T;120A>G;123T>C;129G>A;141A>G;163G>A;165G>A;171T>G;174A>G;177G>A;180G>C],NA,p.[Arg20Asp;Glu55Lys],-1.442137497750281,-1.464080399703838,-1.4237877922375817,0.0248813599794267,-1.5239391,-0.9127206949600016,-1.1089142507711491,-0.7826538772930552
urn:mavedb:00000394-a-1#4022,c.[21C>T;36T>C;42C>G;58C>G;59G>A;60T>C;72C>T;75C>T;120A>G;141A>G;163G>A;164A>C;165G>T;168G>A;171T>G;174A>G;180G>C],NA,p.[Arg20Asp;Glu55Thr],-1.4613703642488196,-1.5160219184886032,-1.4212535838260598,0.0253097232942579,-1.5205522,-1.115971984779787,-2.6434208507540173,-0.7882039102019722
urn:mavedb:00000394-a-1#4023,c.[12C>T;21C>T;36T>C;42C>G;48C>T;58C>G;59G>A;60T>C;120A>G;123T>C;141A>G;163G>T;164A>C;165G>T;177G>A],NA,p.[Arg20Asp;Glu55Ser],-1.502199450675468,-1.5927694661750618,-1.4573312174794149,0.0309334156619697,-1.5222282,-1.7709180941587492,-25.0,-1.0585961278160847
urn:mavedb:00000394-a-1#4024,c.[6T>G;9G>A;21C>T;36T>C;42C>G;48C>T;58C>G;59G>A;60T>C;72C>T;75C>T;120A>G;123T>C;129G>A;141A>G;164A>C;165G>T;174A>G],NA,p.[Arg20Asp;Glu55Ala],-1.5144450408132952,-1.5663553348489354,-1.4636939372802786,0.0303850180849695,-1.5228219,-2.2843261358160567,-25.0,-1.1165373257494746
urn:mavedb:00000394-a-1#4025,c.[21C>T;36T>C;42C>G;58C>G;59G>A;60T>C;123T>C;126C>T;129G>A;135C>T;141A>G;164A>G;165G>T;171T>G;174A>G;177G>A;198G>T],NA,p.[Arg20Asp;Glu55Gly],-1.3508139291435883,-1.464073759251245,-1.261034020726418,0.0477888607733148,-1.520639,-0.4274202387045361,-1.143985997471123,-0.1163843981276898
urn:mavedb:00000394-a-1#4026,c.[6T>G;9G>A;12C>T;21C>T;36T>C;42C>G;58C>G;59G>A;60T>C;72C>T;75C>T;120A>G;129G>A;141A>G;163G>A;164A>T;171T>G;174A>G;177G>A;207T>C],NA,p.[Arg20Asp;Glu55Met],-1.419178739132854,-1.5508979406963566,-1.3759679593075764,0.0353641731056011,-1.5308595,-0.7114435783403349,-25.0,-0.4914019663371794
urn:mavedb:00000394-a-1#4027,c.[3C>T;6T>G;21C>T;36T>C;42C>G;48C>T;58C>G;59G>A;60T>C;120A>G;123T>C;141A>G;163G>T;164A>G;165G>C;177G>A],NA,p.[Arg20Asp;Glu55Cys],-0.9688148564032444,-1.035618447225925,-0.8737124961447565,0.0356254975074048,-1.5231256,0.5507074174796152,0.4228774625210159,0.7203158377753959
urn:mavedb:00000394-a-1#4028,c.[21C>T;36T>C;42C>G;51C>T;58C>G;59G>A;60T>C;120A>G;123T>C;141A>G;163G>C;164A>T;207T>C],NA,p.[Arg20Asp;Glu55Leu],-1.258485601445236,-1.293334376516816,-1.230805142025888,0.0346631671656273,-1.5300903,-0.081351116683491,-0.1865305732285051,-0.0045620479752469
urn:mavedb:00000394-a-1#4029,c.[21C>T;36T>C;42C>G;51C>T;54G>A;57T>G;58C>G;59G>A;60T>C;63G>C;72C>T;75C>T;114C>T;120A>G;123T>C;141A>G;164A>T;165G>T;177G>A],NA,p.[Arg20Asp;Glu55Val],-1.3691020246970873,-1.4630467270616834,-1.2983641523450344,0.0507078063307656,-1.5231886,-0.4949921500870403,-1.1059833320816834,-0.2251929708654053
urn:mavedb:00000394-a-1#4030,c.[3C>T;6T>G;12C>T;21C>T;36T>C;42C>G;51C>T;58C>G;59G>A;60T>C;99G>C;120A>G;123T>C;129G>A;141A>G;163G>A;164A>T;165G>C],NA,p.[Arg20Asp;Glu55Ile],-1.3661161571343454,-1.395433430137185,-1.3229165152791078,0.0335058610539432,-1.527422,-0.4633230472119937,-0.600344813817543,-0.2948197697914319
urn:mavedb:00000394-a-1#4031,c.[6T>G;9G>A;21C>T;36T>C;42C>G;54G>A;58C>G;59G>A;60T>C;69T>C;72C>T;78C>T;123T>C;126C>T;141A>G;163G>T;164A>G;174A>G;207T>C],NA,p.[Arg20Asp;Glu55Trp],-1.3259216368827438,-1.4216184013008857,-1.2332561837716918,0.0447751483559675,-1.5238514,-0.3185050528434237,-0.7692775646872652,-0.0281071697139978
urn:mavedb:00000394-a-1#4032,c.[21C>T;36T>C;42C>G;51C>T;58C>G;59G>A;60T>C;75C>T;120A>G;123T>C;132C>T;141A>G;163G>T;165G>C;171T>G;174A>G;177G>A],NA,p.[Arg20Asp;Glu55Tyr],-1.3326177935715,-1.3920439474642845,-1.2829922828901903,0.0466450114958693,-1.522213,-0.3494363852814689,-0.6096714067012031,-0.1787258975843287
urn:mavedb:00000394-a-1#4033,c.[6T>G;9G>A;12C>T;21C>T;36T>C;42C>G;58C>G;59G>A;60T>C;72C>T;75C>T;120A>G;123T>C;126C>T;141A>G;163G>T;164A>T;165G>C;177G>A],NA,p.[Arg20Asp;Glu55Phe],-1.17455417711745,-1.3220609999284887,-1.0964532829321434,0.0527985419096878,-1.525372,0.1262612570002218,-0.2990770238261134,0.3027165073963128
urn:mavedb:00000394-a-1#4034,c.[12C>T;21C>T;36T>C;42C>G;58C>G;59G>A;60T>C;72C>T;75C>T;120A>G;129G>A;141A>G;163G>C;164A>C;168G>A;171T>G;174A>G;177G>A;207T>C],NA,p.[Arg20Asp;Glu55Pro],-1.5508407131603903,-1.585607840769613,-1.4768098280059148,0.0262236956807249,-1.5138106,-15.0,-25.0,-1.403470909240104
urn:mavedb:00000394-a-1#4035,c.[21C>T;36T>C;42C>G;54G>A;58C>A;59G>A;60T>A;141A>G;156T>C;162G>C;163G>C;177G>A],NA,p.[Arg20Lys;Glu55Gln],-0.1539349745914259,-0.1926392507492298,-0.1445013557763194,0.030598626230245,-1.5255733,1.8079227454428808,1.7537187889211838,1.8211025337567444
urn:mavedb:00000394-a-1#4036,c.[6T>G;9G>A;21C>T;36T>C;39C>T;42C>G;58C>A;59G>A;60T>A;69T>C;72C>T;120A>G;129G>A;141A>G;162G>C;163G>A;165G>C;171T>G;174A>G;177G>A],NA,p.[Arg20Lys;Glu55Asn],-0.7833015497191222,-0.813544706207355,-0.764891459785533,0.0383427909452909,-1.5246081,0.8742073225317278,0.8244516473445275,0.9041180127744246
urn:mavedb:00000394-a-1#4037,c.[21C>T;24C>T;36T>C;42C>G;58C>A;59G>A;60T>A;69T>C;72C>T;120A>G;141A>G;163G>C;165G>C;171T>G;174A>G],NA,p.[Arg20Lys;Glu55His],-0.7364506406362556,-0.7574450798312768,-0.7142817802682901,0.0358987474778358,-1.5246458,0.9498701134025248,0.916200604723452,0.9850823023934814
urn:mavedb:00000394-a-1#4038,c.[6T>G;9G>A;21C>T;36T>C;42C>G;48C>T;54G>A;58C>A;59G>A;60T>A;72C>T;75C>T;78C>T;123T>C;135C>T;141A>G;165G>C;171T>G;174A>G;177G>A;207T>C],NA,p.[Arg20Lys;Glu55Asp],-0.7922205593673228,-0.8506724398888416,-0.7114877877196806,0.0561871601654918,-1.5203466,0.8526239180309617,0.7549769886301878,0.9827055927050946
urn:mavedb:00000394-a-1#4039,c.[3C>T;6T>G;36T>C;42C>G;58C>A;59G>A;60T>G;72C>T;75C>T;120A>G;141A>G;163G>C;164A>G;165G>T;174A>G],NA,p.[Arg20Lys;Glu55Arg],-0.2380296559551905,-0.2631552867372211,-0.2167168292135783,0.0513842648812492,-1.5467396,1.719627197564736,1.6842248414338974,1.7495770735276626
urn:mavedb:00000394-a-1#4040,c.[6T>G;9G>A;12C>T;21C>T;36T>C;42C>G;48C>T;51C>T;54G>A;58C>A;59G>A;60T>A;63G>C;78C>T;120A>G;141A>G;163G>A],NA,p.[Arg20Lys;Glu55Lys],-0.3195679386484,-0.3335659005121483,-0.3019001041991381,0.0461555816743789,-1.5308156,1.5816966128083196,1.5617284747429976,1.6068412844666158
urn:mavedb:00000394-a-1#4041,c.[6T>G;9G>A;21C>T;36T>C;42C>G;58C>A;59G>A;60T>A;69T>C;84C>T;87T>C;120A>G;123T>C;126C>T;141A>G;163G>A;164A>C;165G>T;168G>A;174A>G],NA,p.[Arg20Lys;Glu55Thr],-0.1657276313551934,-0.1844896361084171,-0.1432807496889747,0.0392901631349276,-1.5274606,1.7940654198622568,1.7677906614577623,1.8254362675961613
urn:mavedb:00000394-a-1#4042,c.[21C>T;36T>C;42C>G;48C>T;57T>G;58C>A;59G>A;60T>G;72C>T;75C>T;123T>C;141A>G;163G>T;164A>C;165G>T;171T>G;174A>G;177G>A],NA,p.[Arg20Lys;Glu55Ser],-0.429717179578289,-0.4721503768121403,-0.4113789053337621,0.0415834541758763,-1.5291204,1.4208618788317269,1.3589615142845206,1.447450709732902
urn:mavedb:00000394-a-1#4043,c.[21C>T;36T>C;42C>G;48C>T;58C>A;59G>A;60T>A;72C>T;75C>T;78C>T;87T>C;120A>G;123T>C;141A>G;164A>C;165G>T;168G>A;171T>G;177G>A;180G>C],NA,p.[Arg20Lys;Glu55Ala],-0.5042643762030112,-0.5160439198322767,-0.4865648992150206,0.0324832214162512,-1.5297089,1.3126016788555783,1.295191794843958,1.3386701367125249
urn:mavedb:00000394-a-1#4044,c.[3C>T;6T>G;21C>T;36T>C;42C>G;58C>A;59G>A;60T>A;78C>T;120A>G;123T>C;126C>T;129G>A;141A>G;164A>G;165G>T;174A>G],NA,p.[Arg20Lys;Glu55Gly],-1.2158999557280166,-1.2662640471758295,-1.181072093729198,0.0294941385040442,-1.5275469,0.028131063081947,-0.1114173032160011,0.1157504291933735
urn:mavedb:00000394-a-1#4045,c.[21C>T;36T>C;42C>G;48C>T;58C>A;59G>A;60T>A;66G>A;120A>G;123T>C;141A>G;163G>A;164A>T;177G>A;180G>C;183A>G],NA,p.[Arg20Lys;Glu55Met],-0.1307595018331775,-0.1448861451466039,-0.1133431421019142,0.0338691518654786,-1.5376697,1.857103595007097,1.8374113922217656,1.8813478170945723
urn:mavedb:00000394-a-1#4046,c.[6T>G;9G>A;21C>T;36T>C;42C>G;48C>T;58C>A;59G>A;60T>A;72C>T;75C>T;120A>G;123T>C;129G>A;141A>G;163G>T;164A>G;165G>C],NA,p.[Arg20Lys;Glu55Cys],-0.6274711092024072,-0.6536809376713221,-0.6036795805671846,0.0351769748551557,-1.5300097,1.1282188545693062,1.0880052768842234,1.1644234200458052
urn:mavedb:00000394-a-1#4047,c.[6T>G;9G>A;12C>T;21C>T;36T>C;42C>G;48C>T;58C>A;59G>A;60T>A;72C>T;75C>T;120A>G;123T>C;129G>A;141A>G;163G>C;164A>T;174A>G],NA,p.[Arg20Lys;Glu55Leu],-0.1890204211326796,-0.1946012598766029,-0.1807903428678139,0.0335439586217356,-1.5369077,1.7746543213942536,1.766833294083474,1.7861797914126472
urn:mavedb:00000394-a-1#4048,c.[3C>T;18C>T;21C>T;27G>A;36T>C;42C>G;54G>A;58C>A;59G>A;60T>A;78C>T;102T>C;120A>G;123T>C;126C>T;129G>A;141A>G;164A>T;165G>T;168G>A;177G>A],NA,p.[Arg20Lys;Glu55Val],0.2403006177336598,0.2143261312681278,0.2461623659241646,0.0365767227356368,-1.5300727,2.357604968573325,2.322112543680593,2.365611112297375
urn:mavedb:00000394-a-1#4049,c.[9G>A;36T>C;42C>G;48C>T;58C>A;59G>A;60T>A;69T>C;84C>T;120A>G;123T>C;126C>T;163G>A;164A>T;165G>C],NA,p.[Arg20Lys;Glu55Ile],0.2102982624796225,0.1897917698948874,0.2275116673181116,0.0549177050766636,-1.5342655,2.322308969953966,2.294270129505108,2.3458315914456014
urn:mavedb:00000394-a-1#4050,c.[6T>G;9G>A;21C>T;36T>C;42C>G;54G>A;58C>A;59G>A;60T>A;69T>C;72C>T;123T>C;126C>T;141A>G;163G>T;164A>G;177G>A],NA,p.[Arg20Lys;Glu55Trp],-0.7845829232084399,-0.8172538258168939,-0.7533651804800102,0.0317378874482209,-1.5307288,0.882092047102588,0.8284449559330254,0.932535234277076
urn:mavedb:00000394-a-1#4051,c.[3C>T;6T>G;21C>T;36T>C;42C>G;48C>T;58C>A;59G>A;60T>A;66G>A;120A>G;123T>C;129G>A;141A>G;163G>T;165G>T;171T>G;174A>G;177G>A],NA,p.[Arg20Lys;Glu55Tyr],-0.6973477368182487,-0.7419594421488098,-0.6675259656099072,0.0267313667441883,-1.5291061,1.018750552071895,0.9481927967265644,1.0652155903424136
urn:mavedb:00000394-a-1#4052,c.[3C>T;6T>G;9G>A;21C>T;36T>C;51C>T;58C>A;59G>A;60T>A;72C>T;75C>T;78C>T;108G>C;120A>G;123T>C;129G>A;141A>G;163G>T;164A>T;165G>C;198G>T],NA,p.[Arg20Lys;Glu55Phe],-0.5898070630867185,-0.6202809917621094,-0.5465842838649011,0.0410794086223762,-1.5322347,1.1887663105540152,1.1425767571442622,1.2535786998620777
urn:mavedb:00000394-a-1#4053,c.[12C>T;21C>T;36T>C;42C>G;54G>A;58C>A;59G>A;60T>A;72C>T;75C>T;141A>G;163G>C;164A>C;165G>A;168G>A;177G>A],NA,p.[Arg20Lys;Glu55Pro],-1.4829684335431508,-1.5026273718544156,-1.4588768821370115,0.038062991193415,-1.520782,-1.3903183231507972,-1.8291598108679648,-1.0880177616139095
urn:mavedb:00000394-a-1#4054,c.[6T>G;9G>A;12C>T;21C>T;36T>C;42C>G;58C>A;59G>C;60T>C;72C>T;75C>T;120A>G;132C>T;141A>G;162G>C;163G>C;174A>G],NA,p.[Arg20Thr;Glu55Gln],-1.263108401337492,-1.3413107830802131,-1.2116027555050704,0.044491780971953,-1.5268273,-0.1042445089360472,-0.3649705309218142,0.0374262792338204
urn:mavedb:00000394-a-1#4055,c.[6T>G;9G>A;21C>T;36T>C;42C>G;48C>T;58C>A;59G>C;60T>C;69T>C;72C>T;120A>G;123T>C;129G>A;141A>G;153A>G;162G>C;163G>A;165G>C;168G>A;171T>G;177G>A],NA,p.[Arg20Thr;Glu55Asn],-1.3738301781203872,-1.3999382466563466,-1.312525491971601,0.0362599174034903,-1.5258641,-0.5042223569884554,-0.6318668031970218,-0.263922475514466
urn:mavedb:00000394-a-1#4056,c.[3C>T;6T>G;9G>A;21C>T;36T>C;42C>G;58C>A;59G>C;60T>C;69T>C;123T>C;126C>T;141A>G;163G>C;165G>C;168G>A;171T>G;180G>C],NA,p.[Arg20Thr;Glu55His],-1.2460927556712775,-1.2589727939554023,-1.2245458198203918,0.0170812415654936,-1.5259018,-0.0580333206887754,-0.0948656862964246,0.0009797539602309
urn:mavedb:00000394-a-1#4057,c.[3C>T;6T>G;21C>T;36T>C;42C>G;54G>A;58C>A;59G>C;60T>C;78C>T;120A>G;123T>C;126C>T;141A>G;165G>C;177G>A;207T>C],NA,p.[Arg20Thr;Glu55Asp],-1.440210429070508,-1.5330361768558676,-1.3079093428064947,0.0378714908998854,-1.5216098,-0.91585638197695,-25.0,-0.2626772569045796
urn:mavedb:00000394-a-1#4058,c.[3C>T;6T>G;21C>T;36T>C;42C>G;48C>T;58C>A;59G>C;60T>C;120A>G;123T>C;141A>G;163G>C;164A>G;165G>T;171T>G;174A>G;177G>A;198G>T],NA,p.[Arg20Thr;Glu55Arg],-1.145979157553149,-1.1662460888466215,-1.1198410134589245,0.0378262535377116,-1.547956,0.2442585056922031,0.1987058671706615,0.3009974009096762
urn:mavedb:00000394-a-1#4059,c.[6T>G;9G>A;21C>T;36T>C;42C>G;58C>A;59G>C;60T>C;72C>T;75C>T;120A>G;123T>C;126C>T;141A>G;163G>A;177G>A;180G>C],NA,p.[Arg20Thr;Glu55Lys],-1.0288328878840522,-1.044599811741159,-1.019579062282452,0.025948306322354,-1.5320601,0.4537380973394949,0.4227812156271197,0.4716674777449658
urn:mavedb:00000394-a-1#4060,c.[21C>T;36T>C;42C>G;48C>T;58C>A;59G>C;60T>C;72C>T;75C>T;78C>T;120A>G;123T>C;132C>T;141A>G;163G>A;164A>C;165G>T;168G>A;171T>G;174A>G;177G>A],NA,p.[Arg20Thr;Glu55Thr],-1.1342679622375162,-1.1710188383515745,-1.0885199893668045,0.021715253476448,-1.5287113,0.227500391415269,0.142725843479956,0.3265276809033052
urn:mavedb:00000394-a-1#4061,c.[3C>T;6T>G;21C>T;36T>C;42C>G;48C>T;58C>A;59G>C;60T>C;78C>T;123T>C;141A>G;163G>T;164A>C;165G>T;174A>G],NA,p.[Arg20Thr;Glu55Ser],-1.3278280605640975,-1.3527155926677727,-1.3030717243675212,0.0201257347284965,-1.5303688,-0.3018339787765864,-0.3957083725623299,-0.2170562326573552
urn:mavedb:00000394-a-1#4062,c.[6T>G;9G>A;21C>T;36T>C;42C>G;58C>A;59G>C;60T>C;72C>T;75C>T;120A>G;141A>G;164A>C;165G>T;168G>A;174A>G],NA,p.[Arg20Thr;Glu55Ala],-1.462231984074743,-1.5432550770792777,-1.4222220482219314,0.0327937340613625,-1.5309563,-1.022740512053692,-25.0,-0.7290025318149187
urn:mavedb:00000394-a-1#4063,c.[6T>G;9G>A;21C>T;39C>T;42C>G;48C>T;58C>A;59G>C;60T>C;69T>C;72C>T;120A>G;123T>C;141A>G;164A>G;165G>T;168G>A;177G>A],NA,p.[Arg20Thr;Glu55Gly],-1.2954100078332995,-1.3521556111610904,-1.25934718858051,0.040172164795114,-1.5287976,-0.1972930746824813,-0.3997401318095114,-0.0875569583988739
urn:mavedb:00000394-a-1#4064,c.[9G>A;18C>T;21C>T;42C>G;48C>T;58C>A;59G>C;60T>C;84C>T;87T>C;120A>G;123T>C;126C>T;141A>G;163G>A;164A>T;168G>A],NA,p.[Arg20Thr;Glu55Met],-1.0319069709446884,-1.0581398813220262,-0.994368364977581,0.0378960543955253,-1.5389023,0.4610569377987655,0.4094647722675554,0.5325053488090042
urn:mavedb:00000394-a-1#4065,c.[6T>G;9G>A;21C>T;36T>C;42C>G;54G>A;58C>A;59G>C;60T>C;72C>T;75C>T;129G>A;141A>G;163G>T;164A>G;165G>C;177G>A],NA,p.[Arg20Thr;Glu55Cys],-0.956858281477386,-1.0097239085588874,-0.906064130977339,0.047428276572925,-1.5312562,0.5875987499569636,0.4890415876405803,0.6782582260427005
urn:mavedb:00000394-a-1#4066,c.[21C>T;39C>T;42C>G;51C>T;58C>A;59G>C;60T>C;120A>G;123T>C;141A>G;163G>C;164A>T;171T>G;174A>G;177G>A;195G>A;207T>C],NA,p.[Arg20Thr;Glu55Leu],-1.19870910689651,-1.2503240124902788,-1.097106115710369,0.0379661551140608,-1.5381413,0.0985194909381414,-0.0357417820554823,0.3282927660790787
urn:mavedb:00000394-a-1#4067,c.[21C>T;36T>C;42C>G;58C>A;59G>C;60T>C;72C>T;75C>T;141A>G;164A>T;165G>T;177G>A;207T>C],NA,p.[Arg20Thr;Glu55Val],-0.969472395806388,-0.9816333816566942,-0.926926864802971,0.0310681641389561,-1.5313187,0.5646198032793753,0.5421156437628396,0.6415607186716594
urn:mavedb:00000394-a-1#4068,c.[21C>T;36T>C;42C>G;51C>T;58C>A;59G>C;60T>C;120A>G;123T>C;141A>G;163G>A;164A>T;165G>C;177G>A],NA,p.[Arg20Thr;Glu55Ile],-0.918063855565416,-0.9447156010154334,-0.894014072362548,0.0207643966429999,-1.5355034,0.6646439938293155,0.6172433695352962,0.706628400409252
urn:mavedb:00000394-a-1#4069,c.[3C>T;6T>G;9G>A;21C>T;36T>C;42C>G;58C>A;59G>C;60T>C;72C>T;75C>T;120A>G;129G>A;141A>G;163G>T;164A>G;177G>A],NA,p.[Arg20Thr;Glu55Trp],-1.11608380075237,-1.1529563322353336,-1.0905748873223924,0.031953402649201,-1.5319729,0.2747285580919077,0.192545064081158,0.32905455708752
urn:mavedb:00000394-a-1#4070,c.[3C>T;6T>G;21C>T;36T>C;42C>G;54G>A;58C>A;59G>C;60T>C;72C>T;75C>T;141A>G;163G>T;165G>C;174A>G],NA,p.[Arg20Thr;Glu55Tyr],-1.3239760545430943,-1.3799693969029534,-1.2762423444881772,0.0306111787618611,-1.530354,-0.288185095134841,-0.5117149850278604,-0.1328202109921366
urn:mavedb:00000394-a-1#4071,c.[9G>A;21C>T;36T>C;42C>G;51C>T;54G>A;58C>A;59G>C;66G>A;69T>C;72C>T;84C>T;120A>G;123T>C;141A>G;163G>T;164A>T;165G>C;168G>A;174A>G;198G>T;207T>C],NA,p.[Arg20Thr;Glu55Phe],-1.167710584299671,-1.2014639807556269,-1.0707999538828303,0.0344752035001449,-1.5334768,0.161803994283667,0.0801140795906483,0.3729994031183103
urn:mavedb:00000394-a-1#4072,c.[6T>G;9G>A;21C>T;36T>C;42C>G;48C>T;58C>A;59G>C;60T>C;69T>C;120A>G;123T>C;141A>G;163G>C;164A>C;165G>A;168G>A;171T>G;177G>A],NA,p.[Arg20Thr;Glu55Pro],-1.4831203400619617,-1.5413584547841417,-1.4392100260448393,0.032129091951027,-1.5220437,-1.3727889163114753,-25.0,-0.9047373769280882
urn:mavedb:00000394-a-1#4073,c.[21C>T;36T>C;42C>G;51C>T;58C>T;59G>C;72C>T;75C>T;78C>T;120A>G;123T>C;141A>G;162G>C;163G>C;168G>A;177G>A],NA,p.[Arg20Ser;Glu55Gln],-0.9316303851854564,-0.9707249652276868,-0.8988742424130796,0.0254645199382324,-1.5284252,0.6280152578738222,0.5569759004346488,0.6858800021056427
urn:mavedb:00000394-a-1#4074,c.[6T>G;9G>A;21C>T;36T>C;42C>G;48C>T;58C>T;59G>C;69T>C;120A>G;123T>C;141A>G;163G>A;165G>T;177G>A],NA,p.[Arg20Ser;Glu55Asn],-1.1276848459691808,-1.1610936829094265,-1.095486882274953,0.0306491322745887,-1.5274639,0.2393941183501968,0.163222213184195,0.3092118402106713
urn:mavedb:00000394-a-1#4075,c.[3C>T;6T>G;21C>T;36T>C;42C>G;51C>T;58C>T;59G>C;120A>G;123T>C;141A>G;163G>C;165G>C;168G>A;171T>G;174A>G;180G>C],NA,p.[Arg20Ser;Glu55His],-1.0959338550072464,-1.138261825422577,-1.0644752330935652,0.0430332742209302,-1.5275016,0.3083440655086223,0.2158065559486563,0.3737137593828295
urn:mavedb:00000394-a-1#4076,c.[21C>T;36T>C;42C>G;51C>T;54G>A;58C>T;59G>C;72C>T;75C>T;120A>G;123T>C;132C>T;141A>G;165G>C;171T>G;174A>G;177G>A],NA,p.[Arg20Ser;Glu55Asp],-1.3272432759107136,-1.357716123807072,-1.3113699084727746,0.0209682976920438,-1.5232191,-0.325662478579666,-0.4454450920552785,-0.2690610665506247
urn:mavedb:00000394-a-1#4077,c.[6T>G;9G>A;12C>T;21C>T;36T>C;42C>G;48C>T;58C>T;59G>C;120A>G;123T>C;141A>G;163G>C;164A>G;165G>T;177G>A],NA,p.[Arg20Ser;Glu55Arg],-0.700923243172554,-0.7498979882846815,-0.679743583457751,0.0275879867262766,-1.5495052,1.045010399496041,0.9680195788864062,1.0778545631246936
urn:mavedb:00000394-a-1#4078,c.[3C>T;6T>G;21C>T;36T>C;42C>G;48C>T;54G>A;58C>T;59G>C;72C>T;75C>T;90T>C;120A>G;123T>C;150C>T;163G>A;165G>A;171T>G;174A>G;177G>A],NA,p.[Arg20Ser;Glu55Lys],-0.6418162174252315,-0.676538298576434,-0.6112389935097072,0.0450261661241814,-1.5336461,1.111828143479323,1.058276492340975,1.158468514226192
urn:mavedb:00000394-a-1#4079,c.[6T>G;9G>A;21C>T;24C>T;36T>C;42C>G;51C>T;54G>A;58C>T;59G>C;69T>C;72C>T;78C>T;123T>C;129G>A;141A>G;147G>C;153A>G;162G>C;163G>A;164A>C;165G>T;168G>A;171T>G;174A>G;180G>C],NA,p.[Arg20Ser;Glu55Thr],-0.8112934276483327,-0.833407109889984,-0.7866532155477675,0.0329214824576635,-1.5303054,0.8376029255551628,0.8008594249171416,0.8780295928982943
urn:mavedb:00000394-a-1#4080,c.[21C>T;36T>C;42C>G;58C>T;59G>C;108G>C;120A>G;141A>G;163G>T;164A>C;165G>T;177G>A],NA,p.[Arg20Ser;Glu55Ser],-1.0420147499162304,-1.072561927828651,-0.9992141715163664,0.0271994060439576,-1.5319586,0.4276927960055524,0.3663014029146862,0.5103484838869674
urn:mavedb:00000394-a-1#4081,c.[3C>T;6T>G;15A>G;21C>T;36T>C;39C>T;51C>T;58C>T;59G>C;60T>C;66G>A;96C>T;108G>C;120A>G;129G>A;141A>G;164A>C;165G>T;174A>G;189G>A;198G>T],NA,p.[Arg20Ser;Glu55Ala],-1.1712672512350544,-1.2207431897953245,-1.0874833253645215,0.0339029330637543,-1.5325451,0.1512312701568638,0.0285339103929774,0.3367055208581066
urn:mavedb:00000394-a-1#4082,c.[6T>G;9G>A;12C>T;21C>T;36T>C;42C>G;54G>A;58C>T;59G>C;120A>G;123T>C;126C>T;129G>A;141A>G;164A>G;165G>T;177G>A;207T>C],NA,p.[Arg20Ser;Glu55Gly],-1.4184261402176823,-1.4772393448825996,-1.359406430479052,0.0492676520261932,-1.5303907,-0.7097738225922227,-1.182421102706538,-0.4226517600038948
urn:mavedb:00000394-a-1#4083,c.[21C>T;36T>C;42C>G;48C>T;51C>T;58C>T;59G>C;63G>C;72C>T;75C>T;120A>G;123T>C;132C>T;141A>G;163G>A;164A>T;168G>A;171T>G;174A>G;177G>A;180G>C],NA,p.[Arg20Ser;Glu55Met],-0.8652835593142605,-0.9256876629179014,-0.8360706336836522,0.0226785013657629,-1.5404735,0.7643237272273322,0.6599643929524062,0.8133736976268762
urn:mavedb:00000394-a-1#4084,c.[6T>G;9G>A;21C>T;36T>C;42C>G;51C>T;58C>T;59G>C;60T>C;66G>A;78C>T;120A>G;123T>C;141A>G;163G>T;164A>G;165G>C;177G>A;183A>G],NA,p.[Arg20Ser;Glu55Cys],-0.6222087805793453,-0.6538299552424098,-0.55490469952447,0.0401080807770752,-1.5328445,1.140568545400287,1.0921400117346942,1.2420724078109509
urn:mavedb:00000394-a-1#4085,c.[6T>G;9G>A;21C>T;39C>T;54G>A;58C>T;59G>C;72C>T;75C>T;120A>G;141A>G;163G>C;164A>T;171T>G;174A>G;177G>A],NA,p.[Arg20Ser;Glu55Leu],-0.8251716816660075,-0.8701308507252896,-0.8075346201114583,0.0418372176213562,-1.5397139,0.8302065048657485,0.7548108465253017,0.8592648359738613
urn:mavedb:00000394-a-1#4086,c.[3C>T;6T>G;9G>A;21C>T;24C>T;36T>C;42C>G;54G>A;58C>T;59G>C;69T>C;75C>T;78C>T;99G>C;105C>T;114C>T;120A>G;123T>C;126C>T;129G>A;141A>G;164A>T;165G>T;177G>A;207T>C],NA,p.[Arg20Ser;Glu55Val],-0.6520954597113037,-0.6941129248458419,-0.6206860263474662,0.0500976700226757,-1.532907,1.094906016953472,1.0297575046455298,1.1429830787674409
urn:mavedb:00000394-a-1#4087,c.[6T>G;9G>A;21C>T;36T>C;42C>G;54G>A;58C>T;59G>C;66G>A;141A>G;163G>A;164A>T;165G>C;180G>C],NA,p.[Arg20Ser;Glu55Ile],-0.5823817305731281,-0.593681050847479,-0.5663812019424289,0.0291032538888087,-1.5370827,1.2072448389993446,1.190230360574524,1.2312450274527074
urn:mavedb:00000394-a-1#4088,c.[21C>T;36T>C;42C>G;58C>T;59G>C;108G>C;120A>G;123T>C;126C>T;141A>G;163G>T;164A>G;171T>G;174A>G;177G>A;180G>C],NA,p.[Arg20Ser;Glu55Trp],-1.0000731972638073,-1.0442696049835445,-0.9484948418492004,0.0623530927180352,-1.5335598,0.5117500857203016,0.4264008093440197,0.6069374360962736
urn:mavedb:00000394-a-1#4089,c.[3C>T;6T>G;21C>T;36T>C;42C>G;54G>A;58C>T;59G>C;72C>T;75C>T;120A>G;123T>C;126C>T;129G>A;141A>G;163G>T;165G>C;171T>G;174A>G;177G>A],NA,p.[Arg20Ser;Glu55Tyr],-1.174893656032814,-1.21699816123169,-1.109454149246762,0.0380689264086853,-1.5319438,0.1411952098315474,0.0367029219428496,0.2889693619760595
urn:mavedb:00000394-a-1#4090,c.[21C>T;36T>C;42C>G;51C>T;58C>T;59G>C;72C>T;75C>T;108G>C;120A>G;123T>C;141A>G;163G>T;164A>T;165G>C;177G>A],NA,p.[Arg20Ser;Glu55Phe],-1.120615629466258,-1.1552403890120002,-1.1015823947718086,0.0311358548064895,-1.5350604,0.271593508544017,0.1943862171492579,0.3123876545886573
urn:mavedb:00000394-a-1#4091,c.[6T>G;9G>A;15A>G;21C>T;36T>C;42C>G;48C>T;58C>T;59G>C;69T>C;120A>G;123T>C;129G>A;141A>G;163G>C;164A>C;168G>A;180G>C],NA,p.[Arg20Ser;Glu55Pro],-1.4894443009952942,-1.5113830456819928,-1.4711267145186886,0.0213063656569755,-1.5236526,-1.4508757030532784,-2.060360319248873,-1.1897121078946975
urn:mavedb:00000394-a-1#4092,c.[3C>T;6T>G;21C>T;36T>C;42C>G;51C>T;58C>G;59G>C;60T>G;123T>C;141A>G;162G>C;163G>C;174A>G],NA,p.[Arg20Ala;Glu55Gln],-0.7608380222658127,-0.7824315723409676,-0.7506086738139587,0.026621015208122,-1.5280495,0.9162154368152728,0.8812341958868465,0.9326610702142742
urn:mavedb:00000394-a-1#4093,c.[21C>T;36T>C;42C>G;57T>G;58C>G;59G>C;60T>G;69T>C;72C>T;120A>G;123T>C;126C>T;141A>G;147G>C;153A>G;162G>C;163G>A;165G>C;177G>A;198G>T],NA,p.[Arg20Ala;Glu55Asn],-0.9653131560001348,-0.9809676673357456,-0.9448995015982298,0.0337507870686338,-1.5270882,0.5644905620833854,0.5354742032897591,0.6017423839709415
urn:mavedb:00000394-a-1#4094,c.[3C>T;6T>G;21C>T;24C>T;36T>C;42C>G;51C>T;58C>G;59G>C;60T>G;75C>T;120A>G;123T>C;129G>A;141A>G;163G>C;165G>T;171T>G;174A>G;177G>A],NA,p.[Arg20Ala;Glu55His],-1.0495622568494003,-1.090461583640005,-1.0074673813396768,0.0397293729505382,-1.5271263,0.4030758084262552,0.3191171005755763,0.4854603019083748
urn:mavedb:00000394-a-1#4095,c.[21C>T;36T>C;42C>G;51C>T;58C>G;59G>C;60T>G;63G>C;120A>G;123T>C;141A>G;165G>C;177G>A],NA,p.[Arg20Ala;Glu55Asp],-1.272534242857898,-1.309648636586685,-1.247411834037408,0.0217350441869094,-1.522841,-0.144354847599743,-0.2644252261841154,-0.0704183939830435
urn:mavedb:00000394-a-1#4096,c.[6T>G;9G>A;12C>T;21C>T;36T>C;42C>G;58C>G;59G>C;72C>T;75C>T;120A>G;141A>G;163G>C;164A>G;165G>T;177G>A;207T>C],NA,p.[Arg20Ala;Glu55Arg],-0.6028949433664774,-0.6195470217332038,-0.5725647356892583,0.0464258601390777,-1.5491414,1.1945064295289975,1.1693499052168734,1.2400171261440591
urn:mavedb:00000394-a-1#4097,c.[6T>G;9G>A;12C>T;21C>T;36T>C;42C>G;48C>T;58C>G;59G>C;60T>G;99G>C;120A>G;123T>C;129G>A;141A>G;163G>A;165G>A;168G>A;174A>G;180G>C],NA,p.[Arg20Ala;Glu55Lys],-0.5896238474067037,-0.6139921669590261,-0.5652505775606447,0.049485594458927,-1.5332737,1.1906088298426494,1.153722300721227,1.2272393727378934
urn:mavedb:00000394-a-1#4098,c.[6T>G;9G>A;21C>T;36T>C;42C>G;58C>G;59G>C;60T>G;69T>C;72C>T;120A>G;123T>C;126C>T;141A>G;163G>A;164A>C;165G>T;171T>G;177G>A],NA,p.[Arg20Ala;Glu55Thr],-0.631320133936199,-0.6488069763766702,-0.5922401959396785,0.0267702908857734,-1.5299311,1.1222153791563785,1.0953898047795616,1.1816173713044635
urn:mavedb:00000394-a-1#4099,c.[6T>G;9G>A;12C>T;21C>T;36T>C;42C>G;58C>G;59G>C;60T>G;108G>C;120A>G;123T>C;126C>T;141A>G;163G>T;164A>C;165G>T;174A>G],NA,p.[Arg20Ala;Glu55Ser],-0.9002895785152497,-0.9216809949245988,-0.8823123526436417,0.039238963008622,-1.5315852,0.6889217943910463,0.6513411199538166,0.7200695782219578
urn:mavedb:00000394-a-1#4100,c.[21C>T;36T>C;42C>G;48C>T;57T>G;58C>G;59G>C;60T>G;120A>G;123T>C;141A>G;164A>C;165G>T;177G>A],NA,p.[Arg20Ala;Glu55Ala],-0.9469872398612796,-0.9596350185159084,-0.9259015272020472,0.0346267018352112,-1.5321717,0.6071538060409194,0.5842062896511787,0.6448975800497451
urn:mavedb:00000394-a-1#4101,c.[21C>T;36T>C;42C>G;51C>T;58C>G;59G>C;60T>G;72C>T;75C>T;120A>G;123T>C;141A>G;164A>G;165G>T;180G>C],NA,p.[Arg20Ala;Glu55Gly],-1.2907724223749266,-1.3743882578320883,-1.1709373574502535,0.0454266953866331,-1.5300169,-0.1786526742968244,-0.4881266504230858,0.1460228639172479
urn:mavedb:00000394-a-1#4102,c.[21C>T;36T>C;42C>G;58C>G;59G>C;60T>G;72C>T;75C>T;120A>G;141A>G;163G>A;164A>T;177G>A;180G>C],NA,p.[Arg20Ala;Glu55Met],-0.704357120481701,-0.717174563733501,-0.6893850789321074,0.0280109377080148,-1.5401044,1.0249872572894638,1.00488214703842,1.048344650607567
urn:mavedb:00000394-a-1#4103,c.[6T>G;9G>A;12C>T;21C>T;36T>C;42C>G;51C>T;57T>G;58C>G;59G>C;60T>G;75C>T;120A>G;129G>A;141A>G;163G>T;164A>G;165G>C],NA,p.[Arg20Ala;Glu55Cys],-0.6479944911708386,-0.6718438149560108,-0.6275579343527692,0.0241878201655078,-1.5324712,1.1005427813046635,1.0637361225627082,1.1318424419555513
urn:mavedb:00000394-a-1#4104,c.[3C>T;6T>G;21C>T;36T>C;42C>G;54G>A;58C>G;59G>C;60T>G;69T>C;72C>T;120A>G;162G>C;163G>C;164A>T;171T>G;174A>G],NA,p.[Arg20Ala;Glu55Leu],-0.8079633578353687,-0.8234418039298455,-0.7788216046136691,0.0276125417475424,-1.5393448,0.857956460154498,0.8324585773979387,0.9054116965388616
urn:mavedb:00000394-a-1#4105,c.[6T>G;9G>A;21C>T;36T>C;42C>G;58C>G;59G>C;60T>G;69T>C;72C>T;141A>G;164A>T;165G>T;177G>A],NA,p.[Arg20Ala;Glu55Val],-0.2942560654433195,-0.3173771404985778,-0.2718817139475076,0.0610984605693782,-1.5325336,1.6201360207717936,1.587261603783362,1.6518492914095273
urn:mavedb:00000394-a-1#4106,c.[6T>G;9G>A;21C>T;36T>C;42C>G;48C>T;58C>G;59G>C;60T>G;66G>A;72C>T;75C>T;120A>G;123T>C;141A>G;163G>A;164A>T;165G>C;168G>A;171T>G;177G>A],NA,p.[Arg20Ala;Glu55Ile],-0.3660471789771865,-0.3800991817290575,-0.3461156080382582,0.0403640191729148,-1.5367112,1.523674066317005,1.50350005400052,1.5522101662376615
urn:mavedb:00000394-a-1#4107,c.[6T>G;9G>A;21C>T;36T>C;42C>G;51C>T;54G>A;58C>G;59G>C;60T>G;69T>C;72C>T;120A>G;123T>C;141A>G;163G>T;164A>G;180G>C],NA,p.[Arg20Ala;Glu55Trp],-0.9925376071777308,-1.0425863964509297,-0.9187099984722517,0.0320770607669843,-1.5331879,0.5252349730245336,0.4289906608605066,0.6594247549799768
urn:mavedb:00000394-a-1#4108,c.[21C>T;36T>C;54G>A;58C>G;59G>C;60T>G;63G>C;108G>C;120A>G;141A>G;163G>T;165G>T;171T>G;174A>G;177G>A;180G>C;198G>T],NA,p.[Arg20Ala;Glu55Tyr],-0.9870722934280218,-1.0852134937271234,-0.9412420181587686,0.0461034963348107,-1.5315704,0.5324415368942846,0.3394018744508646,0.6164195900363771
urn:mavedb:00000394-a-1#4109,c.[3C>T;6T>G;21C>T;36T>C;42C>G;48C>T;54G>A;58C>G;59G>C;84C>T;96C>T;120A>G;123T>C;129G>A;141A>G;163G>T;164A>T;165G>C;171T>G;174A>G;177G>A],NA,p.[Arg20Ala;Glu55Phe],-1.0007256242318547,-1.0394972704654428,-0.9275259120210116,0.0451616602228248,-1.5346885,0.5126489663028055,0.4380251351816038,0.6464802320462829
urn:mavedb:00000394-a-1#4110,c.[6T>G;9G>A;21C>T;36T>C;42C>G;51C>T;58C>G;59G>C;72C>T;75C>T;120A>G;123T>C;141A>G;163G>C;164A>C;168G>A;174A>G],NA,p.[Arg20Ala;Glu55Pro],-1.473748815906721,-1.4974547415336594,-1.4370451695061417,0.0311040229139761,-1.5232749,-1.2258626545260047,-1.619703875308466,-0.8790912057286794
urn:mavedb:00000394-a-1#4111,c.[3C>T;6T>G;12C>T;15A>G;21C>T;36T>C;42C>G;58C>G;72C>T;75C>T;87T>C;120A>G;123T>C;126C>T;141A>G;162G>C;163G>C;168G>A;174A>G;180G>C],NA,p.[Arg20Gly;Glu55Gln],-1.3901159219913062,-1.4397247600216272,-1.3448566156903026,0.0367105877713865,-1.5244541,-0.5884607953859379,-0.8903071339422843,-0.3880066796238504
urn:mavedb:00000394-a-1#4112,c.[21C>T;36T>C;42C>G;51C>T;54G>A;58C>G;78C>T;84C>T;108G>C;120A>G;123T>C;141A>G;163G>A;165G>C;177G>A],NA,p.[Arg20Gly;Glu55Asn],-1.3724403737069235,-1.4413763820079395,-1.332695197879303,0.0447799167933824,-1.5234871,-0.5086979369187845,-0.9103200780132924,-0.3449298020403757
urn:mavedb:00000394-a-1#4113,c.[3C>T;6T>G;21C>T;24C>T;36T>C;42C>G;51C>T;54G>A;58C>G;69T>C;72C>T;78C>T;105C>T;114C>T;120A>G;123T>C;141A>G;163G>C;165G>C;171T>G;174A>G;180G>C],NA,p.[Arg20Gly;Glu55His],-1.3339723320575745,-1.4186626419743058,-1.2624417369784269,0.0481407218191725,-1.5235262,-0.3495927308849961,-0.7527155807496462,-0.1120026547563294
urn:mavedb:00000394-a-1#4114,c.[6T>G;9G>A;21C>T;36T>C;42C>G;48C>T;51C>T;58C>G;60T>C;69T>C;72C>T;120A>G;123T>C;126C>T;141A>G;165G>C;171T>G;174A>G;177G>A;207T>C],NA,p.[Arg20Gly;Glu55Asp],-1.5354123344699198,-1.6286149673582957,-1.3917747986134403,0.0475782486588458,-1.5192199,-15.0,-25.0,-0.623846081289205
urn:mavedb:00000394-a-1#4115,c.[6T>G;9G>A;21C>T;36T>C;42C>G;58C>G;72C>T;75C>T;78C>T;120A>G;123T>C;126C>T;141A>G;163G>C;164A>G;165G>T;171T>G;177G>A],NA,p.[Arg20Gly;Glu55Arg],-1.302393433289196,-1.346147658981399,-1.2358280723590715,0.0260322534028424,-1.5456543,-0.1660700757943687,-0.3127735463334711,0.0233680792730579
urn:mavedb:00000394-a-1#4116,c.[21C>T;36T>C;42C>G;58C>G;72C>T;75C>T;120A>G;123T>C;126C>T;141A>G;163G>A;171T>G;174A>G;177G>A],NA,p.[Arg20Gly;Glu55Lys],-1.2514301277640536,-1.3157326903361333,-1.206165631590777,0.0212965727592324,-1.5297041,-0.0623593787274454,-0.261748231690819,0.0587527304529586
urn:mavedb:00000394-a-1#4117,c.[21C>T;36T>C;42C>G;58C>G;102T>C;120A>G;141A>G;163G>A;164A>C;165G>T;171T>G;174A>G;177G>A;198G>T;207T>C],NA,p.[Arg20Gly;Glu55Thr],-1.2125836256436489,-1.2743596202977157,-1.164251350036256,0.0333125427049126,-1.5263443,0.0336318358129292,-0.1392523991772605,0.1531593559692414
urn:mavedb:00000394-a-1#4118,c.[6T>G;9G>A;12C>T;21C>T;36T>C;42C>G;51C>T;58C>G;108G>C;120A>G;123T>C;129G>A;141A>G;156T>C;163G>T;164A>C;165G>T;174A>G;180G>C],NA,p.[Arg20Gly;Glu55Ser],-1.3036653549624797,-1.3690311640628148,-1.2543201804667992,0.0528405431962316,-1.5280075,-0.2267893584290201,-0.4734116556245584,-0.0753845287182929
urn:mavedb:00000394-a-1#4119,c.[21C>T;24C>T;36T>C;42C>G;48C>T;58C>G;60T>C;72C>T;75C>T;120A>G;123T>C;132C>T;141A>G;164A>C;165G>T;171T>G;177G>A;207T>C],NA,p.[Arg20Gly;Glu55Ala],-1.444581295997761,-1.5578935227891713,-1.3312527678679624,0.0424005999389016,-1.5285964,-0.8957101407100299,-25.0,-0.3206471883337253
urn:mavedb:00000394-a-1#4120,c.[21C>T;36T>C;42C>G;58C>G;69T>C;72C>T;120A>G;123T>C;126C>T;141A>G;164A>G;165G>T;177G>A],NA,p.[Arg20Gly;Glu55Gly],-1.5051218749386708,-1.5867776799690088,-1.4343551986024925,0.0445691859117367,-1.5264311,-1.734113265808411,-25.0,-0.8370065667453673
urn:mavedb:00000394-a-1#4121,c.[6T>G;9G>A;12C>T;21C>T;36T>C;42C>G;48C>T;58C>G;84C>T;120A>G;123T>C;141A>G;163G>A;164A>T;174A>G;180G>C],NA,p.[Arg20Gly;Glu55Met],-1.2055156260871882,-1.2502865143862232,-1.1526438156572372,0.0409209801364251,-1.5365696,0.0777146083655375,-0.0399782201214059,0.2037613464723746
urn:mavedb:00000394-a-1#4122,c.[15A>G;21C>T;27G>A;30G>C;39C>T;42C>G;48C>T;58C>G;120A>G;123T>C;129G>A;141A>G;163G>T;164A>G;165G>C;171T>G;174A>G;177G>A],NA,p.[Arg20Gly;Glu55Cys],-0.7551061998197386,-0.8027868014750925,-0.706861320429691,0.0493483745601381,-1.5288973,0.9268018028512928,0.849304081078968,1.003485384154434
urn:mavedb:00000394-a-1#4123,c.[3C>T;6T>G;9G>A;15A>G;21C>T;36T>C;42C>G;58C>G;69T>C;72C>T;120A>G;123T>C;126C>T;141A>G;163G>C;164A>T;174A>G;207T>C],NA,p.[Arg20Gly;Glu55Leu],-1.3155049965108123,-1.3364421156036448,-1.2781686007787632,0.0300023408903318,-1.5358067,-0.2402601193140696,-0.3132869010788309,-0.1222423242708134
urn:mavedb:00000394-a-1#4124,c.[6T>G;9G>A;21C>T;36T>C;42C>G;58C>G;72C>T;75C>T;99G>C;123T>C;126C>T;129G>A;141A>G;164A>T;165G>T;171T>G;177G>A],NA,p.[Arg20Gly;Glu55Val],-1.1122821737239397,-1.1380997006166509,-1.078374499951971,0.0358141693969009,-1.5289607,0.276439776876193,0.2194598322723199,0.3481757104076989
urn:mavedb:00000394-a-1#4125,c.[6T>G;9G>A;21C>T;36T>C;42C>G;54G>A;58C>G;69T>C;72C>T;120A>G;123T>C;126C>T;141A>G;163G>A;164A>T;165G>C;168G>A;171T>G;177G>A;180G>C],NA,p.[Arg20Gly;Glu55Ile],-1.255064162494354,-1.2777110341739923,-1.2068920107977628,0.0280739502074502,-1.5331597,-0.0628640458630655,-0.1287972804254825,0.0656722078463547
urn:mavedb:00000394-a-1#4126,c.[6T>G;9G>A;12C>T;21C>T;36T>C;42C>G;51C>T;57T>G;58C>G;60T>C;69T>C;78C>T;87T>C;114C>T;120A>G;123T>C;129G>A;141A>G;144C>T;163G>T;164A>G],NA,p.[Arg20Gly;Glu55Trp],-1.0575243013967903,-1.0854628892992686,-1.0253458691082769,0.0432153326948739,-1.5296173,0.3920838136005149,0.3348150355684016,0.4557709060430121
urn:mavedb:00000394-a-1#4127,c.[3C>T;21C>T;42C>G;57T>G;58C>G;72C>T;75C>T;120A>G;123T>C;126C>T;141A>G;163G>T;165G>C;177G>A],NA,p.[Arg20Gly;Glu55Tyr],-1.21529757811921,-1.2944819095074305,-1.1737154755319448,0.0356981689527202,-1.5279922,0.0308604439631871,-0.1968987970836109,0.1345708086274403
urn:mavedb:00000394-a-1#4128,c.[6T>G;9G>A;12C>T;21C>T;36T>C;42C>G;51C>T;54G>A;58C>G;72C>T;75C>T;123T>C;141A>G;163G>T;164A>T;165G>C;171T>G],NA,p.[Arg20Gly;Glu55Phe],-1.1873001430176948,-1.2331282996288797,-1.1674867538828186,0.0386777321464015,-1.531126,0.1092966209102049,-0.0080204949056943,0.1568046839244258
urn:mavedb:00000394-a-1#4129,c.[6T>G;9G>A;12C>T;21C>T;36T>C;42C>G;51C>T;58C>G;72C>T;75C>T;105C>T;108G>C;111G>C;120A>G;123T>C;138T>C;141A>G;163G>C;164A>C;165G>A;174A>G],NA,p.[Arg20Gly;Glu55Pro],-1.5460997069647329,-1.5793802157293932,-1.530713690174841,0.0268298527566413,-1.5196548,-15.0,-25.0,-5.0
urn:mavedb:00000394-a-1#4130,c.[3C>T;6T>G;21C>T;36T>C;42C>G;54G>A;58C>A;59G>T;60T>G;69T>C;72C>T;78C>T;84C>T;120A>G;123T>C;126C>T;141A>G;162G>C;163G>C;174A>G;183A>G],NA,p.[Arg20Met;Glu55Gln],0.0249219277727677,0.0130958244712582,0.042324178523622,0.042035829083551,-1.5344172,2.0682184526796528,2.0519179956799323,2.092184702870981
urn:mavedb:00000394-a-1#4131,c.[3C>T;6T>G;18C>T;21C>T;36T>C;42C>G;48C>T;57T>G;58C>A;59G>T;60T>G;111G>C;114C>T;120A>G;123T>C;129G>A;141A>G;163G>A;165G>C;174A>G],NA,p.[Arg20Met;Glu55Asn],-0.4696821205545129,-0.4845508884717034,-0.4416022137710836,0.0445188441401427,-1.5334644,1.3689299750784163,1.3471396331832937,1.4098938418114868
urn:mavedb:00000394-a-1#4132,c.[3C>T;6T>G;21C>T;36T>C;42C>G;54G>A;57T>G;58C>A;59G>T;60T>G;102T>C;120A>G;141A>G;162G>C;163G>C;165G>T;174A>G],NA,p.[Arg20Met;Glu55His],-0.4212534293879683,-0.4346699973959252,-0.4067989937992686,0.0297567032944721,-1.5335007,1.439487302127033,1.4200234198101993,1.4604014698182763
urn:mavedb:00000394-a-1#4133,c.[6T>G;9G>A;21C>T;36T>C;42C>G;51C>T;58C>A;59G>T;60T>G;69T>C;72C>T;84C>T;120A>G;123T>C;141A>G;165G>C;168G>A;171T>G;174A>G;177G>A;207T>C],NA,p.[Arg20Met;Glu55Asp],-0.8017170875823427,-0.8420179373272975,-0.664680282143062,0.0393101268873695,-1.5292549,0.8516510755053541,0.7846607839440468,1.0698525158982126
urn:mavedb:00000394-a-1#4134,c.[3C>T;6T>G;21C>T;36T>C;42C>G;58C>A;59G>T;60T>G;66G>A;69T>C;72C>T;123T>C;126C>T;129G>A;135C>T;144C>T;162G>C;163G>C;164A>G;165G>C;168G>A;174A>G],NA,p.[Arg20Met;Glu55Arg],0.2646141916143434,0.2614586459546977,0.2703032744661898,0.0433956376941593,-1.5553131,2.4250475092491457,2.4207437014119946,2.4328060267104217
urn:mavedb:00000394-a-1#4135,c.[3C>T;6T>G;21C>T;36T>C;42C>G;48C>T;58C>A;59G>T;60T>G;102T>C;111G>C;120A>G;123T>C;126C>T;132C>T;141A>G;163G>A;165G>A;168G>A;174A>G;183A>G],NA,p.[Arg20Met;Glu55Lys],0.3007728887216513,0.2851746004300824,0.3114630562668561,0.0531196813478794,-1.5395942,2.453049220962672,2.4317766808887664,2.467624499163
urn:mavedb:00000394-a-1#4136,c.[9G>A;21C>T;36T>C;42C>G;58C>A;59G>T;60T>G;63G>C;78C>T;108G>C;120A>G;141A>G;163G>A;164A>C;165G>T;168G>A;171T>G;174A>G;177G>A],NA,p.[Arg20Met;Glu55Thr],0.1522321620023143,0.1416777960585299,0.1733306590117403,0.0552559603778597,-1.5362811,2.245612248914205,2.231155592806157,2.2744944879265936
urn:mavedb:00000394-a-1#4137,c.[6T>G;9G>A;21C>T;36T>C;42C>G;58C>A;59G>T;60T>G;72C>T;75C>T;120A>G;141A>G;163G>T;164A>C;165G>T;174A>G],NA,p.[Arg20Met;Glu55Ser],-0.2226770150586309,-0.233381407089244,-0.2073021531461783,0.0499926815647054,-1.537921,1.7288388873153744,1.71377993976563,1.7504366147383863
urn:mavedb:00000394-a-1#4138,c.[3C>T;6T>G;21C>T;36T>C;42C>G;48C>T;54G>A;58C>A;59G>T;60T>G;75C>T;120A>G;123T>C;126C>T;141A>G;164A>C;165G>T;174A>G],NA,p.[Arg20Met;Glu55Ala],-0.2878892061510318,-0.3031767520092807,-0.2761181544945312,0.0443857824008631,-1.5385017,1.6376181286516387,1.615931224778224,1.6542863676451145
urn:mavedb:00000394-a-1#4139,c.[3C>T;6T>G;21C>T;36T>C;42C>G;54G>A;57T>G;58C>A;59G>T;60T>G;63G>C;84C>T;87T>C;105C>T;120A>G;141A>G;164A>G;165G>T;174A>G],NA,p.[Arg20Met;Glu55Gly],-1.017883969298338,-1.0442797996454096,-0.9688629637766448,0.033410438774027,-1.536366,0.4832021869384226,0.4319170798006609,0.5750040366345441
urn:mavedb:00000394-a-1#4140,c.[6T>G;9G>A;12C>T;21C>T;36T>C;42C>G;54G>A;58C>A;59G>T;60T>G;72C>T;75C>T;120A>G;141A>G;163G>A;164A>T;177G>A],NA,p.[Arg20Met;Glu55Met],0.0831415235140797,0.0680261594738846,0.1020774944630488,0.0465323253565059,-1.5463619,2.1646517821342672,2.143895063507796,2.190634543908774
urn:mavedb:00000394-a-1#4141,c.[3C>T;6T>G;21C>T;36T>C;42C>G;51C>T;58C>A;59G>T;60T>G;72C>T;75C>T;120A>G;123T>C;150C>T;163G>T;164A>G;165G>C;171T>G],NA,p.[Arg20Met;Glu55Cys],-0.2523209977994169,-0.2764725473093233,-0.2171932426871459,0.0567558413144167,-1.5387988,1.6883258466308213,1.654204635761853,1.7377774608226035
urn:mavedb:00000394-a-1#4142,c.[21C>T;36T>C;42C>G;58C>A;59G>T;60T>G;63G>C;120A>G;141A>G;163G>C;164A>T;177G>A],NA,p.[Arg20Met;Glu55Leu],0.002976414441505,-0.0174519501311656,0.0309881588988423,0.0715963454195518,-1.545609,2.053348222722139,2.0251676284758826,2.0919345815455728
urn:mavedb:00000394-a-1#4143,c.[3C>T;6T>G;21C>T;36T>C;42C>G;48C>T;58C>A;59G>T;60T>G;120A>G;123T>C;141A>G;164A>T;165G>T;171T>G;174A>G;207T>C],NA,p.[Arg20Met;Glu55Val],0.370270052556896,0.3574982043055616,0.3930421250734113,0.0469142563714317,-1.5388608,2.546767041508653,2.529368557476714,2.577782196085096
urn:mavedb:00000394-a-1#4144,c.[3C>T;6T>G;21C>T;36T>C;42C>G;48C>T;57T>G;58C>A;59G>T;60T>G;69T>C;72C>T;120A>G;123T>C;135C>T;141A>G;163G>A;164A>T;165G>C;171T>G;174A>G;177G>A],NA,p.[Arg20Met;Glu55Ile],0.3550820170151725,0.334591318224914,0.3698502347784483,0.0692088070468376,-1.5430007,2.5316767706265364,2.503759671523523,2.551792761560991
urn:mavedb:00000394-a-1#4145,c.[21C>T;36T>C;42C>G;48C>T;58C>A;59G>T;60T>G;120A>G;123T>C;141A>G;163G>T;164A>G;177G>A],NA,p.[Arg20Met;Glu55Trp],-0.475863213960754,-0.4894866010652389,-0.463492271976245,0.0288692223021509,-1.5395083,1.3687206374765493,1.34875782301617,1.3867975007716942
urn:mavedb:00000394-a-1#4146,c.[12C>T;21C>T;39C>T;42C>G;51C>T;54G>A;58C>A;59G>T;60T>G;84C>T;123T>C;141A>G;163G>T;165G>T;168G>A;171T>G;174A>G;180G>C],NA,p.[Arg20Met;Glu55Tyr],-0.4502857740326658,-0.4787544437603288,-0.4284307484439444,0.0231234130108206,-1.5379062,1.4037143004188162,1.362145222755622,1.4354632672708847
urn:mavedb:00000394-a-1#4147,c.[6T>G;9G>A;15A>G;21C>T;36T>C;42C>G;58C>A;59G>T;60T>G;69T>C;72C>T;75C>T;120A>G;123T>C;126C>T;129G>A;141A>G;163G>T;164A>T;165G>C;174A>G;207T>C],NA,p.[Arg20Met;Glu55Phe],-0.417381659164906,-0.4506866576157353,-0.4048310997953807,0.0540295003195242,-1.5409961,1.4559269841724467,1.4076234333962,1.474051283711086
urn:mavedb:00000394-a-1#4148,c.[21C>T;36T>C;39C>T;42C>G;48C>T;54G>A;58C>A;59G>T;60T>G;72C>T;75C>T;120A>G;123T>C;132C>T;141A>G;162G>C;163G>C;164A>C;165G>A;177G>A],NA,p.[Arg20Met;Glu55Pro],-1.3502116379388338,-1.4092934926116494,-1.3226122701848155,0.030530104768326,-1.5296841,-0.388500807846526,-0.6618109938284734,-0.2857380537384182
urn:mavedb:00000394-a-1#4149,c.[21C>T;36T>C;42C>G;48C>T;58C>T;60T>C;72C>T;75C>T;120A>G;123T>C;132C>T;141A>G;163G>C;165G>A;171T>G;174A>G;177G>A],NA,p.[Arg20Cys;Glu55Gln],-0.5239864442285802,-0.558714203902856,-0.470638381504126,0.0273113624301549,-1.5269275,1.279301909848113,1.2275315528955928,1.3579668274924532
urn:mavedb:00000394-a-1#4150,c.[3C>T;6T>G;21C>T;36T>C;42C>G;51C>T;58C>T;60T>C;72C>T;75C>T;114C>T;120A>G;123T>C;141A>G;163G>A;165G>C],NA,p.[Arg20Cys;Glu55Asn],-0.5513662431698705,-0.5675217572726738,-0.4917856970187983,0.0514445460887352,-1.5259647,1.2370872759366005,1.2128798777939138,1.3254846153508195
urn:mavedb:00000394-a-1#4151,c.[6T>G;9G>A;12C>T;21C>T;36T>C;42C>G;51C>T;58C>T;60T>C;75C>T;120A>G;123T>C;141A>G;163G>C;165G>C],NA,p.[Arg20Cys;Glu55His],-0.6786801515295334,-0.7290643771823356,-0.6561785451007224,0.0326341407823505,-1.5260019,1.0430682345205866,0.963795568875201,1.077971272853281
urn:mavedb:00000394-a-1#4152,c.[6T>G;9G>A;21C>T;36T>C;42C>G;48C>T;51C>T;57T>G;58C>T;60T>C;72C>T;75C>T;120A>G;123T>C;141A>G;150C>T;165G>C;171T>G;174A>G;177G>A],NA,p.[Arg20Cys;Glu55Asp],-0.5206752559807423,-0.5434877639290848,-0.4831421820981927,0.0439219010821068,-1.5217109,1.276480130350737,1.2425089052533973,1.331952724440714
urn:mavedb:00000394-a-1#4153,c.[6T>G;9G>A;21C>T;36T>C;42C>G;58C>T;60T>C;69T>C;72C>T;120A>G;123T>C;126C>T;141A>G;163G>C;164A>G;165G>C;168G>A;171T>G;174A>G;177G>A;207T>C],NA,p.[Arg20Cys;Glu55Arg],-0.5358329178758928,-0.5529953108275227,-0.5003810680003703,0.0513847935660891,-1.5480537,1.2930308135804105,1.267566400018847,1.3452980546355358
urn:mavedb:00000394-a-1#4154,c.[3C>T;15A>G;21C>T;36T>C;42C>G;51C>T;58C>T;60T>C;66G>A;69T>C;99G>C;123T>C;129G>A;141A>G;156T>C;163G>A;165G>A;171T>G],NA,p.[Arg20Cys;Glu55Lys],-0.4684379316087453,-0.4837178136931648,-0.4552674905976429,0.0412181892756672,-1.5321598,1.3688434576110018,1.3464492449057923,1.3880869685496262
urn:mavedb:00000394-a-1#4155,c.[12C>T;21C>T;36T>C;42C>G;51C>T;58C>T;120A>G;123T>C;141A>G;163G>A;164A>C;165G>T;168G>A],NA,p.[Arg20Cys;Glu55Thr],-0.421424939669023,-0.4541007582985876,-0.4095206199285114,0.0330788379458522,-1.5288115,1.4324489927281845,1.3849080964338938,1.4496934455681596
urn:mavedb:00000394-a-1#4156,c.[9G>A;21C>T;36T>C;42C>G;58C>T;60T>C;120A>G;141A>G;163G>T;164A>C;165G>T;174A>G;207T>C],NA,p.[Arg20Cys;Glu55Ser],-0.5116340564802901,-0.5443025580657753,-0.4909200856858712,0.0375896785367103,-1.5304685,1.302837242062365,1.2543492430116223,1.3333820093756248
urn:mavedb:00000394-a-1#4157,c.[18C>T;21C>T;36T>C;42C>G;51C>T;58C>T;72C>T;75C>T;120A>G;123T>C;135C>T;141A>G;164A>C;165G>T;168G>A],NA,p.[Arg20Cys;Glu55Ala],-0.613325518859847,-0.6341884790156367,-0.5778432565328933,0.0380549612642835,-1.5310564,1.1513679824380665,1.1195474518291932,1.2050143350009277
urn:mavedb:00000394-a-1#4158,c.[9G>A;15A>G;21C>T;36T>C;42C>G;48C>T;58C>T;60T>C;72C>T;75C>T;120A>G;123T>C;141A>G;164A>G;165G>T;177G>A],NA,p.[Arg20Cys;Glu55Gly],-0.5758699010565597,-0.5940727515776459,-0.5506461330701459,0.0537515541823184,-1.5288973,1.2047373851304717,1.177285994028715,1.242542152875748
urn:mavedb:00000394-a-1#4159,c.[12C>T;21C>T;36T>C;42C>G;48C>T;58C>T;60T>C;66G>A;120A>G;123T>C;126C>T;132C>T;141A>G;163G>A;164A>T;171T>G;174A>G;177G>A;198G>T],NA,p.[Arg20Cys;Glu55Met],-0.3896892487013688,-0.406405099853011,-0.3744483085359085,0.0446320008488604,-1.5390015,1.4929971761317995,1.468905351061503,1.5149026387958182
urn:mavedb:00000394-a-1#4160,c.[3C>T;6T>G;21C>T;36T>C;42C>G;51C>T;58C>T;60T>C;72C>T;75C>T;120A>G;123T>C;141A>G;163G>T;164A>G;165G>C;177G>A],NA,p.[Arg20Cys;Glu55Cys],-0.597146841201593,-0.6199930386774963,-0.5560073497240786,0.0510144092875121,-1.5313563,1.1763531648268153,1.1416783668615085,1.2382028305958948
urn:mavedb:00000394-a-1#4161,c.[9G>A;21C>T;36T>C;42C>G;58C>T;60T>C;72C>T;75C>T;120A>G;123T>C;126C>T;141A>G;163G>C;164A>T;174A>G;180G>C],NA,p.[Arg20Cys;Glu55Leu],-0.4872426388547671,-0.4981027591700571,-0.4728698335106143,0.0263513688214403,-1.5382404,1.3501918153323718,1.334238197293404,1.371246627770534
urn:mavedb:00000394-a-1#4162,c.[21C>T;36T>C;42C>G;48C>T;54G>A;58C>T;60T>C;72C>T;75C>T;123T>C;141A>G;164A>T;165G>T],NA,p.[Arg20Cys;Glu55Val],-0.326174599864734,-0.3400556062490265,-0.3111613352624737,0.0528919336273022,-1.5314188,1.5731365821962655,1.5533175161654824,1.5945260157466872
urn:mavedb:00000394-a-1#4163,c.[21C>T;36T>C;42C>G;48C>T;58C>T;60T>C;72C>T;75C>T;120A>G;123T>C;138T>C;141A>G;163G>A;164A>T;165G>T;177G>A],NA,p.[Arg20Cys;Glu55Ile],-0.2372558813919668,-0.2536484949819743,-0.218761049119569,0.0379784490575874,-1.535603,1.7050655249619082,1.6819506691964896,1.7310912475244258
urn:mavedb:00000394-a-1#4164,c.[36T>C;58C>T;60T>C;63G>C;72C>T;75C>T;120A>G;123T>C;126C>T;141A>G;163G>T;164A>G;168G>A;171T>G;174A>G;177G>A],NA,p.[Arg20Cys;Glu55Trp],-0.5103165579015474,-0.5371051999488344,-0.4740614738020152,0.0828856937218283,-1.5320735,1.3071537324247249,1.2674516946513184,1.3604839998035094
urn:mavedb:00000394-a-1#4165,c.[12C>T;21C>T;36T>C;42C>G;48C>T;58C>T;60T>C;120A>G;123T>C;141A>G;163G>T;165G>C;168G>A;177G>A],NA,p.[Arg20Cys;Glu55Tyr],-0.4806592544342497,-0.5186996275631881,-0.4381819540004638,0.0581810651748356,-1.5304537,1.348436837576342,1.292361867889856,1.4104942030926322
urn:mavedb:00000394-a-1#4166,c.[21C>T;36T>C;42C>G;51C>T;58C>T;78C>T;123T>C;141A>G;163G>T;164A>T;165G>C;168G>A;171T>G;174A>G;192C>T;195G>A],NA,p.[Arg20Cys;Glu55Phe],-0.4022979949097472,-0.4275941265809917,-0.3852529584680352,0.0646762332722259,-1.533577,1.4670126254952405,1.4304054799234578,1.4915842649022804
urn:mavedb:00000394-a-1#4167,c.[6T>G;9G>A;21C>T;36T>C;42C>G;58C>T;60T>C;63G>C;72C>T;75C>T;120A>G;123T>C;126C>T;141A>G;162G>C;163G>C;164A>C;168G>A;171T>G;174A>G;177G>A],NA,p.[Arg20Cys;Glu55Pro],-0.5390308301701687,-0.5931360880577486,-0.5003680704036202,0.0665967021511639,-1.5221453,1.2498094155338804,1.168491822673416,1.3071968111971508
urn:mavedb:00000394-a-1#4168,c.[6T>G;9G>A;21C>T;36T>C;42C>G;48C>T;59G>T;60T>C;72C>T;75C>T;120A>G;123T>C;141A>G;163G>C;165G>A;171T>G;174A>G;177G>A],NA,p.[Arg20Leu;Glu55Gln],-0.2109070999732716,-0.2587915395754834,-0.1850428807434624,0.0673071019136928,-1.5281167,1.731627367557111,1.6641279403570888,1.7679330263782616
urn:mavedb:00000394-a-1#4169,c.[15A>G;21C>T;36T>C;51C>T;59G>T;60T>G;72C>T;75C>T;114C>T;120A>G;123T>C;141A>G;163G>A;165G>C;171T>G;174A>G;180G>C;183A>G;189G>A],NA,p.[Arg20Leu;Glu55Asn],-0.9303030706463726,-0.960054065119695,-0.9005568325429657,0.0398272387099193,-1.5271549,0.6281178512779935,0.5742714294306388,0.6807209592108274
urn:mavedb:00000394-a-1#4170,c.[6T>G;9G>A;21C>T;36T>C;42C>G;57T>G;59G>T;60T>G;69T>C;78C>T;120A>G;123T>C;126C>T;129G>A;141A>G;163G>C;165G>C;174A>G],NA,p.[Arg20Leu;Glu55His],-0.7384957533543641,-0.7488333655305299,-0.7248901656509099,0.0491341447424922,-1.5271926,0.9506687859879644,0.9341344159187916,0.9723145486950904
urn:mavedb:00000394-a-1#4171,c.[21C>T;36T>C;42C>G;51C>T;57T>G;59G>T;60T>G;120A>G;123T>C;141A>G;165G>C;177G>A],NA,p.[Arg20Leu;Glu55Asp],-1.0815145465907994,-1.1154409443866875,-1.0640096374827237,0.034576963503644,-1.5229082,0.3290485727789976,0.2563639650723897,0.3652851159732849
urn:mavedb:00000394-a-1#4172,c.[6T>G;9G>A;12C>T;21C>T;36T>C;42C>G;48C>T;57T>G;59G>T;60T>G;72C>T;75C>T;120A>G;123T>C;141A>G;163G>C;164A>G;165G>T;171T>G;174A>G;177G>A;207T>C],NA,p.[Arg20Leu;Glu55Arg],-0.1674766840687062,-0.1848016506042052,-0.1449825919313465,0.0418509288368918,-1.5492063,1.8219510237448884,1.79774118542396,1.8533251743495869
urn:mavedb:00000394-a-1#4173,c.[3C>T;6T>G;21C>T;36T>C;42C>G;48C>T;57T>G;59G>T;60T>G;63G>C;72C>T;75C>T;120A>G;123T>C;141A>G;163G>A;165G>A;168G>A;174A>G],NA,p.[Arg20Leu;Glu55Lys],-0.094416208769691,-0.1006999909074193,-0.0853053180102583,0.0283701190082482,-1.5333405,1.901655558947576,1.8929229393087887,1.9143091514334565
urn:mavedb:00000394-a-1#4174,c.[3C>T;6T>G;21C>T;36T>C;42C>G;54G>A;59G>T;60T>C;120A>G;141A>G;163G>A;164A>C;165G>T;177G>A;207T>C],NA,p.[Arg20Leu;Glu55Thr],-0.2360259739501016,-0.258333040574933,-0.2297354646269725,0.0375491762101337,-1.5299978,1.69891415076695,1.6674306496348792,1.707777066056436
urn:mavedb:00000394-a-1#4175,c.[6T>G;9G>A;12C>T;21C>T;36T>C;42C>G;51C>T;59G>T;60T>G;66G>A;72C>T;75C>T;111G>C;120A>G;123T>C;129G>A;141A>G;150C>T;163G>T;164A>C;165G>T;168G>A;174A>G],NA,p.[Arg20Leu;Glu55Ser],-0.6191893754156912,-0.6405636249727698,-0.6017049882853056,0.03320890639423,-1.5316515,1.1433515564808605,1.1106924293242004,1.1699013103442726
urn:mavedb:00000394-a-1#4176,c.[6T>G;9G>A;12C>T;21C>T;36T>C;42C>G;59G>T;60T>C;72C>T;75C>T;120A>G;141A>G;164A>C;165G>T;168G>A;171T>G;174A>G;177G>A],NA,p.[Arg20Leu;Glu55Ala],-0.6378901687801353,-0.6538442825091612,-0.617696246608254,0.0401199086493033,-1.532238,1.115687886508853,1.0911845556123716,1.1465164769352116
urn:mavedb:00000394-a-1#4177,c.[9G>A;21C>T;36T>C;42C>G;48C>T;54G>A;57T>G;59G>T;60T>G;69T>C;72C>T;120A>G;123T>C;141A>G;164A>G;165G>T;171T>G;174A>G],NA,p.[Arg20Leu;Glu55Gly],-1.1411201868995997,-1.240791598584201,-1.0608696111212423,0.0517897654458752,-1.5300832,0.2151810949231614,-0.0316833923686119,0.3862707933830172
urn:mavedb:00000394-a-1#4178,c.[3C>T;6T>G;21C>T;36T>C;42C>G;51C>T;54G>A;59G>T;60T>G;72C>T;75C>T;120A>G;123T>C;141A>G;163G>A;164A>T;174A>G],NA,p.[Arg20Leu;Glu55Met],-0.2218179006569455,-0.2373147443536482,-0.198269347213214,0.0375618093623366,-1.5401702,1.733202515560324,1.71140348155139,1.7662559444876955
urn:mavedb:00000394-a-1#4179,c.[3C>T;6T>G;21C>T;36T>C;42C>G;48C>T;59G>T;60T>C;72C>T;75C>T;78C>T;120A>G;123T>C;141A>G;163G>T;164A>G;165G>T;171T>G;177G>A],NA,p.[Arg20Leu;Glu55Cys],-0.4356677255668793,-0.4620664759300957,-0.4244520236771073,0.0343640752492602,-1.5325375,1.417175864340413,1.3787108861886472,1.433456559222971
urn:mavedb:00000394-a-1#4180,c.[9G>A;21C>T;36T>C;42C>G;48C>T;54G>A;59G>T;60T>G;63G>C;120A>G;123T>C;129G>A;141A>G;163G>C;164A>T;174A>G],NA,p.[Arg20Leu;Glu55Leu],-0.1683779176168824,-0.1977467650640559,-0.1489699187132089,0.0583235807409568,-1.5394101,1.8070351065104584,1.7659250129154898,1.834137100099191
urn:mavedb:00000394-a-1#4181,c.[6T>G;9G>A;21C>T;36T>C;42C>G;59G>T;60T>G;63G>C;72C>T;75C>T;120A>G;141A>G;164A>T;168G>A;177G>A;180G>C],NA,p.[Arg20Leu;Glu55Val],0.0764666352563163,0.0663721393182188,0.0886829152926103,0.0573046264890657,-1.5326004,2.136652994871989,2.1227772776856324,2.1534360566142845
urn:mavedb:00000394-a-1#4182,c.[21C>T;36T>C;42C>G;57T>G;59G>T;60T>C;78C>T;120A>G;141A>G;163G>A;164A>T;165G>C;168G>A;171T>G;174A>G],NA,p.[Arg20Leu;Glu55Ile],0.1466153545636042,0.140529322969512,0.1554722167610784,0.057641133251645,-1.5367775,2.238596441909572,2.2302593213769724,2.250725784830711
urn:mavedb:00000394-a-1#4183,c.[9G>A;21C>T;36T>C;42C>G;57T>G;59G>T;60T>G;78C>T;120A>G;123T>C;126C>T;141A>G;163G>T;164A>G;174A>G],NA,p.[Arg20Leu;Glu55Trp],-0.7184565067872289,-0.7310118108616477,-0.6952530616607877,0.0431415530678062,-1.5332532,0.992076061796433,0.9722129237318552,1.02851629821219
urn:mavedb:00000394-a-1#4184,c.[3C>T;6T>G;21C>T;36T>C;42C>G;59G>T;60T>C;72C>T;75C>T;120A>G;141A>G;163G>T;165G>T;177G>A],NA,p.[Arg20Leu;Glu55Tyr],-0.7451932219143325,-0.7595145539382155,-0.7267354133309004,0.0315621637659272,-1.5316372,0.947068637479992,0.9241182317772924,0.9764319165429998
urn:mavedb:00000394-a-1#4185,c.[21C>T;36T>C;42C>G;51C>T;59G>T;60T>C;69T>C;72C>T;120A>G;123T>C;141A>G;163G>T;164A>T;165G>C;171T>G;174A>G],NA,p.[Arg20Leu;Glu55Phe],-0.5761818396501772,-0.692001163405357,-0.4928765328164715,0.0713572191122039,-1.5347543,1.2130644219473437,1.0359381688438871,1.3368018152713386
urn:mavedb:00000394-a-1#4186,c.[21C>T;36T>C;42C>G;59G>T;60T>C;123T>C;126C>T;138T>C;141A>G;163G>C;164A>C;165G>A;177G>A],NA,p.[Arg20Leu;Glu55Pro],-1.4972031458260957,-1.5808036361818512,-1.45559462983846,0.032166219268203,-1.5233417,-1.6123807069271234,-25.0,-1.03171585658211
urn:mavedb:00000394-a-1#4187,c.[21C>T;36T>C;42C>G;57T>G;58C>G;59G>T;60T>G;72C>T;75C>T;120A>G;123T>C;126C>T;141A>G;162G>C;163G>C;177G>A],NA,p.[Arg20Val;Glu55Gln],-0.6755260804620271,-0.693536597000237,-0.6527483823968978,0.0485203181332495,-1.5255723,1.047310180759642,1.019188152051992,1.0826043929927212
urn:mavedb:00000394-a-1#4188,c.[21C>T;36T>C;42C>G;58C>G;59G>T;78C>T;120A>G;141A>G;162G>C;163G>A;165G>C;171T>G;174A>G;177G>A;207T>C],NA,p.[Arg20Val;Glu55Asn],-1.0232509727055437,-1.0365241421850442,-1.0004177534760592,0.0262384337382196,-1.5246072,0.4500949030405787,0.4240169551949444,0.4941150390798395
urn:mavedb:00000394-a-1#4189,c.[3C>T;6T>G;9G>A;12C>T;21C>T;36T>C;42C>G;48C>T;54G>A;58C>G;59G>T;78C>T;102T>C;120A>G;123T>C;126C>T;141A>G;163G>C;165G>C;168G>A;171T>G;174A>G;177G>A],NA,p.[Arg20Val;Glu55His],-0.972363707310668,-1.010780925750391,-0.9447788010285882,0.0238503849597212,-1.5246449,0.5469428065583842,0.4743353183028768,0.5975371075767851
urn:mavedb:00000394-a-1#4190,c.[3C>T;6T>G;21C>T;36T>C;42C>G;58C>G;59G>T;120A>G;141A>G;162G>C;165G>T;171T>G;174A>G;180G>C;189G>A;198G>T],NA,p.[Arg20Val;Glu55Asp],-1.199400286570893,-1.219749047308178,-1.1822059564989522,0.0226223721833895,-1.5203457,0.0521435840709674,-0.0010474454129759,0.0953371996784165
urn:mavedb:00000394-a-1#4191,c.[9G>A;21C>T;36T>C;42C>G;54G>A;58C>G;59G>T;63G>C;120A>G;126C>T;141A>G;163G>C;164A>G;165G>T;174A>G],NA,p.[Arg20Val;Glu55Arg],-0.3440656716228547,-0.3716236175638436,-0.3358814029621417,0.0253052692935581,-1.5467386,1.5694386499522812,1.5300361955364274,1.581108526048721
urn:mavedb:00000394-a-1#4192,c.[6T>G;9G>A;21C>T;36T>C;42C>G;51C>T;58C>G;59G>T;72C>T;75C>T;120A>G;123T>C;141A>G;163G>A;174A>G],NA,p.[Arg20Val;Glu55Lys],-0.4743175893542026,-0.4902863644335761,-0.4497360017848305,0.0366134910953051,-1.5308142,1.358265371713759,1.3348221428446263,1.3941939282024045
urn:mavedb:00000394-a-1#4193,c.[6T>G;9G>A;21C>T;36T>C;42C>G;51C>T;58C>G;59G>T;69T>C;72C>T;102T>C;120A>G;123T>C;129G>A;135C>T;141A>G;163G>A;164A>C;165G>T;171T>G;174A>G],NA,p.[Arg20Val;Glu55Thr],-0.7673164923957199,-0.8003287094033504,-0.741655377941227,0.0268693534360005,-1.5274601,0.9048064290539912,0.8509840901253545,0.9460505790389436
urn:mavedb:00000394-a-1#4194,c.[3C>T;6T>G;21C>T;36T>C;42C>G;51C>T;58C>G;59G>T;72C>T;75C>T;120A>G;123T>C;141A>G;163G>T;164A>C;165G>T;171T>G;174A>G;177G>A],NA,p.[Arg20Val;Glu55Ser],-0.8849917129080516,-0.923414935456424,-0.8454584327726697,0.0254252313864172,-1.5291195,0.7111953433395043,0.6438946835102771,0.7786416170772497
urn:mavedb:00000394-a-1#4195,c.[3C>T;6T>G;21C>T;36T>C;42C>G;48C>T;58C>G;59G>T;72C>T;75C>T;120A>G;123T>C;141A>G;144C>T;164A>C;165G>T;171T>G;174A>G;177G>A],NA,p.[Arg20Val;Glu55Ala],-0.8609264148034459,-0.8787506870195164,-0.8452300620163559,0.03731288550743,-1.5297079,0.7534538572615395,0.72296966181916,0.7800172539464845
urn:mavedb:00000394-a-1#4196,c.[6T>G;9G>A;21C>T;36T>C;42C>G;58C>G;59G>T;72C>T;75C>T;120A>G;141A>G;164A>G;165G>T;174A>G],NA,p.[Arg20Val;Glu55Gly],-1.2500313102403386,-1.279221186653779,-1.2336840195514849,0.0305178633077056,-1.5275455,-0.0645058948790215,-0.1504180073915928,-0.0192006741753145
urn:mavedb:00000394-a-1#4197,c.[18C>T;21C>T;36T>C;51C>T;58C>G;59G>T;120A>G;123T>C;141A>G;163G>A;164A>T;171T>G;174A>G;177G>A;180G>C;198G>T],NA,p.[Arg20Val;Glu55Met],-0.6522480904718657,-0.6728943978636504,-0.6295856412117005,0.0370720471566939,-1.5376682,1.101987484710305,1.070153155844871,1.136672277493708
urn:mavedb:00000394-a-1#4198,c.[6T>G;9G>A;12C>T;21C>T;36T>C;42C>G;51C>T;58C>G;59G>T;75C>T;102T>C;120A>G;123T>C;129G>A;141A>G;163G>T;164A>G;165G>C;177G>A],NA,p.[Arg20Val;Glu55Cys],-0.7640419812193383,-0.8461798089272247,-0.727465302709785,0.0385493077669563,-1.5300088,0.9142075857597026,0.7789240330434174,0.9726946771973928
urn:mavedb:00000394-a-1#4199,c.[21C>T;36T>C;42C>G;54G>A;58C>G;59G>T;69T>C;72C>T;120A>G;141A>G;163G>C;164A>T],NA,p.[Arg20Val;Glu55Leu],-0.6129003689285701,-0.6494600741969961,-0.5714441660288668,0.0297789443657419,-1.5369062,1.1608912314167896,1.1050997652010526,1.2233980236012183
urn:mavedb:00000394-a-1#4200,c.[12C>T;21C>T;36T>C;42C>G;51C>T;54G>A;58C>G;59G>T;72C>T;75C>T;78C>T;120A>G;123T>C;141A>G;164A>T;165G>T;168G>A;177G>A;180G>C],NA,p.[Arg20Val;Glu55Val],-0.5212983728618614,-0.5314477592847262,-0.5151547093964566,0.0266341365964046,-1.5300713,1.2879463129121338,1.27288712022247,1.297043535576422
urn:mavedb:00000394-a-1#4201,c.[3C>T;6T>G;21C>T;36T>C;42C>G;51C>T;58C>G;59G>T;72C>T;75C>T;123T>C;141A>G;163G>A;164A>T;165G>C;171T>G;174A>G;177G>A],NA,p.[Arg20Val;Glu55Ile],-0.4653700823710838,-0.4930272043949695,-0.4495884538050275,0.0528106389604955,-1.5342646,1.376404632650832,1.3358609088371924,1.3994319968123257
urn:mavedb:00000394-a-1#4202,c.[21C>T;36T>C;42C>G;51C>T;58C>G;59G>T;72C>T;75C>T;123T>C;135C>T;141A>G;163G>T;164A>G;177G>A],NA,p.[Arg20Val;Glu55Trp],-0.9907269999567592,-1.0251759366034745,-0.9591165478591251,0.0369367650581872,-1.5307274,0.5240164274236644,0.4582581157721139,0.5825176950097571
urn:mavedb:00000394-a-1#4203,c.[3C>T;6T>G;9G>A;21C>T;30G>C;39C>T;48C>T;51C>T;58C>G;59G>T;69T>C;120A>G;123T>C;129G>A;141A>G;163G>T;165G>C;177G>A;180G>C],NA,p.[Arg20Val;Glu55Tyr],-0.929918979204612,-0.9497782528232434,-0.9073702197022968,0.0400061326230057,-1.5291047,0.6322869165393126,0.596556472917078,0.6721978568503274
urn:mavedb:00000394-a-1#4204,c.[6T>G;9G>A;12C>T;21C>T;36T>C;42C>G;58C>G;59G>T;63G>C;72C>T;75C>T;120A>G;141A>G;163G>T;164A>T;165G>C;168G>A;171T>G;177G>A],NA,p.[Arg20Val;Glu55Phe],-0.8211881689059175,-0.8394184811951478,-0.8047490835358209,0.0301240902940489,-1.5322337,0.8244171130706957,0.7940232851897391,0.8515616461818927
urn:mavedb:00000394-a-1#4205,c.[21C>T;42C>G;58C>G;59G>T;120A>G;129G>A;141A>G;163G>C;164A>C;168G>A],NA,p.[Arg20Val;Glu55Pro],-1.550462347838082,-1.6225137406105237,-1.4725077982166976,0.038552856714359,-1.5207806,-15.0,-25.0,-1.241581148786376
urn:mavedb:00000394-a-1#4206,c.[21C>T;36T>C;42C>G;48C>T;58C>A;59G>T;60T>C;72C>T;75C>T;120A>G;123T>C;129G>A;141A>G;162G>C;163G>C;168G>A;171T>G;174A>G],NA,p.[Arg20Ile;Glu55Gln],-0.4867342530235868,-0.5156490365562956,-0.469179104514285,0.0461716124620026,-1.5287399,1.3369980597813549,1.294343240521289,1.3627572891799893
urn:mavedb:00000394-a-1#4207,c.[21C>T;36T>C;42C>G;57T>G;58C>A;59G>T;60T>C;72C>T;75C>T;108G>C;120A>G;141A>G;163G>A;165G>C;177G>A],NA,p.[Arg20Ile;Glu55Asn],-0.7444068384854151,-0.8063372400251826,-0.7228789609664376,0.0461491301588216,-1.5277791,0.9421616546241705,0.8416147022791918,0.9764323782522648
urn:mavedb:00000394-a-1#4208,c.[6T>G;9G>A;12C>T;15A>G;21C>T;36T>C;42C>G;48C>T;54G>A;58C>A;59G>T;60T>C;72C>T;75C>T;78C>T;120A>G;123T>C;141A>G;163G>C;165G>C;171T>G;174A>G;177G>A;198G>T;207T>C],NA,p.[Arg20Ile;Glu55His],-0.7512651384700462,-0.770321275161069,-0.7386173461245047,0.0296790951783199,-1.5278168,0.9312348439753108,0.9005214603005574,0.951470233889161
urn:mavedb:00000394-a-1#4209,c.[21C>T;36T>C;42C>G;58C>A;59G>T;60T>C;78C>T;108G>C;120A>G;123T>C;126C>T;141A>G;162G>C;165G>T],NA,p.[Arg20Ile;Glu55Asp],-1.1779619714328633,-1.2115918324817436,-1.1150437989264208,0.0333600150842886,-1.5235362,0.1135613814339038,0.0289076068970845,0.258611654936276
urn:mavedb:00000394-a-1#4210,c.[21C>T;36T>C;42C>G;57T>G;58C>A;59G>T;60T>C;72C>T;75C>T;141A>G;163G>C;164A>G;165G>T;177G>A],NA,p.[Arg20Ile;Glu55Arg],-0.1117765386098708,-0.1321672079443684,-0.0996217612722954,0.0394369967390565,-1.5498104,1.9003634524694384,1.8720101865581813,1.9172421177646075
urn:mavedb:00000394-a-1#4211,c.[3C>T;6T>G;21C>T;36T>C;42C>G;48C>T;58C>A;59G>T;60T>C;72C>T;75C>T;120A>G;123T>C;141A>G;163G>A;165G>A;168G>A;174A>G],NA,p.[Arg20Ile;Glu55Lys],-0.2101922070381469,-0.228440022841074,-0.1937197959361385,0.0413481001586787,-1.5339589,1.7408259149067973,1.715168228236153,1.7639429155204414
urn:mavedb:00000394-a-1#4212,c.[3C>T;6T>G;21C>T;36T>C;42C>G;58C>A;59G>T;60T>C;69T>C;72C>T;141A>G;163G>A;164A>C;165G>T;168G>A;177G>A],NA,p.[Arg20Ile;Glu55Thr],-0.6630585097307753,-0.6984858912099537,-0.6283561877910196,0.0281437140329437,-1.5306187,1.074469512383756,1.019336010182845,1.1277965031866348
urn:mavedb:00000394-a-1#4213,c.[6T>G;9G>A;12C>T;21C>T;36T>C;42C>G;58C>A;59G>T;60T>C;72C>T;75C>T;102T>C;120A>G;123T>C;126C>T;129G>A;141A>G;163G>T;164A>C;165G>T;174A>G],NA,p.[Arg20Ile;Glu55Ser],-0.7387657936320201,-0.7823720650704067,-0.7236656041913726,0.0304264374164782,-1.5322723,0.9583315188802052,0.8881980256628468,0.982297111003564
urn:mavedb:00000394-a-1#4214,c.[6T>G;9G>A;21C>T;36T>C;42C>G;51C>T;58C>A;59G>T;60T>C;72C>T;75C>T;78C>T;120A>G;123T>C;141A>G;164A>C;165G>T;171T>G;174A>G],NA,p.[Arg20Ile;Glu55Ala],-0.8867333884864121,-0.9122795427574192,-0.8358446846836521,0.0445259857202677,-1.5328579,0.7146414140244399,0.6701657378965034,0.8010499940976502
urn:mavedb:00000394-a-1#4215,c.[3C>T;6T>G;21C>T;36T>C;42C>G;58C>A;59G>T;60T>C;72C>T;75C>T;120A>G;138T>C;141A>G;164A>G;165G>T;171T>G;177G>A;207T>C],NA,p.[Arg20Ile;Glu55Gly],-1.1741146708089398,-1.26267565090195,-1.0589910931118447,0.0364234365829444,-1.530705,0.1400993952928453,-0.0916708617102736,0.3913192392293903
urn:mavedb:00000394-a-1#4216,c.[3C>T;6T>G;21C>T;36T>C;42C>G;58C>A;59G>T;60T>C;120A>G;123T>C;126C>T;141A>G;163G>A;164A>T;171T>G;174A>G;177G>A],NA,p.[Arg20Ile;Glu55Met],-0.4580486722999876,-0.4873893345075862,-0.4347732848320371,0.039977587273304,-1.5407829,1.3965928815253073,1.3537025429650038,1.4304329819943216
urn:mavedb:00000394-a-1#4217,c.[21C>T;36T>C;42C>G;51C>T;58C>A;59G>T;69T>C;72C>T;120A>G;123T>C;141A>G;163G>T;164A>G;165G>C;177G>A],NA,p.[Arg20Ile;Glu55Cys],-0.5921059111117644,-0.6193785574827909,-0.5663087249591239,0.0669430392646939,-1.5331573,1.1866885159249314,1.1453543656551783,1.2254800496325382
urn:mavedb:00000394-a-1#4218,c.[6T>G;9G>A;21C>T;39C>T;42C>G;54G>A;58C>A;59G>T;60T>C;72C>T;75C>T;105C>T;120A>G;123T>C;126C>T;141A>G;163G>C;164A>T;174A>G],NA,p.[Arg20Ile;Glu55Leu],-0.4773727153997167,-0.4996443102559451,-0.4521737610996455,0.0384942511001866,-1.5400238,1.3672653706144429,1.3345915120351264,1.404045409120261
urn:mavedb:00000394-a-1#4219,c.[9G>A;21C>T;36T>C;42C>G;51C>T;58C>A;59G>T;60T>C;63G>C;72C>T;75C>T;102T>C;120A>G;123T>C;141A>G;164A>T],NA,p.[Arg20Ile;Glu55Val],-0.300124198121796,-0.3249055836508013,-0.2747019783526104,0.0384816573419895,-1.5332198,1.6127760044204993,1.5775106785639947,1.6488269941383082
urn:mavedb:00000394-a-1#4220,c.[6T>G;9G>A;21C>T;54G>A;58C>A;59G>T;60T>C;63G>C;72C>T;75C>T;120A>G;141A>G;163G>A;164A>T;165G>C;171T>G;174A>G;207T>C],NA,p.[Arg20Ile;Glu55Ile],-0.3600238147658139,-0.372491792229237,-0.3180265812610183,0.0447145677382633,-1.5373931,1.533282908845704,1.5154052021500335,1.5932457569641671
urn:mavedb:00000394-a-1#4221,c.[6T>G;9G>A;12C>T;21C>T;36T>C;42C>G;58C>A;59G>T;60T>C;120A>G;141A>G;163G>T;164A>G;174A>G],NA,p.[Arg20Ile;Glu55Trp],-0.8829181897817684,-0.9427031653185916,-0.8062165714032079,0.0386755956382978,-1.5338726,0.7229625254163612,0.6179298081748803,0.8518423389584201
urn:mavedb:00000394-a-1#4222,c.[6T>G;9G>A;12C>T;21C>T;36T>C;42C>G;48C>T;58C>A;59G>T;60T>C;72C>T;75C>T;120A>G;123T>C;126C>T;141A>G;163G>T;165G>C;168G>A],NA,p.[Arg20Ile;Glu55Tyr],-0.8287735227406559,-0.8614646146857412,-0.8039071110035771,0.0299165691750319,-1.5322571,0.8118479510434529,0.7568700232058863,0.8529839167945952
urn:mavedb:00000394-a-1#4223,c.[3C>T;6T>G;21C>T;36T>C;42C>G;48C>T;58C>A;59G>T;60T>C;69T>C;72C>T;120A>G;123T>C;129G>A;141A>G;163G>T;164A>T;165G>C;168G>A;171T>G;177G>A],NA,p.[Arg20Ile;Glu55Phe],-0.72833604564822,-0.7482622158203523,-0.7101540652574279,0.0316365106707885,-1.5353718,0.9798086290717264,0.9481288348175708,1.0084823336443476
urn:mavedb:00000394-a-1#4224,c.[3C>T;6T>G;21C>T;36T>C;42C>G;48C>T;58C>A;59G>T;60T>C;69T>C;72C>T;75C>T;120A>G;123T>C;141A>G;163G>C;164A>C;168G>A;174A>G],NA,p.[Arg20Ile;Glu55Pro],-1.3773443910364072,-1.4284987418499993,-1.3244667252865334,0.0319882255757472,-1.5239697,-0.5290506322124514,-0.813655951346235,-0.3127826081863115
urn:mavedb:00000394-a-1#4225,c.[3C>T;6T>G;21C>T;36T>C;42C>G;48C>T;58C>T;60T>G;72C>T;75C>T;120A>G;123T>C;141A>G;162G>C;163G>C;171T>G;177G>A],NA,p.[Arg20Trp;Glu55Gln],-0.9601081503335313,-1.0085917489492702,-0.8648813666828695,0.0399300862361292,-1.5286174,0.5768498581688454,0.486161618529235,0.744860785373028
urn:mavedb:00000394-a-1#4226,c.[3C>T;6T>G;21C>T;36T>C;42C>G;51C>T;58C>T;60T>G;63G>C;111G>C;120A>G;123T>C;129G>A;141A>G;163G>A;165G>C;177G>A;195G>A;207T>C],NA,p.[Arg20Trp;Glu55Asn],-1.176146922003784,-1.226081557245986,-1.1167254348565012,0.0484587275176193,-1.5276561,0.1279258850129321,0.0015625639988647,0.2639432309869029
urn:mavedb:00000394-a-1#4227,c.[6T>G;9G>A;12C>T;21C>T;36T>C;42C>G;51C>T;58C>T;60T>G;75C>T;84C>T;120A>G;123T>C;129G>A;141A>G;163G>C;165G>C;168G>A],NA,p.[Arg20Trp;Glu55His],-1.0045485699070116,-1.057952704928466,-0.9374500520890376,0.0458054904244358,-1.5276937,0.4921224457446692,0.3873378582915965,0.6162691544227592
urn:mavedb:00000394-a-1#4228,c.[21C>T;36T>C;42C>G;54G>A;58C>T;60T>G;78C>T;120A>G;141A>G;165G>C;177G>A],NA,p.[Arg20Trp;Glu55Asp],-1.0226111622399623,-1.100625744075162,-0.9643954209933132,0.0476939226010535,-1.5234127,0.4490130176403312,0.2896105194621635,0.5594097822393066
urn:mavedb:00000394-a-1#4229,c.[3C>T;6T>G;21C>T;36T>C;42C>G;58C>T;60T>G;120A>G;141A>G;163G>C;164A>G;165G>T;177G>A],NA,p.[Arg20Trp;Glu55Arg],-0.7413611054444733,-0.8182043082908417,-0.726370876227786,0.0264819051607119,-1.5496917,0.9818466744977484,0.8581235465108988,1.0054892780522684
urn:mavedb:00000394-a-1#4230,c.[21C>T;36T>C;42C>G;48C>T;58C>T;60T>G;72C>T;75C>T;120A>G;123T>C;129G>A;141A>G;163G>A;165G>A;171T>G;177G>A],NA,p.[Arg20Trp;Glu55Lys],-0.9115728401029004,-0.9410987725713172,-0.862264425701341,0.0466472540637113,-1.5338368,0.6731246011400897,0.6207458167480399,0.7581933526252853
urn:mavedb:00000394-a-1#4231,c.[6T>G;9G>A;12C>T;21C>T;36T>C;42C>G;58C>T;60T>G;72C>T;75C>T;120A>G;129G>A;141A>G;144C>T;153A>G;162G>C;163G>A;164A>C;165G>T;177G>A;180G>C;207T>C],NA,p.[Arg20Trp;Glu55Thr],-0.9526399896884328,-0.9735480249464424,-0.931954507378758,0.0364779700754496,-1.5304966,0.593888476145679,0.5555859501475156,0.6311369928177897
urn:mavedb:00000394-a-1#4232,c.[3C>T;21C>T;36T>C;42C>G;48C>T;58C>T;60T>G;84C>T;120A>G;123T>C;141A>G;163G>T;164A>C;165G>T;168G>A;171T>G;174A>G;180G>C],NA,p.[Arg20Trp;Glu55Ser],-0.9588610849395504,-0.9970254749400704,-0.9317975714432876,0.0370402967502652,-1.5321498,0.5855774894780288,0.5148415271280615,0.6343668153776073
urn:mavedb:00000394-a-1#4233,c.[3C>T;6T>G;12C>T;21C>T;36T>C;48C>T;54G>A;58C>T;60T>G;63G>C;66G>A;69T>C;72C>T;90T>C;114C>T;120A>G;123T>C;141A>G;164A>C;165G>T;174A>G;198G>T],NA,p.[Arg20Trp;Glu55Ala],-1.0326576987718332,-1.1181030804256653,-0.9854618270699728,0.0588890491397107,-1.5327358,0.4475967269752128,0.2720024547193665,0.5376236224766312
urn:mavedb:00000394-a-1#4234,c.[15A>G;21C>T;36T>C;42C>G;51C>T;54G>A;58C>T;60T>G;69T>C;78C>T;108G>C;120A>G;123T>C;129G>A;141A>G;164A>G;165G>T;168G>A;171T>G],NA,p.[Arg20Trp;Glu55Gly],-0.9692270337115642,-1.00797566449648,-0.9334538692945238,0.0380802552070271,-1.5305824,0.5637163093958946,0.4910938363087803,0.6286109427745081
urn:mavedb:00000394-a-1#4235,c.[21C>T;42C>G;58C>T;60T>G;66G>A;72C>T;75C>T;120A>G;129G>A;141A>G;163G>A;164A>T;171T>G;174A>G;177G>A;198G>T],NA,p.[Arg20Trp;Glu55Met],-0.8671660799963361,-0.9077094730945646,-0.8467438857195728,0.0345303923302805,-1.5406618,0.7614524912846372,0.6918035885488202,0.795865650219276
urn:mavedb:00000394-a-1#4236,c.[6T>G;9G>A;21C>T;36T>C;42C>G;51C>T;58C>T;60T>G;72C>T;75C>T;120A>G;123T>C;141A>G;163G>T;164A>G;165G>T;171T>G;174A>G;177G>A;207T>C],NA,p.[Arg20Trp;Glu55Cys],-0.56236432386952,-0.6116000961454595,-0.5238473659690395,0.0791340147466434,-1.5330353,1.2312040116998524,1.1569936785046588,1.288557504698182
urn:mavedb:00000394-a-1#4237,c.[6T>G;9G>A;21C>T;36T>C;42C>G;51C>T;58C>T;60T>G;69T>C;72C>T;120A>G;123T>C;141A>G;163G>C;164A>T;177G>A;207T>C],NA,p.[Arg20Trp;Glu55Leu],-0.8775576513557387,-0.908998505072824,-0.7502645049571842,0.035658619762896,-1.5399032,0.742481187128405,0.6882357934640578,0.952161709015345
urn:mavedb:00000394-a-1#4238,c.[6T>G;9G>A;12C>T;21C>T;36T>C;42C>G;54G>A;58C>T;60T>G;69T>C;141A>G;164A>T;165G>T;177G>A],NA,p.[Arg20Trp;Glu55Val],-0.5440237063233329,-0.5711790836304149,-0.5191883975932043,0.0276675326491036,-1.5330973,1.25867811834513,1.2180882436141256,1.2955484594554671
urn:mavedb:00000394-a-1#4239,c.[6T>G;9G>A;21C>T;36T>C;42C>G;57T>G;58C>T;60T>G;72C>T;75C>T;78C>T;108G>C;120A>G;123T>C;126C>T;141A>G;163G>A;164A>T;165G>C;171T>G;174A>G],NA,p.[Arg20Trp;Glu55Ile],-0.4808461805834572,-0.4966464865859207,-0.4558713072679153,0.0431361096990839,-1.537272,1.3581525387652542,1.3349570318807846,1.394654426719454
urn:mavedb:00000394-a-1#4240,c.[21C>T;36T>C;42C>G;51C>T;58C>T;60T>G;96C>T;123T>C;129G>A;141A>G;163G>T;164A>G;177G>A],NA,p.[Arg20Trp;Glu55Trp],-0.7021040170165858,-0.7412376524259824,-0.6732315462793523,0.0559682151899224,-1.5337505,1.018571305683119,0.9567478217398708,1.0635669110220216
urn:mavedb:00000394-a-1#4241,c.[3C>T;6T>G;9G>A;21C>T;36T>C;42C>G;51C>T;58C>T;60T>G;72C>T;75C>T;120A>G;123T>C;129G>A;141A>G;163G>T;165G>C;171T>G;174A>G;177G>A],NA,p.[Arg20Trp;Glu55Tyr],-0.8816869790164145,-0.9201306194912332,-0.8343326059519122,0.0491286137639795,-1.532135,0.7220922583418493,0.6550565179580982,0.8023695506775943
urn:mavedb:00000394-a-1#4242,c.[3C>T;6T>G;9G>A;12C>T;21C>T;36T>C;42C>G;54G>A;58C>T;60T>G;63G>C;72C>T;75C>T;120A>G;123T>C;126C>T;141A>G;163G>T;164A>T;165G>C],NA,p.[Arg20Trp;Glu55Phe],-0.717410229799529,-0.7549788470560926,-0.6936429001775378,0.061500636047808,-1.5352502,0.9968733571695002,0.937192538887586,1.0341494449617417
urn:mavedb:00000394-a-1#4243,c.[6T>G;9G>A;21C>T;36T>C;42C>G;51C>T;58C>T;60T>G;72C>T;75C>T;120A>G;123T>C;141A>G;163G>C;164A>C;165G>A;174A>G],NA,p.[Arg20Trp;Glu55Pro],-1.277278160478407,-1.3346422876617785,-1.2341724305440396,0.0428325275148344,-1.5238457,-0.1558192602435184,-0.3509171547137762,-0.0306341088875045
urn:mavedb:00000394-a-1#4244,c.[12C>T;21C>T;36T>C;42C>G;57T>G;58C>T;59G>A;60T>C;69T>C;72C>T;141A>G;163G>C;165G>A;168G>A;171T>G;174A>G;177G>A],NA,p.[Arg20Tyr;Glu55Gln],-0.95511549122116,-0.9924696281404978,-0.9317597618241756,0.031821260523424,-1.5263615,0.5818536760004912,0.5125184591587806,0.6240907516683024
urn:mavedb:00000394-a-1#4245,c.[21C>T;54G>A;58C>T;59G>A;60T>C;69T>C;72C>T;108G>C;114C>T;120A>G;123T>C;126C>T;129G>A;141A>G;163G>A;165G>C;177G>A],NA,p.[Arg20Tyr;Glu55Asn],-1.0843512319560047,-1.1248727933921536,-1.0516129634205649,0.039993799878375,-1.5253983,0.32832202238372,0.2410508760762895,0.3954926741744145
urn:mavedb:00000394-a-1#4246,c.[21C>T;36T>C;42C>G;51C>T;54G>A;58C>T;59G>A;60T>C;75C>T;84C>T;120A>G;123T>C;141A>G;163G>C;165G>C;168G>A;171T>G;174A>G;177G>A],NA,p.[Arg20Tyr;Glu55His],-1.133862192486717,-1.165259804347215,-1.1135347219973772,0.0346318417657557,-1.5254359,0.221064181641796,0.1486251334338191,0.2660613424340335
urn:mavedb:00000394-a-1#4247,c.[6T>G;9G>A;21C>T;36T>C;42C>G;58C>T;59G>A;60T>C;72C>T;75C>T;120A>G;129G>A;141A>G;165G>C;168G>A;171T>G;174A>G;177G>A],NA,p.[Arg20Tyr;Glu55Asp],-1.241929111451153,-1.286222051941202,-1.2139016091171242,0.0262026040261626,-1.5211415,-0.0597112729413593,-0.1923822849220074,0.0165817977685499
urn:mavedb:00000394-a-1#4248,c.[21C>T;42C>G;54G>A;58C>T;59G>A;78C>T;93C>T;105C>T;123T>C;126C>T;141A>G;163G>C;164A>G;165G>T;192C>T;195G>A],NA,p.[Arg20Tyr;Glu55Arg],-0.6491441249790375,-0.6695439306817567,-0.626700326134374,0.0477194190503466,-1.5475044,1.12181492079194,1.0905032107985706,1.1560206177899566
urn:mavedb:00000394-a-1#4249,c.[3C>T;6T>G;21C>T;36T>C;42C>G;58C>T;59G>A;60T>C;120A>G;129G>A;141A>G;163G>A;165G>A;171T>G;174A>G;177G>A],NA,p.[Arg20Tyr;Glu55Lys],-0.7734445444522515,-0.7831205119505374,-0.7527368510726817,0.0414011366496907,-1.5315981,0.9015839922654284,0.8858856854117858,0.9349358460807428
urn:mavedb:00000394-a-1#4250,c.[3C>T;6T>G;21C>T;36T>C;42C>G;48C>T;51C>T;58C>T;59G>A;60T>C;120A>G;123T>C;141A>G;163G>A;164A>C;165G>T;177G>A],NA,p.[Arg20Tyr;Glu55Thr],-0.8909996267606678,-0.9015043653068076,-0.8737307864036675,0.0245494291449283,-1.5282474,0.699278939589789,0.6809739396479085,0.7290861458230782
urn:mavedb:00000394-a-1#4251,c.[3C>T;6T>G;21C>T;36T>C;42C>G;58C>T;59G>A;60T>C;75C>T;102T>C;120A>G;141A>G;163G>T;164A>C;165G>T;171T>G;174A>G;189G>A],NA,p.[Arg20Tyr;Glu55Ser],-1.1956173717141672,-1.2250592027475622,-1.1671287062830626,0.0275686144522899,-1.5299058,0.0857893226606426,0.0102589815936245,0.1547730050835459
urn:mavedb:00000394-a-1#4252,c.[3C>T;6T>G;12C>T;21C>T;36T>C;42C>G;51C>T;54G>A;58C>T;59G>A;60T>C;63G>C;66G>A;72C>T;75C>T;120A>G;123T>C;141A>G;162G>C;164A>C;165G>T;171T>G;174A>G;207T>C],NA,p.[Arg20Tyr;Glu55Ala],-1.1982087900386016,-1.243566118197296,-1.0535860655951723,0.0510169686134977,-1.5304937,0.0807946987568133,-0.0381949950977596,0.4017595220490195
urn:mavedb:00000394-a-1#4253,c.[3C>T;6T>G;9G>A;18C>T;21C>T;36T>C;42C>G;48C>T;58C>T;59G>A;60T>C;69T>C;72C>T;120A>G;123T>C;132C>T;141A>G;164A>G;165G>T;177G>A;207T>C],NA,p.[Arg20Tyr;Glu55Gly],-1.185413290414714,-1.245602596616275,-1.1219754332740008,0.0309608208211862,-1.5283332,0.1070830358192406,-0.049848677669305,0.2539255397304317
urn:mavedb:00000394-a-1#4254,c.[6T>G;9G>A;21C>T;36T>C;42C>G;58C>T;59G>A;60T>C;72C>T;75C>T;120A>G;141A>G;163G>A;164A>T;177G>A],NA,p.[Arg20Tyr;Glu55Met],-0.8102213205711108,-0.8362414140633978,-0.7700200579386071,0.0291173775834952,-1.538445,0.8527722844034755,0.8097112589576341,0.9181628853691493
urn:mavedb:00000394-a-1#4255,c.[3C>T;6T>G;21C>T;36T>C;42C>G;51C>T;58C>T;59G>A;60T>C;72C>T;75C>T;120A>G;123T>C;129G>A;141A>G;163G>T;164A>G;165G>C;177G>A],NA,p.[Arg20Tyr;Glu55Cys],-0.7850577263873961,-0.8483316628612895,-0.7188591154177424,0.0305146321065918,-1.5307937,0.8814245344560757,0.776619413992577,0.9875592734241602
urn:mavedb:00000394-a-1#4256,c.[3C>T;6T>G;21C>T;36T>C;42C>G;48C>T;58C>T;59G>A;60T>C;69T>C;72C>T;120A>G;123T>C;141A>G;163G>C;164A>T;177G>A],NA,p.[Arg20Tyr;Glu55Leu],-0.8038861047416843,-0.8205372097197716,-0.7877778688131184,0.0188716123369336,-1.5376835,0.8619185500513415,0.8345155960649132,0.888203044753726
urn:mavedb:00000394-a-1#4257,c.[3C>T;6T>G;21C>T;36T>C;42C>G;51C>T;58C>T;59G>A;60T>C;69T>C;72C>T;120A>G;129G>A;141A>G;164A>T;165G>T],NA,p.[Arg20Tyr;Glu55Val],-0.7289853286329121,-0.7572414928800194,-0.6898067035437052,0.0335549567823318,-1.5308571,0.9716284467396756,0.9265183957083496,1.0332837779654664
urn:mavedb:00000394-a-1#4258,c.[6T>G;9G>A;15A>G;21C>T;36T>C;42C>G;51C>T;58C>T;59G>A;60T>C;63G>C;72C>T;75C>T;105C>T;120A>G;123T>C;132C>T;141A>G;163G>A;164A>T;165G>C;171T>G;174A>G;177G>A],NA,p.[Arg20Tyr;Glu55Ile],-0.5542227389077918,-0.5803017304028066,-0.5252728627730925,0.0636540237104032,-1.5350442,1.24637250212883,1.2073094870795973,1.2894193371560798
urn:mavedb:00000394-a-1#4259,c.[6T>G;9G>A;12C>T;21C>T;36T>C;42C>G;51C>T;54G>A;58C>T;59G>A;60T>C;69T>C;72C>T;120A>G;123T>C;141A>G;163G>T;164A>G;177G>A;207T>C],NA,p.[Arg20Tyr;Glu55Trp],-0.94226739098587,-0.9610338207055054,-0.917932009090338,0.038092250476382,-1.5315118,0.6144702806754574,0.5804485012606776,0.6578402772174097
urn:mavedb:00000394-a-1#4260,c.[21C>T;36T>C;42C>G;58C>T;59G>A;60T>C;120A>G;123T>C;126C>T;135C>T;138T>C;141A>G;150C>T;162G>C;163G>T;165G>C;168G>A;177G>A],NA,p.[Arg20Tyr;Glu55Tyr],-1.128190770493629,-1.180456920039039,-1.0932373208837067,0.0333888407491016,-1.5298915,0.2436530451825957,0.1229217477743689,0.3190939593364552
urn:mavedb:00000394-a-1#4261,c.[36T>C;42C>G;58C>T;59G>A;60T>C;69T>C;72C>T;120A>G;123T>C;126C>T;135C>T;141A>G;163G>T;164A>T;165G>C;177G>A],NA,p.[Arg20Tyr;Glu55Phe],-0.8837619458431714,-0.9222943235063406,-0.8298532912748651,0.0397213991115771,-1.5330162,0.7200367671093391,0.65278773058669,0.8113132908323746
urn:mavedb:00000394-a-1#4262,c.[21C>T;36T>C;42C>G;51C>T;58C>T;59G>A;60T>C;84C>T;120A>G;123T>C;141A>G;163G>C;164A>C;168G>A;171T>G;174A>G;177G>A;183A>G;198G>T],NA,p.[Arg20Tyr;Glu55Pro],-1.4289914712360183,-1.4634441218220966,-1.3618332244982372,0.0395398299070444,-1.5215755,-0.8334624414781857,-1.1270767786542404,-0.4700799810960762
urn:mavedb:00000394-a-1#4263,c.[3C>T;6T>G;21C>T;36T>C;42C>G;58C>T;59G>T;60T>C;78C>T;120A>G;141A>G;162G>C;163G>C;171T>G;174A>G;177G>A],NA,p.[Arg20Phe;Glu55Gln],-1.0149303420979787,-1.0502750679226418,-0.984052445514895,0.0383087002702569,-1.5281639,0.4731195740024267,0.4037257204268873,0.5317200902624444
urn:mavedb:00000394-a-1#4264,c.[6T>G;9G>A;21C>T;36T>C;42C>G;48C>T;58C>T;59G>T;60T>C;72C>T;75C>T;114C>T;120A>G;123T>C;141A>G;163G>A;165G>C;171T>G;174A>G;177G>A;207T>C],NA,p.[Arg20Phe;Glu55Asn],-1.4079036953141637,-1.5425841449991238,-1.2869556412139809,0.0784145279243211,-1.5272026,-0.6678566686228699,-25.0,-0.1754959242174775
urn:mavedb:00000394-a-1#4265,c.[3C>T;6T>G;21C>T;36T>C;42C>G;48C>T;58C>T;59G>T;60T>C;72C>T;75C>T;120A>G;123T>C;141A>G;163G>C;165G>C;168G>A;177G>A],NA,p.[Arg20Phe;Glu55His],-1.1040107840607627,-1.1832203037729787,-1.0305726784913254,0.0384910544986577,-1.5272403,0.2905589485417948,0.1097717172922001,0.4409248202523854
urn:mavedb:00000394-a-1#4266,c.[6T>G;9G>A;21C>T;36T>C;42C>G;51C>T;58C>T;59G>T;60T>C;66G>A;120A>G;123T>C;141A>G;165G>C;171T>G;174A>G;177G>A;198G>T;207T>C],NA,p.[Arg20Phe;Glu55Asp],-1.2733930525903605,-1.3101695852930704,-1.244288703965703,0.0386242726713514,-1.5229554,-0.1466270212485118,-0.2658259989140253,-0.0612496300189382
urn:mavedb:00000394-a-1#4267,c.[6T>G;9G>A;21C>T;36T>C;42C>G;58C>T;59G>T;60T>C;72C>T;75C>T;120A>G;123T>C;126C>T;141A>G;163G>C;164A>G;165G>T;177G>A;207T>C],NA,p.[Arg20Phe;Glu55Arg],-0.9014106902765502,-0.9427189429221278,-0.8232933317574086,0.0627341454300713,-1.5492516,0.717592893888018,0.6453551665709848,0.8490404055669575
urn:mavedb:00000394-a-1#4268,c.[3C>T;6T>G;21C>T;36T>C;42C>G;51C>T;58C>T;59G>T;60T>C;75C>T;87T>C;102T>C;120A>G;123T>C;141A>G;163G>A;168G>A;174A>G;180G>C;183A>G;186A>G],NA,p.[Arg20Phe;Glu55Lys],-0.8479288044271223,-0.9326402902525588,-0.813265866769941,0.0463225985509151,-1.5333877,0.7816669090774597,0.6350709028685664,0.8394332057097981
urn:mavedb:00000394-a-1#4269,c.[6T>G;9G>A;12C>T;21C>T;36T>C;42C>G;48C>T;58C>T;59G>T;60T>C;102T>C;120A>G;123T>C;141A>G;163G>A;164A>C;165G>T;171T>G;174A>G;177G>A;195G>A;207T>C],NA,p.[Arg20Phe;Glu55Thr],-1.0598463114732373,-1.098992486455519,-1.0293100154999697,0.0345739943132151,-1.530045,0.388261708999078,0.3072501028600576,0.4488804705781277
urn:mavedb:00000394-a-1#4270,c.[21C>T;36T>C;39C>T;42C>G;58C>T;59G>T;60T>C;120A>G;141A>G;163G>T;164A>C;165G>T;177G>A],NA,p.[Arg20Phe;Glu55Ser],-1.1657465681562431,-1.1974230244058532,-1.128922789455672,0.0322850805480117,-1.5316982,0.1622394945461716,0.0857558696037985,0.2460292738444947
urn:mavedb:00000394-a-1#4271,c.[3C>T;6T>G;21C>T;36T>C;42C>G;48C>T;58C>T;59G>T;60T>C;72C>T;75C>T;120A>G;123T>C;141A>G;162G>C;164A>C;168G>A;171T>G;174A>G],NA,p.[Arg20Phe;Glu55Ala],-1.143751353780231,-1.2077313072036415,-1.0932897317928794,0.030829126436507,-1.5322852,0.2142112217590448,0.0613313947745915,0.3240172609129695
urn:mavedb:00000394-a-1#4272,c.[6T>G;9G>A;21C>T;36T>C;42C>G;58C>T;59G>T;60T>C;72C>T;75C>T;120A>G;141A>G;164A>G;165G>T;174A>G],NA,p.[Arg20Phe;Glu55Gly],-1.2115375897700793,-1.279851976837885,-1.1567927987261315,0.0488789895796319,-1.5301304,0.0461111872863559,-0.1444428694027575,0.1794549329146716
urn:mavedb:00000394-a-1#4273,c.[6T>G;9G>A;21C>T;36T>C;42C>G;58C>T;59G>T;60T>C;72C>T;75C>T;120A>G;123T>C;126C>T;129G>A;141A>G;163G>A;164A>T;171T>G;174A>G;177G>A],NA,p.[Arg20Phe;Glu55Met],-0.955301214387512,-0.9967298399743204,-0.9069729291050762,0.0450122672038924,-1.5402164,0.6066639169504137,0.5305459602265239,0.6923107524704095
urn:mavedb:00000394-a-1#4274,c.[3C>T;6T>G;12C>T;21C>T;36T>C;42C>G;58C>T;59G>T;60T>C;108G>C;120A>G;123T>C;126C>T;141A>G;163G>T;164A>G;165G>C;177G>A],NA,p.[Arg20Phe;Glu55Cys],-0.8534099121373171,-0.9287802685571642,-0.8031619406776036,0.0583074401607801,-1.5325842,0.7710687037583753,0.6405145650369939,0.8547451315600656
urn:mavedb:00000394-a-1#4275,c.[21C>T;36T>C;42C>G;54G>A;58C>T;59G>T;60T>C;72C>T;75C>T;120A>G;129G>A;141A>G;163G>C;164A>T;177G>A],NA,p.[Arg20Phe;Glu55Leu],-0.8818617383331699,-0.8942545559821314,-0.853790368710463,0.0385892962622284,-1.5394573,0.7343585307048677,0.7130466160705711,0.7820134507712835
urn:mavedb:00000394-a-1#4276,c.[21C>T;36T>C;42C>G;51C>T;58C>T;59G>T;72C>T;75C>T;120A>G;123T>C;141A>G;162G>C;164A>T;165G>T;171T>G;174A>G;177G>A;189G>A;198G>T;207T>C],NA,p.[Arg20Phe;Glu55Val],-0.8062660232762884,-0.8260261638295822,-0.7926805501540624,0.0487688337413805,-1.5326471,0.8497467005632092,0.8170689619764908,0.8720139195819111
urn:mavedb:00000394-a-1#4277,c.[12C>T;21C>T;36T>C;42C>G;51C>T;58C>T;59G>T;60T>C;120A>G;123T>C;141A>G;163G>A;164A>T;165G>C;171T>G;174A>G;177G>A;198G>T],NA,p.[Arg20Phe;Glu55Ile],-0.7497453614363643,-0.7941971080592873,-0.7383283013888445,0.0287754903669035,-1.5368237,0.948077846859339,0.8763527446011027,0.9662631881703904
urn:mavedb:00000394-a-1#4278,c.[21C>T;36T>C;42C>G;48C>T;58C>T;59G>T;60T>C;72C>T;75C>T;120A>G;123T>C;141A>G;163G>T;164A>G;171T>G;174A>G;177G>A],NA,p.[Arg20Phe;Glu55Trp],-0.8084264977868378,-0.8355053252077762,-0.7545998552925026,0.0503050462703096,-1.5333004,0.84726613843376,0.8023565992100155,0.9346769880897484
urn:mavedb:00000394-a-1#4279,c.[6T>G;9G>A;21C>T;36T>C;42C>G;54G>A;57T>G;58C>T;59G>T;60T>C;66G>A;99G>C;111G>C;114C>T;120A>G;141A>G;163G>T;165G>C;168G>A;177G>A],NA,p.[Arg20Phe;Glu55Tyr],-0.931492860420186,-0.9679968727399272,-0.897779523833537,0.0470846371460159,-1.5316839,0.6340795470254537,0.5680050212134524,0.6934656359189795
urn:mavedb:00000394-a-1#4280,c.[3C>T;6T>G;21C>T;36T>C;42C>G;51C>T;58C>T;59G>T;60T>C;120A>G;123T>C;141A>G;163G>T;164A>T;165G>C;177G>A;207T>C],NA,p.[Arg20Phe;Glu55Phe],-1.06428284776744,-1.0838443487475875,-1.029837939330028,0.0306341437658232,-1.5348015,0.3889061206240398,0.3489408922636383,0.4571143683936063
urn:mavedb:00000394-a-1#4281,c.[6T>G;9G>A;21C>T;36T>C;42C>G;58C>T;59G>T;60T>C;69T>C;72C>T;120A>G;123T>C;126C>T;141A>G;163G>C;164A>C;165G>A;177G>A],NA,p.[Arg20Phe;Glu55Pro],-1.4251952739130442,-1.4657276101166972,-1.322573030073099,0.0333913776564644,-1.5233893,-0.7954580836375591,-1.1321030126981633,-0.308032618411461
urn:mavedb:00000394-a-1#4282,c.[21C>T;36T>C;42C>G;59G>C;60T>A;114C>T;120A>G;123T>C;126C>T;129G>A;132C>T;141A>G;162G>C;163G>C;168G>A;177G>A],NA,p.[Arg20Pro;Glu55Gln],-1.576456877927038,-1.6236135744272775,-1.532330250741671,0.035732241432308,-1.5183697,-15.0,-25.0,-5.0
urn:mavedb:00000394-a-1#4283,c.[3C>T;6T>G;21C>T;30G>C;42C>G;59G>C;60T>G;111G>C;120A>G;141A>G;163G>A;165G>C;171T>G;174A>G],NA,p.[Arg20Pro;Glu55Asn],-1.433131739708264,-1.485299681024666,-1.340774698579413,0.0318275506272684,-1.5173955,-0.8938229134763056,-1.489274338097918,-0.3998226438037756
urn:mavedb:00000394-a-1#4284,c.[21C>T;36T>C;42C>G;48C>T;59G>C;60T>G;120A>G;123T>C;141A>G;163G>C;165G>C;171T>G;174A>G;177G>A;198G>T],NA,p.[Arg20Pro;Glu55His],-1.4548226484183973,-1.5952049794179677,-1.3750400665852,0.0441959052004725,-1.5174336,-1.0809589217993825,-25.0,-0.5490181912592662
urn:mavedb:00000394-a-1#4285,c.[6T>G;9G>A;21C>T;36T>C;42C>G;51C>T;57T>G;59G>C;60T>G;72C>T;75C>T;78C>T;120A>G;141A>G;165G>C;168G>A;186A>G;207T>C],NA,p.[Arg20Pro;Glu55Asp],-1.4863382822326727,-1.6143922253040723,-1.4286564079817898,0.0465007313981122,-1.513092,-1.5984722950461396,-25.0,-0.8925222211334757
urn:mavedb:00000394-a-1#4286,c.[3C>T;6T>G;21C>T;36T>C;42C>G;59G>C;60T>G;120A>G;123T>C;126C>T;141A>G;163G>C;164A>G;165G>T;171T>G;174A>G;177G>A],NA,p.[Arg20Pro;Glu55Arg],-1.445807327606377,-1.5005672872601938,-1.3963615982554158,0.0385273743206149,-1.5397506,-0.8240717520300993,-1.368754407201363,-0.5442801351114517
urn:mavedb:00000394-a-1#4287,c.[6T>G;9G>A;21C>T;36T>C;42C>G;48C>T;59G>C;60T>G;72C>T;75C>T;120A>G;123T>C;141A>G;163G>A;165G>A;168G>A;174A>G],NA,p.[Arg20Pro;Glu55Lys],-1.489963906463558,-1.5484716108841532,-1.3985449250749673,0.035609820152768,-1.5236635,-1.4599097375484356,-25.0,-0.6361617604019462
urn:mavedb:00000394-a-1#4288,c.[21C>T;36T>C;42C>G;48C>T;57T>G;59G>C;60T>A;72C>T;75C>T;120A>G;123T>C;141A>G;163G>A;164A>C;165G>T;177G>A],NA,p.[Arg20Pro;Glu55Thr],-1.4666838188301958,-1.5121217812159728,-1.4326924683350115,0.0416764527699745,-1.5202761,-1.1773275010675506,-2.300091608460672,-0.8691204486435754
urn:mavedb:00000394-a-1#4289,c.[9G>A;21C>T;36T>C;42C>G;59G>C;60T>G;120A>G;126C>T;141A>G;144C>T;150C>T;163G>T;164A>C;165G>T;168G>A;174A>G],NA,p.[Arg20Pro;Glu55Ser],-1.5113421971748078,-1.611889158650774,-1.471586164756055,0.0354347470090674,-1.5219522,-2.145761099322129,-25.0,-1.2155365356805825
urn:mavedb:00000394-a-1#4290,c.[21C>T;36T>C;42C>G;48C>T;59G>C;60T>G;72C>T;75C>T;120A>G;123T>C;132C>T;141A>G;164A>C;165G>T;171T>G],NA,p.[Arg20Pro;Glu55Ala],-1.5314574428923668,-1.6216245077051283,-1.4352108674279036,0.041276038769864,-1.5225468,-15.0,-25.0,-0.8709344362564465
urn:mavedb:00000394-a-1#4291,c.[6T>G;9G>A;12C>T;21C>T;36T>C;42C>G;51C>T;59G>C;60T>G;120A>G;123T>C;141A>G;164A>G;165G>T;168G>A;177G>A;207T>C],NA,p.[Arg20Pro;Glu55Gly],-1.4766907731845509,-1.508348906052519,-1.4428205708110662,0.0356919883444058,-1.5203629,-1.3027997997232,-2.072739674068321,-0.9466660975556808
urn:mavedb:00000394-a-1#4292,c.[6T>G;9G>A;21C>T;36T>C;42C>G;48C>T;59G>C;60T>G;72C>T;75C>T;120A>G;123T>C;129G>A;141A>G;163G>A;164A>T;171T>G;174A>G;177G>A],NA,p.[Arg20Pro;Glu55Met],-1.4262956093202277,-1.4723654699650457,-1.3629530080705634,0.0356122797334756,-1.5305872,-0.7562862524712544,-1.126115605883708,-0.4365110911918514
urn:mavedb:00000394-a-1#4293,c.[6T>G;9G>A;21C>T;24C>T;36T>C;42C>G;51C>T;54G>A;59G>C;60T>A;69T>C;78C>T;120A>G;123T>C;141A>G;163G>T;164A>G;165G>C;177G>A],NA,p.[Arg20Pro;Glu55Cys],-0.7881385647761243,-0.8762025816831952,-0.7212885201209832,0.0506410327560315,-1.52285,0.8634258710617465,0.7155492102560874,0.9711424963255576
urn:mavedb:00000394-a-1#4294,c.[6T>G;9G>A;21C>T;36T>C;42C>G;48C>T;57T>G;59G>C;60T>G;66G>A;120A>G;123T>C;141A>G;163G>C;164A>T;168G>A;177G>A;207T>C],NA,p.[Arg20Pro;Glu55Leu],-1.429006045070719,-1.47336564756954,-1.3319000307464874,0.0295805517866489,-1.5298166,-0.7783921848512,-1.145238359252262,-0.3185543777090485
urn:mavedb:00000394-a-1#4295,c.[3C>T;6T>G;21C>T;36T>C;42C>G;59G>C;60T>G;78C>T;120A>G;126C>T;141A>G;164A>T;165G>T;168G>A;171T>G;174A>G;207T>C],NA,p.[Arg20Pro;Glu55Val],-1.4412720360484066,-1.5027675217309509,-1.3220383324238807,0.0429908192689529,-1.5229135,-0.9139673921905894,-1.7674544232742957,-0.3078200774144397
urn:mavedb:00000394-a-1#4296,c.[6T>G;9G>A;21C>T;36T>C;42C>G;59G>C;60T>G;72C>T;75C>T;120A>G;141A>G;163G>A;164A>T;165G>C;171T>G;174A>G;177G>A],NA,p.[Arg20Pro;Glu55Ile],-1.3948889598677088,-1.431866970389976,-1.3579511020077673,0.0333837039584157,-1.5271478,-0.5989686719631179,-0.8149442914231595,-0.4300184429563508
urn:mavedb:00000394-a-1#4297,c.[12C>T;21C>T;36T>C;42C>G;51C>T;54G>A;59G>C;60T>G;66G>A;120A>G;123T>C;141A>G;163G>T;164A>G;180G>C],NA,p.[Arg20Pro;Glu55Trp],-1.0679033674653922,-1.1259312497292189,-0.986369715753243,0.0532574213239044,-1.5235758,0.3586663208264197,0.2346492339565595,0.5187671836598037
urn:mavedb:00000394-a-1#4298,c.[12C>T;21C>T;36T>C;42C>G;51C>T;59G>C;60T>A;72C>T;75C>T;120A>G;123T>C;141A>G;163G>T;165G>C;168G>A;177G>A],NA,p.[Arg20Pro;Glu55Tyr],-1.330364428804388,-1.4817328400486145,-1.2728689472066437,0.0540388092048728,-1.5219374,-0.3420000686090658,-1.353136428696996,-0.148137065990878
urn:mavedb:00000394-a-1#4299,c.[12C>T;21C>T;36T>C;42C>G;59G>C;60T>G;105C>T;114C>T;123T>C;126C>T;141A>G;163G>T;164A>T;165G>C;168G>A;177G>A],NA,p.[Arg20Pro;Glu55Phe],-1.3825670074022334,-1.4205073555732013,-1.3209151542982225,0.0288288749074237,-1.5250969,-0.5483683422876344,-0.754423748266324,-0.2959713207813748
urn:mavedb:00000394-a-1#4300,c.[21C>T;36T>C;42C>G;48C>T;59G>C;60T>A;72C>T;75C>T;120A>G;123T>C;141A>G;163G>C;164A>C;168G>A;171T>G;174A>G;177G>A],NA,p.[Arg20Pro;Glu55Pro],-1.4772146684211656,-1.5280555173336572,-1.3742968596567957,0.0336901991388517,-1.5135312,-1.414760414617828,-25.0,-0.5642543876651092
urn:mavedb:00000394-a-1#4301,c.[21C>T;24C>T;36T>C;42C>G;51C>T;67T>C;68C>A;69T>G;72C>T;120A>G;123T>C;129G>A;133A>C;135C>A;141A>G;165G>A;168G>A;207T>C],NA,p.[Ser23Gln;Asn45Gln],-1.482009127422347,-1.5465671944019272,-1.4427886182664018,0.0288941500577781,-1.5507488,-1.0226032159382337,-2.690109365676612,-0.7336878342214771
urn:mavedb:00000394-a-1#4302,c.[6T>G;9G>A;12C>T;21C>T;36T>C;42C>G;67T>C;68C>A;69T>G;72C>T;126C>T;129G>A;133A>G;135C>A;141A>G;174A>G],NA,p.[Ser23Gln;Asn45Glu],-1.44881729342012,-1.5236239649882952,-1.3580807733384024,0.0422027169145361,-1.5002728,-1.2023792424763649,-25.0,-0.5499783640904158
urn:mavedb:00000394-a-1#4303,c.[6T>G;9G>A;21C>T;36T>C;42C>G;48C>T;63G>C;67T>C;68C>A;69T>G;72C>T;120A>G;123T>C;133A>C;141A>G;144C>T;165G>A;168G>A;174A>G],NA,p.[Ser23Gln;Asn45His],-1.300055717193238,-1.407501903232632,-1.2238940712313542,0.033897120834646,-1.5193615,-0.2436057490346272,-0.7103891210709415,-0.0148444545462523
urn:mavedb:00000394-a-1#4304,c.[3C>T;6T>G;15A>G;21C>T;36T>C;42C>G;51C>T;67T>C;68C>A;69T>G;72C>T;120A>G;123T>C;133A>G;141A>G;165G>A;168G>A;174A>G;207T>C],NA,p.[Ser23Gln;Asn45Asp],-1.2371046335483238,-1.2903608901614332,-1.1994800376830763,0.0346203374664967,-1.4721036,-0.1921167659000245,-0.3795772492724556,-0.0784137938383906
urn:mavedb:00000394-a-1#4305,c.[3C>T;6T>G;21C>T;36T>C;42C>G;54G>A;66G>A;67T>C;68C>A;69T>G;72C>T;120A>G;133A>C;134A>G;135C>T;141A>G;144C>T;177G>A;189G>A],NA,p.[Ser23Gln;Asn45Arg],-1.5016182459061431,-1.5694637731366867,-1.434475962703041,0.0394828554172014,-1.5739207,-0.990854175056707,-2.652944656837957,-0.5632406446307324
urn:mavedb:00000394-a-1#4306,c.[21C>T;36T>C;42C>G;51C>T;67T>C;68C>A;69T>G;72C>T;120A>G;123T>C;135C>A;141A>G;165G>A;171T>G;174A>G;177G>A],NA,p.[Ser23Gln;Asn45Lys],-1.4752262251145511,-1.5124297192787737,-1.4463194321143822,0.0389070181779826,-1.5352921,-1.1067703748253328,-1.6922637378767993,-0.8590372573466152
urn:mavedb:00000394-a-1#4307,c.[9G>A;15A>G;21C>T;36T>C;42C>G;48C>T;67T>C;68C>A;69T>G;72C>T;120A>G;123T>C;134A>C;141A>G;165G>A;168G>A;174A>G],NA,p.[Ser23Gln;Asn45Thr],-0.7445841297045475,-0.7852402366356703,-0.6641849807405,0.0397460413723037,-1.5649781,1.0008726768051062,0.9363165822106492,1.125518434484187
urn:mavedb:00000394-a-1#4308,c.[6T>G;9G>A;12C>T;21C>T;36T>C;42C>G;48C>T;67T>C;68C>A;69T>G;72C>T;111G>C;120A>G;126C>T;132C>T;133A>T;134A>C;135C>T;141A>G;165G>A;168G>A;171T>G;174A>G;207T>C],NA,p.[Ser23Gln;Asn45Ser],-0.855076229873265,-0.8786439985900731,-0.8174786856799668,0.0324553305608092,-1.5762057,0.8410692298878055,0.8019413814622206,0.9024818201824056
urn:mavedb:00000394-a-1#4309,c.[3C>T;6T>G;9G>A;21C>T;36T>C;42C>G;48C>T;63G>C;67T>C;68C>A;69T>G;72C>T;84C>T;120A>G;123T>C;129G>A;133A>G;134A>C;135C>G;141A>G;165G>A;168G>A;174A>G;183A>G],NA,p.[Ser23Gln;Asn45Ala],-1.434849195137287,-1.452704616631086,-1.3896750304666092,0.0275650635362023,-1.5777378,-0.5466664576662364,-0.6366260809147954,-0.3552510910433583
urn:mavedb:00000394-a-1#4310,c.[3C>T;6T>G;21C>T;36T>C;42C>G;54G>A;63G>C;67T>C;68C>A;69T>G;72C>T;75C>T;120A>G;123T>C;126C>T;133A>G;134A>G;135C>T;141A>G;162G>C;165G>A;168G>A;174A>G],NA,p.[Ser23Gln;Asn45Gly],-1.3795742298984508,-1.4046496426295385,-1.3421692137261434,0.0286023213874003,-1.5427837,-0.4551706297734591,-0.5696349555249813,-0.3087646391129725
urn:mavedb:00000394-a-1#4311,c.[6T>G;9G>A;21C>T;36T>C;39C>T;42C>G;48C>T;57T>G;67T>C;68C>A;69T>G;72C>T;120A>G;123T>C;134A>T;135C>G;141A>G;165G>A;168G>A;174A>G;180G>C],NA,p.[Ser23Gln;Asn45Met],-1.3370716758195615,-1.3965098208703886,-1.292937285882934,0.0265170799387924,-1.5845165,-0.1531307101247278,-0.3554654203504866,-0.0254303679279049
urn:mavedb:00000394-a-1#4312,c.[3C>T;6T>G;21C>T;36T>C;42C>G;67T>C;68C>A;69T>G;72C>T;102T>C;123T>C;126C>T;129G>A;133A>T;134A>G;141A>G;165G>A;168G>A;174A>G;180G>C],NA,p.[Ser23Gln;Asn45Cys],-0.6343970784760549,-0.6695588209033624,-0.6214038935748802,0.0313466888371844,-1.5527654,1.1523150385367962,1.098571572876186,1.172021821709297
urn:mavedb:00000394-a-1#4313,c.[21C>T;36T>C;42C>G;67T>C;68C>A;69T>G;72C>T;120A>G;133A>C;134A>T;135C>G;138T>C;141A>G;165G>A;171T>G;174A>G;177G>A],NA,p.[Ser23Gln;Asn45Leu],-1.2586233996885188,-1.3207543682080554,-1.222860281247514,0.0267404342198613,-1.5540123,-0.0150653820863337,-0.1977149511922027,0.0779555899791968
urn:mavedb:00000394-a-1#4314,c.[21C>T;36T>C;42C>G;51C>T;67T>C;68C>A;69T>G;72C>T;102T>C;123T>C;129G>A;133A>G;134A>T;135C>T;138T>C;141A>G;165G>A;171T>G;174A>G;177G>A;183A>G],NA,p.[Ser23Gln;Asn45Val],-1.3032968688614286,-1.375785428368692,-1.2200113110071673,0.036414841534887,-1.5482941,-0.1606774904260584,-0.4164218439899543,0.0707530107671764
urn:mavedb:00000394-a-1#4315,c.[21C>T;36T>C;42C>G;67T>C;68C>A;69T>G;72C>T;120A>G;123T>C;126C>T;129G>A;134A>T;141A>G;165G>A;171T>G;174A>G;177G>A;207T>C],NA,p.[Ser23Gln;Asn45Ile],-1.2288715680506197,-1.3358423480871335,-1.18179231250854,0.0315864968803502,-1.5436211,0.0361920240369238,-0.2832545026701882,0.1525304735357297
urn:mavedb:00000394-a-1#4316,c.[21C>T;36T>C;42C>G;48C>T;67T>C;68C>A;69T>G;72C>T;102T>C;120A>G;123T>C;133A>T;134A>G;135C>G;141A>G;171T>G;174A>G;177G>A],NA,p.[Ser23Gln;Asn45Trp],-1.0394432364765194,-1.0762083053410805,-0.9885315991257398,0.0389432266231694,-1.567728,0.501886876298525,0.4307890376303731,0.5963030845680639
urn:mavedb:00000394-a-1#4317,c.[6T>G;9G>A;12C>T;21C>T;36T>C;42C>G;48C>T;67T>C;68C>A;69T>G;72C>T;87T>C;120A>G;123T>C;133A>T;141A>G;150C>T;165G>A;171T>G;174A>G;183A>G],NA,p.[Ser23Gln;Asn45Tyr],-1.1992504751875934,-1.2213024153414844,-1.1502469330635825,0.0303918057130443,-1.5418744,0.1063550734440762,0.0511828686210234,0.2211800350948907
urn:mavedb:00000394-a-1#4318,c.[15A>G;21C>T;36T>C;42C>G;51C>T;67T>C;68C>A;69T>G;72C>T;123T>C;129G>A;133A>T;134A>T;141A>G;177G>A;183A>G],NA,p.[Ser23Gln;Asn45Phe],-1.041107783619044,-1.06949287590678,-1.0208293862474933,0.0319129184126051,-1.5549269,0.4742368866633601,0.4187555420191128,0.5128947900174388
urn:mavedb:00000394-a-1#4319,c.[3C>T;6T>G;21C>T;36T>C;42C>G;48C>T;67T>C;68C>A;69T>G;72C>T;120A>G;123T>C;133A>C;134A>C;135C>A;141A>G;174A>G],NA,p.[Ser23Gln;Asn45Pro],-1.471061473018373,-1.571838458647033,-1.3632378476318896,0.034857639990849,-1.5390382,-1.0295979333575933,-25.0,-0.4031121903307942
urn:mavedb:00000394-a-1#4320,c.[3C>T;6T>G;21C>T;36T>C;42C>G;48C>T;57T>G;67T>G;68C>A;69T>A;72C>T;120A>G;123T>C;129G>A;133A>C;135C>G;141A>G;162G>C;165G>A;171T>G;174A>G],NA,p.[Ser23Glu;Asn45Gln],-1.5358154366442878,-1.5863225661957818,-1.493209420096883,0.0240767379637446,-1.5434933,-2.335333434674406,-25.0,-1.216542310446941
urn:mavedb:00000394-a-1#4321,c.[6T>G;9G>A;21C>T;36T>C;42C>G;63G>C;67T>G;68C>A;69T>A;72C>T;120A>G;132C>T;133A>G;135C>A;141A>G;165G>A;171T>G;177G>A],NA,p.[Ser23Glu;Asn45Glu],-1.4937914306957227,-1.5505067356900526,-1.438275883672069,0.0281904470095516,-1.4924965,-15.0,-25.0,-1.170134445429068
urn:mavedb:00000394-a-1#4322,c.[6T>G;9G>A;21C>T;36T>C;42C>G;51C>T;54G>A;57T>G;63G>C;67T>G;68C>A;69T>G;72C>T;105C>T;111G>C;114C>T;120A>G;123T>C;129G>A;133A>C;141A>G;162G>C;165G>A;168G>A;177G>A],NA,p.[Ser23Glu;Asn45His],-1.430734851875278,-1.4696823959427272,-1.3770209421718,0.0280871195250197,-1.5117755,-0.9186635911614528,-1.325229706354371,-0.5863712137921328
urn:mavedb:00000394-a-1#4323,c.[6T>G;9G>A;21C>T;36T>C;42C>G;63G>C;67T>G;68C>A;69T>A;72C>T;120A>G;123T>C;126C>T;133A>G;141A>G;171T>G;174A>G;177G>A;192C>T;195G>A],NA,p.[Ser23Glu;Asn45Asp],-1.3916690587217555,-1.4829404009403109,-1.3213759876633189,0.0313918988080754,-1.4640541,-0.990118723096532,-25.0,-0.5476496192488859
urn:mavedb:00000394-a-1#4324,c.[3C>T;6T>G;21C>T;36T>C;42C>G;48C>T;67T>G;68C>A;69T>A;72C>T;123T>C;133A>C;134A>G;135C>T;141A>G;153A>G;165G>A;168G>A;177G>A],NA,p.[Ser23Glu;Asn45Arg],-1.5926015986898228,-1.6630745236614866,-1.543666672367888,0.0323459465974224,-1.5669346,-15.0,-25.0,-1.6817962398888284
urn:mavedb:00000394-a-1#4325,c.[18C>T;21C>T;36T>C;42C>G;48C>T;66G>A;67T>G;68C>A;69T>G;72C>T;120A>G;123T>C;126C>T;135C>A;141A>G;144C>T;150C>T;171T>G;174A>G;183A>G],NA,p.[Ser23Glu;Asn45Lys],-1.4054307886846684,-1.5054409662898196,-1.332285071302273,0.0405363122540574,-1.5278702,-0.6505912272092688,-1.7036485857720958,-0.3271013333535852
urn:mavedb:00000394-a-1#4326,c.[21C>T;39C>T;42C>G;67T>G;68C>A;69T>A;72C>T;114C>T;120A>G;134A>C;141A>G;171T>G],NA,p.[Ser23Glu;Asn45Thr],-0.8650339021419358,-0.9555011130439688,-0.7761372620359821,0.0417866305468848,-1.5578852,0.794068518065782,0.6379753987717823,0.9395404717753054
urn:mavedb:00000394-a-1#4327,c.[21C>T;36T>C;42C>G;67T>G;68C>A;69T>G;72C>T;120A>G;133A>T;134A>C;135C>T;138T>C;141A>G;171T>G;174A>G;177G>A;180G>C],NA,p.[Ser23Glu;Asn45Ser],-1.001571717751481,-1.0170112039895132,-0.9771781487035393,0.0269428262233703,-1.5692477,0.5753064156109357,0.5468407549069078,0.6195297449018523
urn:mavedb:00000394-a-1#4328,c.[18C>T;21C>T;39C>T;42C>G;51C>T;67T>G;68C>A;69T>A;72C>T;123T>C;132C>T;133A>G;134A>C;135C>T;144C>T;177G>A],NA,p.[Ser23Glu;Asn45Ala],-1.5707485180599818,-1.6206328890852304,-1.528514371436433,0.0307586560626866,-1.5707989,-5.255787368262121,-25.0,-1.3224760387640886
urn:mavedb:00000394-a-1#4329,c.[3C>T;6T>G;21C>T;36T>C;42C>G;67T>G;68C>A;69T>A;72C>T;123T>C;126C>T;132C>T;133A>G;134A>G;135C>T;141A>G;177G>A],NA,p.[Ser23Glu;Asn45Gly],-1.3870775265161217,-1.43530039262293,-1.3323610396083214,0.0260188753692959,-1.5354419,-0.5209867986952644,-0.7827192404970357,-0.2999015956144884
urn:mavedb:00000394-a-1#4330,c.[21C>T;30G>C;42C>G;63G>C;67T>G;68C>A;69T>A;72C>T;120A>G;134A>T;135C>G;141A>G;165G>A;171T>G;174A>G;177G>A;207T>C],NA,p.[Ser23Glu;Asn45Met],-1.4613487691859477,-1.5165975760591195,-1.3732284611402483,0.035743816675521,-1.5776625,-0.6846461277618043,-1.0965258043878072,-0.2950834112140622
urn:mavedb:00000394-a-1#4331,c.[21C>T;36T>C;42C>G;51C>T;54G>A;67T>G;68C>A;69T>G;72C>T;120A>G;123T>C;133A>T;134A>G;141A>G;162G>C;165G>A;168G>A;171T>G;177G>A;207T>C],NA,p.[Ser23Glu;Asn45Cys],-1.0001121217993674,-1.0536837391216272,-0.9403363864082978,0.0515895065738462,-1.5455332,0.534160211059299,0.4314471202071304,0.6429845228637595
urn:mavedb:00000394-a-1#4332,c.[3C>T;6T>G;21C>T;36T>C;42C>G;67T>G;68C>A;69T>G;72C>T;102T>C;120A>G;132C>T;133A>C;134A>T;135C>G;141A>G;171T>G],NA,p.[Ser23Glu;Asn45Leu],-1.1602022447268296,-1.2143688270677435,-1.013595770328015,0.0446190287671445,-1.546793,0.2098104524757593,0.0811382241298984,0.5111979552317166
urn:mavedb:00000394-a-1#4333,c.[21C>T;42C>G;67T>G;68C>A;69T>A;72C>T;120A>G;133A>G;134A>T;135C>T;165G>A;171T>G;174A>G;198G>T],NA,p.[Ser23Glu;Asn45Val],-1.511223546739804,-1.5510127049073903,-1.4345645847982738,0.0255509566006541,-1.5410113,-1.5341218121180096,-25.0,-0.7429271256280375
urn:mavedb:00000394-a-1#4334,c.[6T>G;9G>A;12C>T;15A>G;21C>T;30G>C;36T>C;67T>G;68C>A;69T>A;72C>T;78C>T;120A>G;134A>T;135C>T;141A>G],NA,p.[Ser23Glu;Asn45Ile],-1.4388844216472363,-1.5256265296488662,-1.3374193677363635,0.046668343549842,-1.5362873,-0.8007002992556707,-2.142960280971927,-0.3150906682417229
urn:mavedb:00000394-a-1#4335,c.[3C>T;6T>G;21C>T;36T>C;42C>G;54G>A;63G>C;67T>G;68C>A;69T>A;72C>T;120A>G;129G>A;133A>T;134A>G;135C>G;141A>G;165G>A;168G>A;174A>G;180G>C;198G>T],NA,p.[Ser23Glu;Asn45Trp],-1.236582554356889,-1.342901983346871,-1.1148697910750096,0.0354206430258983,-1.560667,0.0601324142086915,-0.2488184145947483,0.3382275706564583
urn:mavedb:00000394-a-1#4336,c.[21C>T;36T>C;42C>G;67T>G;68C>A;69T>A;72C>T;120A>G;129G>A;132C>T;133A>T;141A>G;165G>A;171T>G;177G>A],NA,p.[Ser23Glu;Asn45Tyr],-1.2954404005801203,-1.3243749909092966,-1.239125405246213,0.0249048305348435,-1.534522,-0.179167372330018,-0.2749710699372938,-0.0150399143834025
urn:mavedb:00000394-a-1#4337,c.[6T>G;9G>A;15A>G;21C>T;36T>C;42C>G;54G>A;67T>G;68C>A;69T>A;72C>T;87T>C;120A>G;133A>T;134A>T;141A>G;171T>G;174A>G;198G>T],NA,p.[Ser23Glu;Asn45Phe],-1.2731328487243618,-1.3766272965535828,-1.18028057636621,0.0402828427588895,-1.547718,-0.0728270972761589,-0.4222182282064652,0.1657155728908343
urn:mavedb:00000394-a-1#4338,c.[6T>G;9G>A;12C>T;21C>T;36T>C;42C>G;67T>G;68C>A;69T>A;72C>T;120A>G;133A>C;134A>C;135C>G;144C>T;165G>A;171T>G;174A>G;186A>G],NA,p.[Ser23Glu;Asn45Pro],-1.6130780925554098,-1.6553204763132712,-1.5761090657254402,0.0280225389578421,-1.5316563,-15.0,-25.0,-5.0
urn:mavedb:00000394-a-1#4339,c.[6T>G;9G>A;12C>T;21C>T;36T>C;42C>G;67T>A;68C>A;69T>C;72C>T;120A>G;123T>C;126C>T;133A>C;135C>G;168G>A;174A>G],NA,p.[Ser23Asn;Asn45Gln],-0.8604342471430106,-0.8804213805469365,-0.8354428897956129,0.0347738675148354,-1.5491304,0.7871014853806693,0.7533195704275409,0.8287853834271031
urn:mavedb:00000394-a-1#4340,c.[3C>T;6T>G;9G>A;15A>G;21C>T;36T>C;42C>G;67T>A;68C>A;69T>C;72C>T;120A>G;129G>A;132C>T;133A>G;135C>G;141A>G;165G>A;171T>G;174A>G;177G>A;198G>T],NA,p.[Ser23Asn;Asn45Glu],-0.8511015813139686,-0.8815147125864651,-0.7944888414222882,0.0517892352293079,-1.4985375,0.7169231983702308,0.6639297399429399,0.8128110584795974
urn:mavedb:00000394-a-1#4341,c.[21C>T;36T>C;42C>G;51C>T;54G>A;67T>A;68C>A;69T>C;72C>T;120A>G;123T>C;133A>C;141A>G;165G>A;171T>G;174A>G],NA,p.[Ser23Asn;Asn45His],-0.8416946821581084,-0.8561581003903156,-0.8014779557662959,0.0432659515350578,-1.5176692,0.7656658181676392,0.7410687533034606,0.8329494710884773
urn:mavedb:00000394-a-1#4342,c.[6T>G;9G>A;18C>T;21C>T;36T>C;42C>G;51C>T;60T>C;63G>C;67T>A;68C>A;69T>C;72C>T;120A>G;123T>C;133A>G;135C>T;141A>G;174A>G;207T>C],NA,p.[Ser23Asn;Asn45Asp],-0.5683274320066447,-0.5936465170955264,-0.550678703321199,0.0365037280199342,-1.4703074,1.127429148247292,1.0885772046490043,1.1543194595378272
urn:mavedb:00000394-a-1#4343,c.[3C>T;6T>G;21C>T;36T>C;42C>G;51C>T;67T>A;68C>A;69T>C;123T>C;132C>T;133A>C;134A>G;147G>C;171T>G;174A>G],NA,p.[Ser23Asn;Asn45Arg],-1.0163406335341154,-1.0485475375340805,-0.9979370349217872,0.0315294996820527,-1.5723634,0.5538559687226717,0.4933838553083989,0.5876322503197533
urn:mavedb:00000394-a-1#4344,c.[21C>T;36T>C;42C>G;67T>A;68C>A;69T>C;72C>T;120A>G;123T>C;126C>T;135C>A;141A>G;165G>A;171T>G;174A>G;177G>A;180G>C],NA,p.[Ser23Asn;Asn45Lys],-1.0525989201053858,-1.1804112621377283,-1.00889069189629,0.0523835852814193,-1.5336361,0.4100148742140139,0.1320475676697163,0.4951705352963377
urn:mavedb:00000394-a-1#4345,c.[3C>T;6T>G;12C>T;21C>T;36T>C;42C>G;67T>A;68C>A;69T>C;72C>T;120A>G;134A>C;141A>G;165G>A;171T>G;174A>G;177G>A;198G>T],NA,p.[Ser23Asn;Asn45Thr],0.1179435729917167,0.107955049153633,0.1259388142195915,0.0450575312267077,-1.5633965,2.23563183870749,2.2219501154558494,2.24657938749917
urn:mavedb:00000394-a-1#4346,c.[9G>A;12C>T;21C>T;36T>C;42C>G;67T>A;68C>A;69T>C;72C>T;93C>T;123T>C;126C>T;133A>T;134A>C;135C>T;141A>G;177G>A],NA,p.[Ser23Asn;Asn45Ser],-0.3918791345229767,-0.4073052464661237,-0.3752699208866378,0.0569271238178713,-1.5746546,1.5409568394265656,1.518853907208806,1.5646945377484154
urn:mavedb:00000394-a-1#4347,c.[3C>T;6T>G;12C>T;21C>T;36T>C;42C>G;67T>A;68C>A;69T>C;72C>T;120A>G;126C>T;132C>T;133A>G;134A>C;135C>G;141A>G;165G>A;171T>G;174A>G;177G>A;207T>C],NA,p.[Ser23Asn;Asn45Ala],-1.0219288645985904,-1.064115915998809,-0.9700688369943123,0.0273016759508503,-1.576191,0.5505946794154225,0.4708675933760707,0.6446138114642624
urn:mavedb:00000394-a-1#4348,c.[3C>T;6T>G;15A>G;21C>T;36T>C;42C>G;67T>A;68C>A;120A>G;123T>C;126C>T;132C>T;133A>G;134A>G;135C>T;141A>G;165G>A;171T>G;174A>G;177G>A],NA,p.[Ser23Asn;Asn45Gly],-0.7577697087648448,-0.7769445561843097,-0.7303310607079727,0.0248583679888207,-1.5411463,0.942158560380078,0.9113522420148096,0.9857823102739122
urn:mavedb:00000394-a-1#4349,c.[36T>C;42C>G;67T>A;68C>A;69T>C;72C>T;114C>T;120A>G;134A>T;135C>G;138T>C;141A>G;165G>A;168G>A;198G>T],NA,p.[Ser23Asn;Asn45Met],-0.7688463568740525,-0.7876031627430392,-0.7502435392101925,0.0236167824587659,-1.5829887,0.9910055169536108,0.961285217993321,1.0202535488903046
urn:mavedb:00000394-a-1#4350,c.[21C>T;36T>C;42C>G;67T>A;68C>A;69T>C;72C>T;102T>C;120A>G;123T>C;126C>T;132C>T;133A>T;134A>G;141A>G;165G>A;171T>G;174A>G;177G>A;198G>T],NA,p.[Ser23Asn;Asn45Cys],-0.3862828491123015,-0.4124837305032648,-0.3268190595277192,0.0455830751814915,-1.5511532,1.5153364763093478,1.477646281399303,1.6002857759982594
urn:mavedb:00000394-a-1#4351,c.[9G>A;21C>T;36T>C;42C>G;60T>C;67T>A;68C>A;69T>C;72C>T;120A>G;129G>A;133A>C;134A>T;165G>A;171T>G;174A>G;177G>A;198G>T;207T>C],NA,p.[Ser23Asn;Asn45Leu],-0.4334924946591234,-0.4617933536470015,-0.3649387981167261,0.1139873137849015,-1.5524025,1.4491045335622772,1.4080426353608704,1.5477030329725776
urn:mavedb:00000394-a-1#4352,c.[3C>T;9G>A;12C>T;21C>T;36T>C;42C>G;48C>T;67T>A;68C>A;69T>C;72C>T;108G>C;114C>T;120A>G;123T>C;126C>T;132C>T;133A>G;134A>T;135C>T;141A>G;147G>C;165G>A;168G>A;177G>A],NA,p.[Ser23Asn;Asn45Val],-0.9785075501773756,-1.0030796748895348,-0.9455855414027458,0.0336781339274754,-1.546669,0.5762050692371189,0.5307355107911649,0.6356635280174014
urn:mavedb:00000394-a-1#4353,c.[21C>T;36T>C;42C>G;48C>T;54G>A;57T>G;63G>C;66G>A;67T>A;68C>A;69T>C;72C>T;120A>G;123T>C;134A>T;141A>G;165G>A;168G>A;177G>A],NA,p.[Ser23Asn;Asn45Ile],-0.997137377198544,-1.0190163526540643,-0.969638493402251,0.0291762984082211,-1.5419846,0.5330895859848768,0.4917790894994756,0.5838541787264782
urn:mavedb:00000394-a-1#4354,c.[3C>T;6T>G;9G>A;15A>G;21C>T;36T>C;42C>G;54G>A;66G>A;67T>A;68C>A;69T>C;72C>T;75C>T;123T>C;126C>T;129G>A;133A>T;134A>G;135C>G;141A>G;144C>T;174A>G;198G>T],NA,p.[Ser23Asn;Asn45Trp],-0.6915239666034199,-0.713203585432328,-0.6781346120950489,0.0461994161181774,-1.566154,1.0853539910923335,1.0517919583566535,1.1059529631359806
urn:mavedb:00000394-a-1#4355,c.[12C>T;21C>T;36T>C;42C>G;51C>T;54G>A;67T>A;68C>A;69T>C;72C>T;87T>C;102T>C;120A>G;123T>C;133A>T;141A>G;165G>A;168G>A;171T>G;177G>A;180G>C],NA,p.[Ser23Asn;Asn45Tyr],-0.8200636593502699,-0.833563324769946,-0.8060271380194348,0.0362861110966296,-1.5402346,0.8395098396067494,0.8171479175920502,0.86258867661471
urn:mavedb:00000394-a-1#4356,c.[21C>T;36T>C;42C>G;48C>T;67T>A;68C>A;69T>C;72C>T;120A>G;123T>C;133A>T;134A>T;165G>A;171T>G;174A>G;198G>T],NA,p.[Ser23Asn;Asn45Phe],-0.7531083860365859,-0.7764876217222247,-0.656840316934993,0.0507490652611494,-1.5533195,0.9689756212015934,0.9316658624988744,1.1189312059804148
urn:mavedb:00000394-a-1#4357,c.[21C>T;36T>C;42C>G;51C>T;57T>G;66G>A;67T>A;68C>A;69T>C;72C>T;120A>G;123T>C;133A>C;134A>C;135C>G;150C>T;165G>A;168G>A;177G>A],NA,p.[Ser23Asn;Asn45Pro],-1.369681691267993,-1.4248765805088908,-1.3028056449284957,0.0326293581561235,-1.5373917,-0.4361961772957311,-0.706546374521305,-0.1934521316116695
urn:mavedb:00000394-a-1#4358,c.[6T>G;9G>A;12C>T;21C>T;36T>C;42C>G;67T>C;68C>A;69T>C;72C>T;120A>G;123T>C;126C>T;133A>C;135C>G;141A>G;168G>A;171T>G;174A>G;177G>A;186A>G],NA,p.[Ser23His;Asn45Gln],-1.3079590568015085,-1.3566031004463583,-1.2537829838161012,0.0286364458282185,-1.5457244,-0.1833309555342844,-0.3512319091838482,-0.0244327789122219
urn:mavedb:00000394-a-1#4359,c.[15A>G;21C>T;36T>C;42C>G;51C>T;54G>A;67T>C;68C>A;69T>C;72C>T;120A>G;123T>C;132C>T;133A>G;135C>G;138T>C;141A>G;165G>A;168G>A],NA,p.[Ser23His;Asn45Glu],-1.3922508763137045,-1.4612687960475736,-1.2865306943669248,0.0432335480151489,-1.4948859,-0.7667173670479145,-1.4613829362407404,-0.2812218752797107
urn:mavedb:00000394-a-1#4360,c.[21C>T;36T>C;42C>G;51C>T;67T>C;68C>A;69T>C;72C>T;120A>G;123T>C;129G>A;133A>C;141A>G;165G>A;171T>G;174A>G;177G>A],NA,p.[Ser23His;Asn45His],-1.1242058766929146,-1.148563805271092,-1.0575159697013028,0.01796488609853,-1.5141068,0.2173018929258718,0.1612858129605053,0.3605566056856709
urn:mavedb:00000394-a-1#4361,c.[21C>T;36T>C;42C>G;67T>C;68C>A;69T>C;72C>T;87T>C;120A>G;133A>G;141A>G;171T>G;174A>G;177G>A],NA,p.[Ser23His;Asn45Asp],-1.2867549031627277,-1.327289151115855,-1.2413057431920589,0.0226254572193485,-1.4665279,-0.387303022361523,-0.5642240656026204,-0.2238665119013196
urn:mavedb:00000394-a-1#4362,c.[3C>T;6T>G;15A>G;21C>T;36T>C;42C>G;66G>A;67T>C;68C>A;69T>C;78C>T;120A>G;129G>A;132C>T;133A>C;134A>G;135C>T;141A>G;165G>A;171T>G;174A>G;192C>T;198G>T],NA,p.[Ser23His;Asn45Arg],-1.2794094145059842,-1.3420794315152555,-1.2230382761920633,0.0298317328438243,-1.5690837,-0.030641904440536,-0.2180242089355105,0.1146956370208595
urn:mavedb:00000394-a-1#4363,c.[3C>T;6T>G;9G>A;12C>T;15A>G;18C>T;21C>T;24C>T;30G>C;36T>C;42C>G;48C>T;67T>C;68C>A;69T>C;72C>T;75C>T;84C>T;120A>G;123T>C;129G>A;135C>A;141A>G;165G>A;171T>G;174A>G;180G>C;186A>G;198G>T],NA,p.[Ser23His;Asn45Lys],-1.336425183485856,-1.3797139285822198,-1.296143375582448,0.0298264999141402,-1.5301514,-0.3339747433188652,-0.5114737379926957,-0.1953021472872708
urn:mavedb:00000394-a-1#4364,c.[3C>T;21C>T;36T>C;42C>G;54G>A;67T>C;68C>A;69T>C;72C>T;93C>T;120A>G;132C>T;134A>C;141A>G;144C>T;165G>A;168G>A;177G>A;180G>C],NA,p.[Ser23His;Asn45Thr],-0.6263364558404112,-0.6348917851214277,-0.6083315469196426,0.0295518602722297,-1.5600662,1.1755979246823576,1.162640501787361,1.2027589678941153
urn:mavedb:00000394-a-1#4365,c.[21C>T;36T>C;42C>G;67T>C;68C>A;69T>C;72C>T;120A>G;123T>C;126C>T;133A>T;134A>C;135C>T;141A>G;165G>A;171T>G;174A>G;177G>A;207T>C],NA,p.[Ser23His;Asn45Ser],-1.0117978702235475,-1.0227357287063796,-0.9878410645820042,0.021544629803625,-1.5713878,0.5604453115659169,0.5401754797576008,0.6041779621460545
urn:mavedb:00000394-a-1#4366,c.[9G>A;21C>T;36T>C;42C>G;51C>T;63G>C;66G>A;67T>C;68C>A;69T>C;72C>T;105C>T;120A>G;123T>C;129G>A;133A>G;134A>C;135C>G;144C>T;165G>A;168G>A;171T>G;174A>G;177G>A;207T>C],NA,p.[Ser23His;Asn45Ala],-1.3686427860231314,-1.4211757399666067,-1.340281113099809,0.0294514870060452,-1.5729332,-0.2955936076666126,-0.5054813595593676,-0.1996677559667466
urn:mavedb:00000394-a-1#4367,c.[3C>T;6T>G;12C>T;21C>T;36T>C;42C>G;67T>C;68C>A;69T>C;72C>T;120A>G;133A>G;134A>G;135C>T;141A>G;165G>A;171T>G;174A>G;177G>A],NA,p.[Ser23His;Asn45Gly],-1.1598100991698923,-1.291967038294517,-1.0300185464851914,0.0423395322138414,-1.5376992,0.1899542873145382,-0.1584011121048823,0.4623859199794989
urn:mavedb:00000394-a-1#4368,c.[3C>T;12C>T;21C>T;36T>C;42C>G;48C>T;67T>C;68C>A;69T>C;72C>T;120A>G;123T>C;134A>T;135C>G;141A>G;144C>T;165G>A;171T>G;174A>G;177G>A;180G>C],NA,p.[Ser23His;Asn45Met],-1.235798689725824,-1.2845367552586056,-1.1734269121685592,0.0284595831035897,-1.5797715,0.1096428156397861,-0.0154885195727031,0.2538810988964579
urn:mavedb:00000394-a-1#4369,c.[6T>G;9G>A;12C>T;21C>T;36T>C;42C>G;48C>T;54G>A;67T>C;68C>A;69T>C;72C>T;75C>T;120A>G;123T>C;129G>A;133A>T;134A>G;141A>G;174A>G],NA,p.[Ser23His;Asn45Cys],-0.6788752012059933,-0.705676305037339,-0.6578712019210528,0.0375396084785158,-1.5477571,1.0764969402780011,1.034877960836212,1.108833714466149
urn:mavedb:00000394-a-1#4370,c.[3C>T;6T>G;21C>T;36T>C;42C>G;51C>T;67T>C;68C>A;69T>C;72C>T;102T>C;120A>G;123T>C;129G>A;133A>C;134A>T;135C>G;141A>G;165G>A;168G>A;174A>G],NA,p.[Ser23His;Asn45Leu],-1.1653760858250175,-1.2303809237816867,-1.1016427946520866,0.0332009728295791,-1.5490131,0.2031003422004587,0.0462075352938155,0.3415023505519063
urn:mavedb:00000394-a-1#4371,c.[12C>T;21C>T;36T>C;42C>G;67T>C;68C>A;69T>C;87T>C;111G>C;120A>G;123T>C;126C>T;133A>G;134A>T;135C>T;144C>T;150C>T;165G>A;171T>G;174A>G;177G>A;198G>T],NA,p.[Ser23His;Asn45Val],-1.472545971911306,-1.5269061244690736,-1.415533070388993,0.0198195261315023,-1.5432501,-1.0049121140019015,-1.891318385685829,-0.6224233644129917
urn:mavedb:00000394-a-1#4372,c.[3C>T;6T>G;21C>T;36T>C;42C>G;51C>T;67T>C;68C>A;69T>C;72C>T;120A>G;123T>C;134A>T;141A>G;165G>A;171T>G;174A>G;177G>A],NA,p.[Ser23His;Asn45Ile],-1.3964142315735018,-1.4408148633711286,-1.3477752387790127,0.0366043392749095,-1.5385418,-0.5502935289780795,-0.7985496597634532,-0.3450279088255588
urn:mavedb:00000394-a-1#4373,c.[3C>T;6T>G;18C>T;21C>T;36T>C;42C>G;51C>T;54G>A;57T>G;67T>C;68C>A;69T>C;72C>T;120A>G;123T>C;133A>T;134A>G;135C>G;141A>G;162G>C;165G>A;168G>A;177G>A],NA,p.[Ser23His;Asn45Trp],-1.0476086227676036,-1.094099970273309,-1.0111471949413569,0.0400474468642465,-1.5628395,0.4769504516469219,0.3853003133235204,0.5458329603405253
urn:mavedb:00000394-a-1#4374,c.[21C>T;36T>C;42C>G;67T>C;68C>A;69T>C;72C>T;87T>C;120A>G;133A>T;135C>T;141A>G;165G>A;171T>G;174A>G;177G>A],NA,p.[Ser23His;Asn45Tyr],-1.1615417654805018,-1.2128756039728843,-1.1050480773055804,0.0420662426666,-1.5367823,0.1838533246936229,0.059686870342715,0.3086939871168741
urn:mavedb:00000394-a-1#4375,c.[6T>G;9G>A;12C>T;21C>T;36T>C;42C>G;54G>A;67T>C;68C>A;69T>C;72C>T;120A>G;133A>T;134A>T;141A>G;162G>C;165G>A;168G>A;174A>G;180G>C],NA,p.[Ser23His;Asn45Phe],-0.8704937242341304,-0.8884478634052286,-0.8362038802046529,0.0335745192875487,-1.5499349,0.7715095390850213,0.7410093472506868,0.8288569470545836
urn:mavedb:00000394-a-1#4376,c.[15A>G;21C>T;27G>A;30G>C;60T>C;67T>C;68C>A;69T>C;72C>T;120A>G;133A>C;134A>C;135C>A;141A>G;168G>A;177G>A;180G>C],NA,p.[Ser23His;Asn45Pro],-1.5196823963038764,-1.6182689698382424,-1.4292738395587878,0.0343052448938218,-1.5339255,-1.972528743821046,-25.0,-0.7540376372697396
urn:mavedb:00000394-a-1#4377,c.[3C>T;6T>G;12C>T;21C>T;36T>C;42C>G;67T>G;68C>A;69T>C;72C>T;120A>G;132C>T;133A>C;135C>G;141A>G;168G>A;177G>A],NA,p.[Ser23Asp;Asn45Gln],-0.8554984499955562,-0.8858181988958418,-0.8391806491035069,0.0374308869678958,-1.5438137,0.7864646075652321,0.7350410172839772,0.8137548365094738
urn:mavedb:00000394-a-1#4378,c.[9G>A;12C>T;21C>T;36T>C;42C>G;51C>T;67T>G;68C>A;69T>C;72C>T;120A>G;123T>C;129G>A;133A>G;135C>A;141A>G;174A>G],NA,p.[Ser23Asp;Asn45Glu],-1.0493844836745183,-1.1063033326945677,-1.0352113148721949,0.0312909853470432,-1.4928398,0.3333694785395921,0.2097042029282466,0.3626939517508651
urn:mavedb:00000394-a-1#4379,c.[3C>T;6T>G;12C>T;15A>G;21C>T;36T>C;42C>G;51C>T;67T>G;68C>A;69T>C;72C>T;120A>G;123T>C;132C>T;133A>C;141A>G;174A>G;207T>C],NA,p.[Ser23Asp;Asn45His],-0.6690403017002635,-0.6921785871136703,-0.6386447920518186,0.0377479090466464,-1.5121098,1.0364517526440973,1.0001868708667696,1.0836064382460775
urn:mavedb:00000394-a-1#4380,c.[6T>G;9G>A;21C>T;36T>C;42C>G;54G>A;60T>C;67T>G;68C>A;69T>C;72C>T;120A>G;133A>G;141A>G;162G>C;165G>A;168G>A;180G>C;183A>G],NA,p.[Ser23Asp;Asn45Asp],-1.0192887719146424,-1.061166646093474,-0.9931373378193132,0.0277750389596709,-1.4644089,0.3368525710772009,0.247083432004626,0.3904535195139646
urn:mavedb:00000394-a-1#4381,c.[12C>T;21C>T;36T>C;42C>G;51C>T;66G>A;67T>G;68C>A;69T>C;72C>T;120A>G;123T>C;133A>C;134A>G;135C>T;141A>G;144C>T;171T>G;198G>T],NA,p.[Ser23Asp;Asn45Arg],-0.8328246787110896,-0.8486477943010922,-0.7845803673804422,0.0421060226734757,-1.5672436,0.8629177531723764,0.8368925022450971,0.9409986855016552
urn:mavedb:00000394-a-1#4382,c.[6T>G;9G>A;12C>T;21C>T;39C>T;48C>T;67T>G;68C>A;69T>C;72C>T;120A>G;123T>C;135C>A;141A>G;165G>A;171T>G;174A>G;177G>A],NA,p.[Ser23Asp;Asn45Lys],-0.7008525954938642,-0.7226882414520792,-0.6866504316903095,0.0307995162352562,-1.5281982,1.0118301240912375,0.97739816363008,1.034062595276063
urn:mavedb:00000394-a-1#4383,c.[3C>T;6T>G;21C>T;36T>C;42C>G;51C>T;63G>C;67T>G;68C>A;69T>C;72C>T;120A>G;123T>C;134A>C;141A>G;165G>A;168G>A;171T>G;174A>G;177G>A],NA,p.[Ser23Asp;Asn45Thr],-0.4907196048828441,-0.5033288037428216,-0.4674004700658777,0.0508155153835463,-1.5581989,1.3743023137654615,1.3558438486071371,1.4083096161694904
urn:mavedb:00000394-a-1#4384,c.[9G>A;12C>T;21C>T;36T>C;42C>G;51C>T;67T>G;68C>A;69T>C;72C>T;120A>G;123T>C;133A>T;134A>C;135C>T;141A>G;153A>G;162G>C;165G>A;168G>A;171T>G;174A>G],NA,p.[Ser23Asp;Asn45Ser],-0.689035513282897,-0.6977900529556925,-0.6773903179994477,0.0387408969445237,-1.5695553,1.0944239785613887,1.080931194561243,1.1123085675636972
urn:mavedb:00000394-a-1#4385,c.[3C>T;6T>G;21C>T;36T>C;42C>G;66G>A;67T>G;68C>A;69T>C;120A>G;133A>G;134A>C;135C>G;141A>G;144C>T;165G>A;168G>A;177G>A],NA,p.[Ser23Asp;Asn45Ala],-1.008755206934807,-1.0359239261963422,-0.9801983540953826,0.0278190923750445,-1.571106,0.5655309254243793,0.5149345768282679,0.6174423052700205
urn:mavedb:00000394-a-1#4386,c.[6T>G;9G>A;15A>G;21C>T;36T>C;42C>G;67T>G;68C>A;69T>C;72C>T;120A>G;133A>G;134A>G;135C>T;141A>G;165G>A;171T>G;174A>G;177G>A],NA,p.[Ser23Asp;Asn45Gly],-0.6947832201775226,-0.7099805709260413,-0.6486798841730728,0.0490387567363375,-1.5357661,1.0331741444122895,1.0093740052658031,1.1045482522154797
urn:mavedb:00000394-a-1#4387,c.[3C>T;6T>G;21C>T;36T>C;66G>A;67T>G;68C>A;69T>C;72C>T;134A>T;135C>G;141A>G;165G>A;171T>G;174A>G;177G>A],NA,p.[Ser23Asp;Asn45Met],-0.9425955710779044,-0.961193549371776,-0.9056883267259864,0.0269140046098066,-1.5779657,0.6959914941356053,0.6634479786078873,0.7593654986511599
urn:mavedb:00000394-a-1#4388,c.[21C>T;36T>C;42C>G;67T>G;68C>A;69T>C;72C>T;108G>C;111G>C;120A>G;133A>T;134A>G;141A>G;153A>G;165G>A;168G>A;171T>G;174A>G;177G>A],NA,p.[Ser23Asp;Asn45Cys],-0.4035525812884502,-0.424252257765774,-0.3576986896628568,0.0521922062359237,-1.5458527,1.4828880100265944,1.4530069130569376,1.5487022405333706
urn:mavedb:00000394-a-1#4389,c.[12C>T;21C>T;36T>C;42C>G;66G>A;67T>G;68C>A;69T>C;72C>T;120A>G;133A>C;134A>T;141A>G;144C>T;165G>A;171T>G;174A>G;177G>A;195G>A],NA,p.[Ser23Asp;Asn45Leu],-0.8186285124512992,-0.8653223171597434,-0.7851836140374424,0.0619641149821456,-1.547112,0.8531935759481981,0.7754758125752439,0.907677256040048
urn:mavedb:00000394-a-1#4390,c.[21C>T;36T>C;67T>G;68C>A;69T>C;72C>T;123T>C;126C>T;129G>A;132C>T;133A>G;134A>T;135C>T;141A>G;171T>G;174A>G;177G>A;180G>C],NA,p.[Ser23Asp;Asn45Val],-1.1713469877024671,-1.2435959158603431,-1.0684795742918487,0.0477590220499638,-1.5413332,0.171667395682938,-0.0087237413642129,0.3936117780210945
urn:mavedb:00000394-a-1#4391,c.[3C>T;6T>G;18C>T;21C>T;36T>C;42C>G;67T>G;68C>A;120A>G;134A>T;165G>A;171T>G;174A>G;180G>C],NA,p.[Ser23Asp;Asn45Ile],-0.9836877860801172,-1.0133676017018414,-0.9521351751523796,0.0332593443612649,-1.5366116,0.548130002477216,0.4923073636907318,0.6058733486084683
urn:mavedb:00000394-a-1#4392,c.[12C>T;21C>T;42C>G;67T>G;68C>A;69T>C;72C>T;96C>T;99G>C;102T>C;126C>T;133A>T;134A>G;135C>G;144C>T;165G>A;171T>G;174A>G;177G>A],NA,p.[Ser23Asp;Asn45Trp],-0.7368669518437125,-0.7687355924566718,-0.7281223621947785,0.0301121614524985,-1.5609798,1.006725556200455,0.956299626556426,1.020446370913863
urn:mavedb:00000394-a-1#4393,c.[12C>T;21C>T;36T>C;42C>G;51C>T;54G>A;67T>G;68C>A;69T>C;72C>T;120A>G;123T>C;129G>A;132C>T;133A>T;141A>G;165G>A;168G>A;177G>A;180G>C],NA,p.[Ser23Asp;Asn45Tyr],-0.8395650304160701,-0.876190195806712,-0.8056757994773993,0.0285361592184351,-1.5348473,0.7981533956108242,0.7361785998919055,0.8543317964227833
urn:mavedb:00000394-a-1#4394,c.[6T>G;9G>A;12C>T;21C>T;36T>C;42C>G;66G>A;67T>G;68C>A;69T>C;72C>T;120A>G;123T>C;126C>T;133A>T;134A>T;141A>G;165G>A;168G>A;171T>G;174A>G;177G>A;180G>C],NA,p.[Ser23Asp;Asn45Phe],-0.7403328113537051,-0.7772489302145615,-0.699596519722914,0.0299339338575022,-1.5480366,0.9808561214095846,0.9219593560013511,1.0447907501284956
urn:mavedb:00000394-a-1#4395,c.[6T>G;9G>A;12C>T;21C>T;36T>C;54G>A;67T>G;68C>A;69T>C;72C>T;120A>G;133A>C;134A>C;135C>G;141A>G;144C>T;165G>A;171T>G;174A>G],NA,p.[Ser23Asp;Asn45Pro],-1.3741467177666502,-1.433903574190059,-1.3228906817433577,0.0292162510418205,-1.531982,-0.478398693955173,-0.7962227636298058,-0.2786532197947819
urn:mavedb:00000394-a-1#4396,c.[18C>T;21C>T;27G>A;30G>C;39C>T;42C>G;48C>T;67T>C;68C>G;72C>T;75C>T;120A>G;123T>C;133A>C;135C>A;141A>G;165G>A;171T>G;174A>G;177G>A],NA,p.[Ser23Arg;Asn45Gln],-1.6434476889207428,-1.7689276083632697,-1.5373297875863503,0.0438028778508897,-1.6518421,-2.283114803705514,-25.0,-0.6949655012749453
urn:mavedb:00000394-a-1#4397,c.[3C>T;21C>T;36T>C;42C>G;54G>A;67T>C;68C>G;72C>T;75C>T;120A>G;123T>C;126C>T;129G>A;133A>G;135C>A;141A>G;165G>A;171T>G;174A>G],NA,p.[Ser23Arg;Asn45Glu],-1.5217275354072377,-1.61657963373141,-1.4551770530468384,0.0385866729846161,-1.610507,-0.8604419621705034,-25.0,-0.4894653815914802
urn:mavedb:00000394-a-1#4398,c.[21C>T;36T>C;42C>G;67T>C;68C>G;72C>T;75C>T;120A>G;123T>C;126C>T;133A>C;141A>G;171T>G;174A>G;177G>A],NA,p.[Ser23Arg;Asn45His],-1.401571054007673,-1.5003002558516048,-1.3334410185635408,0.0340868902423035,-1.6263275,-0.2254372548303532,-0.6313440943062252,-0.0218740327420824
urn:mavedb:00000394-a-1#4399,c.[21C>T;36T>C;42C>G;67T>C;68C>G;72C>T;75C>T;120A>G;123T>C;126C>T;133A>G;135C>T;138T>C;141A>G;165G>A;171T>G;174A>G;177G>A],NA,p.[Ser23Arg;Asn45Asp],-1.307228826219823,-1.3588266473858823,-1.2825196834048689,0.0416333168345277,-1.5868297,-0.0586324788583754,-0.2147561496501048,0.0088238030156979
urn:mavedb:00000394-a-1#4400,c.[3C>T;6T>G;21C>T;36T>C;42C>G;67T>C;68C>G;72C>T;75C>T;120A>G;133A>C;134A>G;135C>T;141A>G;165G>A;171T>G;174A>G;177G>A],NA,p.[Ser23Arg;Asn45Arg],-1.6674611870797946,-1.6951669455160523,-1.6289906670713228,0.0269414405899391,-1.6702166,-2.9330098598602605,-25.0,-1.3379106443166222
urn:mavedb:00000394-a-1#4401,c.[6T>G;9G>A;12C>T;21C>T;36T>C;42C>G;51C>T;54G>A;57T>G;60T>C;67T>C;68C>G;72C>T;75C>T;120A>G;123T>C;135C>A;141A>G;165G>A;171T>G;174A>G;177G>A],NA,p.[Ser23Arg;Asn45Lys],-1.5546259707707804,-1.65631280226402,-1.4341155605179865,0.0488781410490778,-1.6393614,-0.8902767461369989,-25.0,-0.2922104366054833
urn:mavedb:00000394-a-1#4402,c.[6T>G;9G>A;12C>T;21C>T;36T>C;42C>G;67T>C;68C>G;72C>T;75C>T;120A>G;123T>C;126C>T;134A>C;141A>G;144C>T;165G>A;171T>G;174A>G;180G>C;198G>T],NA,p.[Ser23Arg;Asn45Thr],-1.0394619553425302,-1.072842590638869,-1.0259100207479543,0.0310827121760145,-1.6631756,0.6756087792288551,0.6163729953909565,0.6992468744494463
urn:mavedb:00000394-a-1#4403,c.[21C>T;36T>C;42C>G;67T>C;68C>G;72C>T;75C>T;120A>G;133A>T;134A>C;135C>T;141A>G;165G>A;171T>G;174A>G;177G>A;180G>C],NA,p.[Ser23Arg;Asn45Ser],-1.208766653660612,-1.238012006015618,-1.1796450401871077,0.0322570118452798,-1.6720052,0.3741011748593803,0.3134377840018562,0.4324123021673156
urn:mavedb:00000394-a-1#4404,c.[15A>G;21C>T;36T>C;42C>G;54G>A;67T>C;68C>G;78C>T;120A>G;133A>G;134A>C;135C>G;141A>G;165G>A;168G>A;177G>A;183A>G;207T>C],NA,p.[Ser23Arg;Asn45Ala],-1.5443822678422476,-1.5844737608983903,-1.4894410029123082,0.0250865998618287,-1.673202,-0.6166827336786281,-0.8608195095639539,-0.37176435233088
urn:mavedb:00000394-a-1#4405,c.[6T>G;9G>A;21C>T;36T>C;39C>T;42C>G;48C>T;54G>A;60T>C;63G>C;67T>C;68C>G;75C>T;99G>C;120A>G;123T>C;133A>G;134A>G;135C>T;141A>G;144C>T;165G>A;168G>A;174A>G],NA,p.[Ser23Arg;Asn45Gly],-1.5531988202977187,-1.644412308761104,-1.4984452988890795,0.053084709576698,-1.645432,-0.8359241107618177,-3.5107266905771817,-0.5273866789540032
urn:mavedb:00000394-a-1#4406,c.[9G>A;21C>T;36T>C;42C>G;57T>G;67T>C;68C>G;120A>G;134A>T;135C>G;144C>T;156T>C;162G>C;165G>A;168G>A;174A>G],NA,p.[Ser23Arg;Asn45Met],-1.6165858506987008,-1.6943033585004823,-1.5248070654411263,0.0361890954783255,-1.6784735,-1.0882128098424833,-25.0,-0.4968964752340123
urn:mavedb:00000394-a-1#4407,c.[3C>T;6T>G;12C>T;36T>C;42C>G;63G>C;67T>C;68C>G;72C>T;75C>T;120A>G;132C>T;133A>T;134A>G;141A>G;165G>A;171T>G;174A>G;177G>A],NA,p.[Ser23Arg;Asn45Cys],-1.1259143784479773,-1.1677580591862018,-1.0939750347683486,0.0341977482442802,-1.6534576,0.5004488295636133,0.4192507096866193,0.5602165622630213
urn:mavedb:00000394-a-1#4408,c.[3C>T;21C>T;42C>G;67T>C;68C>G;99G>C;120A>G;129G>A;133A>C;134A>T;135C>G;141A>G;171T>G;174A>G;177G>A],NA,p.[Ser23Arg;Asn45Leu],-1.51712913875491,-1.5537298878495145,-1.4891859742630429,0.0297262261962748,-1.6544552,-0.573622041051643,-0.7789589967173047,-0.4464518365066938
urn:mavedb:00000394-a-1#4409,c.[6T>G;9G>A;21C>T;39C>T;42C>G;60T>C;67T>C;68C>G;120A>G;123T>C;126C>T;132C>T;133A>G;134A>T;135C>T;141A>G;165G>A;171T>G;174A>G;186A>G],NA,p.[Ser23Arg;Asn45Val],-1.6042041641948614,-1.6607682974607347,-1.5386107630991757,0.028626180377809,-1.6498713,-1.2755524442543478,-25.0,-0.713939468966122
urn:mavedb:00000394-a-1#4410,c.[3C>T;6T>G;21C>T;36T>C;42C>G;48C>T;67T>C;68C>G;72C>T;75C>T;78C>T;120A>G;123T>C;129G>A;134A>T;141A>G;165G>A;171T>G;174A>G],NA,p.[Ser23Arg;Asn45Ile],-1.5586776058039438,-1.6152388150973755,-1.4988913770594356,0.0434430438302408,-1.6461077,-0.8702611231125342,-1.5127257288016218,-0.5263194036268226
urn:mavedb:00000394-a-1#4411,c.[21C>T;36T>C;42C>G;54G>A;67T>C;68C>G;120A>G;133A>T;134A>G;135C>G;165G>A;171T>G;174A>G;177G>A],NA,p.[Ser23Arg;Asn45Trp],-1.2293025544989846,-1.267278057008523,-1.1818119440581083,0.0299661855023701,-1.6653471,0.3177696873154237,0.2355560688934802,0.4149477167549008
urn:mavedb:00000394-a-1#4412,c.[3C>T;9G>A;12C>T;21C>T;36T>C;42C>G;57T>G;67T>C;68C>G;90T>C;93C>T;96C>T;99G>C;111G>C;120A>G;126C>T;133A>T;141A>G;165G>A;171T>G;174A>G],NA,p.[Ser23Arg;Asn45Tyr],-1.221067944641745,-1.2759574795723645,-1.1592382725977657,0.0381210802268765,-1.6446972,0.2913820150189437,0.1687346673483937,0.4187757747803339
urn:mavedb:00000394-a-1#4413,c.[3C>T;6T>G;9G>A;12C>T;21C>T;36T>C;42C>G;67T>C;68C>G;75C>T;96C>T;120A>G;126C>T;133A>T;134A>T;141A>G;165G>A;171T>G;174A>G;177G>A],NA,p.[Ser23Arg;Asn45Phe],-1.1419503146219934,-1.194296436217241,-1.0830582234196011,0.0407225315152673,-1.6551862,0.4730791067728211,0.3693153295090471,0.5834111136934349
urn:mavedb:00000394-a-1#4414,c.[21C>T;36T>C;42C>G;67T>C;68C>G;108G>C;120A>G;133A>C;134A>C;135C>G;141A>G;165G>A;171T>G;174A>G;177G>A],NA,p.[Ser23Arg;Asn45Pro],-1.7807386519414423,-1.9240503919600715,-1.6909399497246191,0.0346671707081747,-1.6424022,-15.0,-25.0,-5.0
urn:mavedb:00000394-a-1#4415,c.[12C>T;21C>T;36T>C;39C>T;42C>G;67T>A;68C>A;69T>A;72C>T;132C>T;133A>C;135C>G;138T>C;141A>G;165G>A;168G>A;171T>G;174A>G;177G>A],NA,p.[Ser23Lys;Asn45Gln],-1.5290590986630836,-1.5838876462013924,-1.4885244485610705,0.0251687853206112,-1.5842953,-1.1586914003080455,-4.042894655845618,-0.8116381431632853
urn:mavedb:00000394-a-1#4416,c.[3C>T;6T>G;21C>T;36T>C;42C>G;67T>A;68C>A;69T>A;72C>T;120A>G;123T>C;126C>T;129G>A;133A>G;135C>A;138T>C;141A>G;165G>A;171T>G;174A>G;177G>A;198G>T],NA,p.[Ser23Lys;Asn45Glu],-1.4267868299393456,-1.5096201444338184,-1.3603110337974078,0.0332227167114291,-1.5363965,-0.7237433551914229,-1.5979695853557911,-0.4019685636018664
urn:mavedb:00000394-a-1#4417,c.[3C>T;6T>G;21C>T;36T>C;42C>G;67T>A;68C>A;69T>A;72C>T;120A>G;123T>C;126C>T;133A>C;141A>G;165G>A;168G>A;177G>A],NA,p.[Ser23Lys;Asn45His],-1.405447289168318,-1.4778656678691326,-1.368271459727458,0.0455026008499104,-1.5545597,-0.5175450057823054,-0.9536344750569912,-0.3620158759102242
urn:mavedb:00000394-a-1#4418,c.[21C>T;36T>C;42C>G;51C>T;67T>A;68C>A;69T>A;72C>T;120A>G;123T>C;129G>A;133A>G;141A>G;165G>A;171T>G;174A>G;207T>C],NA,p.[Ser23Lys;Asn45Asp],-1.419309916186252,-1.4878797406581912,-1.3842556686489265,0.0291596624930779,-1.509531,-0.8500890966071438,-1.7246450146630998,-0.6353234075206725
urn:mavedb:00000394-a-1#4419,c.[6T>G;9G>A;12C>T;21C>T;36T>C;42C>G;48C>T;67T>A;68C>A;69T>A;72C>T;120A>G;123T>C;129G>A;133A>C;134A>G;135C>T;141A>G;165G>A;171T>G;174A>G;177G>A;207T>C],NA,p.[Ser23Lys;Asn45Arg],-1.5986509990208302,-1.6621916708652984,-1.4632103335689113,0.0445670862017989,-1.6061125,-2.3520646524241373,-25.0,-0.546606121525376
urn:mavedb:00000394-a-1#4420,c.[18C>T;21C>T;36T>C;42C>G;51C>T;60T>C;67T>A;68C>A;69T>G;72C>T;120A>G;123T>C;129G>A;135C>A;141A>G;165G>A;171T>G;174A>G],NA,p.[Ser23Lys;Asn45Lys],-1.7603716561699745,-1.8320616812189936,-1.67073039867949,0.0350993993038188,-1.569675,-15.0,-25.0,-5.0
urn:mavedb:00000394-a-1#4421,c.[21C>T;36T>C;42C>G;48C>T;51C>T;54G>A;67T>A;68C>A;69T>A;72C>T;120A>G;123T>C;134A>C;141A>G;177G>A],NA,p.[Ser23Lys;Asn45Thr],-1.0704285679116283,-1.1001910002059103,-0.989848327616064,0.0442842497728871,-1.5977082,0.4999668759292302,0.44256400633845,0.6476877397322904
urn:mavedb:00000394-a-1#4422,c.[3C>T;21C>T;36T>C;42C>G;67T>A;68C>A;69T>G;72C>T;90T>C;93C>T;120A>G;123T>C;126C>T;133A>T;134A>C;135C>T;141A>G;147G>C;165G>A;171T>G;174A>G;177G>A],NA,p.[Ser23Lys;Asn45Ser],-1.1615215556531169,-1.240804297546486,-1.0724410803312674,0.0338727969872997,-1.6082568,0.3401641720748433,0.1657350897568901,0.5161152022230003
urn:mavedb:00000394-a-1#4423,c.[3C>T;6T>G;21C>T;30G>C;42C>G;51C>T;54G>A;67T>A;68C>A;69T>A;72C>T;120A>G;126C>T;133A>G;134A>C;135C>G;153A>G;162G>C;165G>A;168G>A;174A>G;180G>C],NA,p.[Ser23Lys;Asn45Ala],-1.5726883400302754,-1.6050618592846722,-1.5235526717996075,0.0196566901674331,-1.6096935,-1.4034112796065452,-2.6305296999067167,-0.8797629275941101
urn:mavedb:00000394-a-1#4424,c.[3C>T;21C>T;36T>C;42C>G;51C>T;57T>G;67T>A;68C>A;69T>A;72C>T;87T>C;120A>G;123T>C;133A>G;134A>G;135C>T;141A>G;162G>C;165G>A;171T>G;174A>G;177G>A;198G>T;207T>C],NA,p.[Ser23Lys;Asn45Gly],-1.5275253500453565,-1.5870557356293633,-1.4994107804302763,0.0241519094919261,-1.5767674,-1.2293989874503404,-25.0,-0.9481926070479002
urn:mavedb:00000394-a-1#4425,c.[3C>T;21C>T;36T>C;39C>T;42C>G;67T>A;68C>A;69T>A;72C>T;114C>T;120A>G;129G>A;134A>T;135C>G;138T>C;168G>A;177G>A;207T>C],NA,p.[Ser23Lys;Asn45Met],-1.5380979730231634,-1.5997168492659015,-1.4693022666707285,0.0314759475269423,-1.6160431,-0.9433971004493626,-1.89196805362414,-0.5285270429489088
urn:mavedb:00000394-a-1#4426,c.[12C>T;21C>T;36T>C;42C>G;51C>T;54G>A;67T>A;68C>A;69T>A;72C>T;120A>G;123T>C;132C>T;133A>T;134A>G;141A>G;156T>C;168G>A;177G>A;198G>T;207T>C],NA,p.[Ser23Lys;Asn45Cys],-0.9254572273929468,-1.0101548761364991,-0.8907179786317583,0.04521443088877,-1.5861993,0.7397173695432525,0.590570878036887,0.7984568788707237
urn:mavedb:00000394-a-1#4427,c.[12C>T;21C>T;27G>A;39C>T;48C>T;67T>A;68C>A;69T>A;72C>T;99G>C;102T>C;120A>G;123T>C;133A>C;134A>T;135C>G;141A>G;165G>A;168G>A;177G>A],NA,p.[Ser23Lys;Asn45Leu],-1.3578568384951089,-1.4209679381407925,-1.316936633410358,0.0334598684790972,-1.5873756,-0.2098124707780473,-0.4416517087907717,-0.0847174411472952
urn:mavedb:00000394-a-1#4428,c.[3C>T;6T>G;21C>T;36T>C;42C>G;67T>A;68C>A;69T>A;72C>T;120A>G;126C>T;132C>T;133A>G;134A>T;135C>T;141A>G;165G>A;171T>G;174A>G;177G>A],NA,p.[Ser23Lys;Asn45Val],-1.5304049139384883,-1.56723576012374,-1.439187040536139,0.0480535773307515,-1.5819764,-1.2010056089095744,-1.952285850148887,-0.5471400123397344
urn:mavedb:00000394-a-1#4429,c.[3C>T;6T>G;21C>T;36T>C;42C>G;51C>T;67T>A;68C>A;69T>A;72C>T;120A>G;123T>C;129G>A;134A>T;141A>G;171T>G;174A>G;177G>A],NA,p.[Ser23Lys;Asn45Ile],-1.620202444265238,-1.781121814828363,-1.5526645789387477,0.0654277696859632,-1.577559,-15.0,-25.0,-1.6415118594097566
urn:mavedb:00000394-a-1#4430,c.[21C>T;36T>C;42C>G;57T>G;67T>A;68C>A;69T>A;72C>T;120A>G;123T>C;126C>T;129G>A;133A>T;134A>G;135C>G;141A>G;156T>C;162G>C;165G>A;171T>G;177G>A;180G>C;192C>T;198G>T],NA,p.[Ser23Lys;Asn45Trp],-1.1488330516793137,-1.1839162077758882,-1.1225958356447796,0.0185188300837946,-1.6002946,0.3499623501834086,0.2757683414430477,0.4033201957528529
urn:mavedb:00000394-a-1#4431,c.[21C>T;36T>C;42C>G;48C>T;54G>A;67T>A;68C>A;69T>A;72C>T;120A>G;123T>C;126C>T;129G>A;133A>T;141A>G;165G>A;171T>G;177G>A],NA,p.[Ser23Lys;Asn45Tyr],-1.385870719184506,-1.44377341425364,-1.3335701765618508,0.027350938552233,-1.5759072,-0.3477818142458502,-0.5996129385019914,-0.1689573757203491
urn:mavedb:00000394-a-1#4432,c.[6T>G;9G>A;21C>T;39C>T;42C>G;63G>C;67T>A;68C>A;69T>A;72C>T;120A>G;133A>T;134A>T;135C>T;141A>G;171T>G;177G>A;180G>C;198G>T],NA,p.[Ser23Lys;Asn45Phe],-1.224267471017343,-1.279402827220003,-1.1632580906646586,0.0600621251676976,-1.5882382,0.1575697611820202,0.0207605043904728,0.2942908837262727
urn:mavedb:00000394-a-1#4433,c.[3C>T;6T>G;21C>T;36T>C;42C>G;67T>A;68C>A;69T>A;72C>T;120A>G;123T>C;126C>T;133A>C;134A>C;135C>A;138T>C;141A>G;174A>G],NA,p.[Ser23Lys;Asn45Pro],-1.6603489285896422,-1.7548818792824614,-1.5538962817892052,0.0288421712252201,-1.5732226,-15.0,-25.0,-1.7921036845601863
urn:mavedb:00000394-a-1#4434,c.[21C>T;30G>C;36T>C;42C>G;54G>A;60T>C;67T>A;69T>C;72C>T;75C>T;78C>T;120A>G;123T>C;126C>T;129G>A;132C>T;133A>C;135C>G;141A>G;156T>C;162G>C;165G>A;171T>G;177G>A],NA,p.[Ser23Thr;Asn45Gln],-1.1162118881451348,-1.145009914591232,-1.073078506537971,0.0375147014131628,-1.5525122,0.3183408822192821,0.2564315653624478,0.4068066378774358
urn:mavedb:00000394-a-1#4435,c.[21C>T;36T>C;42C>G;48C>T;54G>A;67T>A;96C>T;99G>C;123T>C;132C>T;133A>G;135C>A;141A>G;177G>A],NA,p.[Ser23Thr;Asn45Glu],-1.031566574911616,-1.055295245958182,-1.012623847752428,0.0323604229425121,-1.5021648,0.3890791273965097,0.3404783674320313,0.4269087484035352
urn:mavedb:00000394-a-1#4436,c.[21C>T;36T>C;42C>G;48C>T;67T>A;69T>C;72C>T;123T>C;133A>C;141A>G;165G>A;171T>G;174A>G;177G>A],NA,p.[Ser23Thr;Asn45His],-0.9062402859285674,-0.9198367846179252,-0.8769615198836459,0.0309151085863249,-1.5212073,0.6602938825678228,0.6361877107454595,0.7114036311603233
urn:mavedb:00000394-a-1#4437,c.[21C>T;36T>C;42C>G;51C>T;67T>A;69T>C;72C>T;111G>C;114C>T;123T>C;133A>G;141A>G;165G>A;171T>G;174A>G;177G>A],NA,p.[Ser23Thr;Asn45Asp],-1.1299145520035754,-1.166423270703178,-1.0890553417733988,0.0411979709778792,-1.4740624,0.1100994703192592,0.0176457167472713,0.2062400794039092
urn:mavedb:00000394-a-1#4438,c.[6T>G;9G>A;12C>T;15A>G;21C>T;36T>C;39C>T;67T>A;69T>C;72C>T;120A>G;133A>C;134A>G;135C>T;141A>G;165G>A;168G>A;174A>G],NA,p.[Ser23Thr;Asn45Arg],-1.2328445409850477,-1.2926031535991989,-1.1419774908220854,0.0456640604815502,-1.5756183,0.1067131048046732,-0.0490654567595334,0.3127190586974682
urn:mavedb:00000394-a-1#4439,c.[36T>C;42C>G;57T>G;67T>A;69T>C;120A>G;123T>C;126C>T;135C>G;141A>G;144C>T;177G>A],NA,p.[Ser23Thr;Asn45Lys],-1.2199740337349134,-1.2463176938347544,-1.1828038982737643,0.036460264025064,-1.5370979,0.0423291308520695,-0.0276040363251291,0.134609634870794
urn:mavedb:00000394-a-1#4440,c.[21C>T;24C>T;36T>C;42C>G;51C>T;67T>A;69T>C;72C>T;120A>G;123T>C;129G>A;134A>C;141A>G;165G>A;168G>A;177G>A],NA,p.[Ser23Thr;Asn45Thr],0.040677700924252,0.0320694979713295,0.0548142339586032,0.043219617597706,-1.5667019,2.134168832997287,2.1223388414540265,2.15358519809565
urn:mavedb:00000394-a-1#4441,c.[6T>G;9G>A;21C>T;36T>C;42C>G;48C>T;60T>C;67T>A;69T>C;72C>T;84C>T;96C>T;123T>C;133A>T;134A>C;135C>T;141A>G;165G>A;171T>G;174A>G;177G>A;180G>C],NA,p.[Ser23Thr;Asn45Ser],-0.499913898800699,-0.5144785038030583,-0.4824434323489766,0.0552568745036193,-1.5778961,1.3896125455696031,1.368335879000982,1.4150496874049026
urn:mavedb:00000394-a-1#4442,c.[36T>C;42C>G;51C>T;63G>C;67T>A;69T>C;72C>T;114C>T;123T>C;129G>A;133A>G;134A>C;135C>G;171T>G;174A>G;177G>A;198G>T],NA,p.[Ser23Thr;Asn45Ala],-1.2469734333207958,-1.2708956329408974,-1.162805021406971,0.0394934806276805,-1.5794239,0.0811957755354943,0.0199562124020316,0.2762950837766202
urn:mavedb:00000394-a-1#4443,c.[3C>T;6T>G;21C>T;36T>C;42C>G;67T>A;69T>C;72C>T;96C>T;102T>C;120A>G;123T>C;126C>T;133A>G;134A>G;135C>T;141A>G;165G>A;168G>A;171T>G;174A>G;180G>C],NA,p.[Ser23Thr;Asn45Gly],-0.952961581608617,-0.9746975974989804,-0.9230791669797288,0.0251628086394214,-1.5445695,0.6187122424460266,0.5793349457704267,0.6717613315916939
urn:mavedb:00000394-a-1#4444,c.[3C>T;6T>G;21C>T;36T>C;42C>G;67T>A;69T>C;72C>T;134A>T;135C>G;141A>G;165G>A;171T>G;174A>G;177G>A],NA,p.[Ser23Thr;Asn45Met],-0.9715782069769752,-0.9980706392356832,-0.9372964712411688,0.0333081398886142,-1.5861812,0.659620059261369,0.612404724032511,0.7193727139954097
urn:mavedb:00000394-a-1#4445,c.[3C>T;6T>G;18C>T;36T>C;42C>G;51C>T;54G>A;67T>A;69T>C;72C>T;120A>G;123T>C;132C>T;133A>T;134A>G;141A>G;165G>A;171T>G;174A>G;177G>A],NA,p.[Ser23Thr;Asn45Cys],-0.664933017295458,-0.7267869091108722,-0.6038982614711365,0.0933578374923647,-1.554524,1.1083750647532755,1.0124231301663698,1.201096059683077
urn:mavedb:00000394-a-1#4446,c.[3C>T;6T>G;9G>A;12C>T;21C>T;36T>C;42C>G;51C>T;60T>C;63G>C;67T>A;69T>C;72C>T;120A>G;123T>C;133A>C;134A>T;135C>G;138T>C;174A>G;180G>C;198G>T],NA,p.[Ser23Thr;Asn45Leu],-0.925162278739846,-0.9631777299269932,-0.8821291217366056,0.0302835897578806,-1.555767,0.6877045209803408,0.6204685686596857,0.7616849974483075
urn:mavedb:00000394-a-1#4447,c.[21C>T;36T>C;39C>T;42C>G;48C>T;54G>A;60T>C;67T>A;69T>C;72C>T;120A>G;123T>C;133A>G;134A>T;135C>T;138T>C;141A>G;162G>C;165G>A;171T>G;174A>G;177G>A;198G>T],NA,p.[Ser23Thr;Asn45Val],-1.112316424244298,-1.2202576589473817,-1.0569499338309545,0.0310864520830489,-1.5500641,0.3213889271284089,0.0745833428136959,0.43393615678313
urn:mavedb:00000394-a-1#4448,c.[6T>G;9G>A;15A>G;21C>T;36T>C;42C>G;67T>A;69T>C;72C>T;120A>G;134A>T;141A>G;174A>G;207T>C],NA,p.[Ser23Thr;Asn45Ile],-1.1389162010607097,-1.1662173857938294,-1.1001516631744437,0.0319330334732595,-1.5454035,0.2542048864368859,0.192930059906138,0.3370970681160157
urn:mavedb:00000394-a-1#4449,c.[3C>T;21C>T;36T>C;42C>G;67T>A;69T>C;72C>T;114C>T;120A>G;123T>C;126C>T;129G>A;133A>T;134A>G;135C>G;141A>G;171T>G;183A>G;207T>C],NA,p.[Ser23Thr;Asn45Trp],-1.0292961183301128,-1.0867192904484084,-0.958059477226614,0.0473712623302888,-1.5694432,0.5242757677332036,0.4133632215458727,0.653940915158909
urn:mavedb:00000394-a-1#4450,c.[9G>A;15A>G;21C>T;36T>C;42C>G;51C>T;54G>A;67T>A;69T>C;84C>T;90T>C;120A>G;123T>C;133A>T;141A>G;144C>T;147G>C;165G>A;168G>A;189G>A],NA,p.[Ser23Thr;Asn45Tyr],-0.9666734495363316,-0.989768249868361,-0.9278347341823178,0.0346184900153416,-1.5436625,0.5923064824461862,0.5499264648190084,0.6618002516497019
urn:mavedb:00000394-a-1#4451,c.[3C>T;6T>G;21C>T;36T>C;42C>G;54G>A;67T>A;69T>C;120A>G;123T>C;126C>T;129G>A;133A>T;134A>T;141A>G;162G>C;165G>A;171T>G;180G>C],NA,p.[Ser23Thr;Asn45Phe],-0.8591811638161166,-0.8874351310535591,-0.8382441672008327,0.0215419732264713,-1.5566788,0.801845465129515,0.7542244744695452,0.8366326758678867
urn:mavedb:00000394-a-1#4452,c.[21C>T;36T>C;42C>G;48C>T;54G>A;67T>A;69T>C;72C>T;96C>T;123T>C;133A>C;134A>C;135C>A;138T>C;141A>G;144C>T;177G>A;198G>T],NA,p.[Ser23Thr;Asn45Pro],-1.519529489739493,-1.5695835646847365,-1.4443815743963253,0.0364949822884836,-1.5408335,-1.7342606021922724,-25.0,-0.8070501518391311
urn:mavedb:00000394-a-1#4453,c.[3C>T;6T>G;21C>T;36T>C;42C>G;48C>T;57T>G;67T>G;72C>T;75C>T;120A>G;123T>C;133A>C;135C>G;138T>C;141A>G;156T>C;180G>C],NA,p.[Ser23Ala;Asn45Gln],-1.4658695637539556,-1.5503349167198712,-1.426572887708271,0.0302472833551805,-1.5634551,-0.799491147323577,-2.020916517815201,-0.5757987040160405
urn:mavedb:00000394-a-1#4454,c.[6T>G;9G>A;21C>T;27G>A;36T>C;42C>G;51C>T;60T>C;66G>A;67T>G;69T>G;72C>T;120A>G;123T>C;129G>A;133A>G;135C>A;141A>G;165G>A;171T>G;174A>G;177G>A],NA,p.[Ser23Ala;Asn45Glu],-1.332929660351688,-1.4023811555362835,-1.2839961910915267,0.0470039634922068,-1.5139189,-0.3825336390553369,-0.7122836216444788,-0.2084842587791311
urn:mavedb:00000394-a-1#4455,c.[6T>G;9G>A;12C>T;21C>T;36T>C;42C>G;63G>C;66G>A;67T>G;69T>G;84C>T;87T>C;120A>G;129G>A;132C>T;133A>C;141A>G;165G>A;171T>G;174A>G;177G>A],NA,p.[Ser23Ala;Asn45His],-1.196006488074952,-1.2485303607301823,-1.1507603549906869,0.0276463081459341,-1.5326686,0.0916801612876114,-0.0459274161893218,0.1991632915883096
urn:mavedb:00000394-a-1#4456,c.[21C>T;24C>T;36T>C;42C>G;51C>T;66G>A;67T>G;69T>G;75C>T;84C>T;87T>C;102T>C;123T>C;132C>T;133A>G;141A>G;165G>A;171T>G;174A>G;177G>A],NA,p.[Ser23Ala;Asn45Asp],-1.3133663185878308,-1.376641650735326,-1.2090303030258822,0.0489318509340393,-1.4862337,-0.4149497645905279,-0.7238404604667896,-0.0653750704893697
urn:mavedb:00000394-a-1#4457,c.[21C>T;36T>C;42C>G;51C>T;60T>C;63G>C;66G>A;67T>G;69T>G;120A>G;123T>C;129G>A;133A>C;134A>G;135C>T;141A>G;165G>A;171T>G;174A>G;180G>C;186A>G],NA,p.[Ser23Ala;Asn45Arg],-1.4691328812356677,-1.494716289642027,-1.4310152116829846,0.0340895895902854,-1.5861359,-0.6807394016248816,-0.8416178586326925,-0.4903916365262237
urn:mavedb:00000394-a-1#4458,c.[3C>T;6T>G;12C>T;21C>T;24C>T;36T>C;42C>G;66G>A;67T>G;69T>G;120A>G;123T>C;126C>T;135C>A;141A>G;168G>A;177G>A],NA,p.[Ser23Ala;Asn45Lys],-1.500834427825407,-1.540604981028037,-1.403924295394108,0.0249082588680751,-1.5483017,-1.2518929611026943,-2.333898750573788,-0.539600709136339
urn:mavedb:00000394-a-1#4459,c.[3C>T;6T>G;21C>T;36T>C;42C>G;48C>T;67T>G;105C>T;120A>G;123T>C;134A>C;141A>G;165G>A;168G>A;171T>G;174A>G;207T>C],NA,p.[Ser23Ala;Asn45Thr],-0.3909265701850953,-0.4161156398017012,-0.3665358393460342,0.0389792438430235,-1.5773888,1.5462265219992382,1.5101279779017958,1.5810447368438207
urn:mavedb:00000394-a-1#4460,c.[3C>T;36T>C;42C>G;66G>A;67T>G;69T>G;78C>T;93C>T;120A>G;123T>C;126C>T;133A>T;134A>C;141A>G;165G>A;171T>G;174A>G;177G>A;180G>C;207T>C],NA,p.[Ser23Ala;Asn45Ser],-0.69608033596342,-0.7212334510533953,-0.6816829288702846,0.0259894520224252,-1.5883713,1.1124853009815905,1.0737669172835005,1.1344986529920715
urn:mavedb:00000394-a-1#4461,c.[21C>T;36T>C;42C>G;67T>G;75C>T;102T>C;120A>G;123T>C;126C>T;133A>G;134A>C;135C>T;141A>G;147G>C;165G>A;168G>A;177G>A],NA,p.[Ser23Ala;Asn45Ala],-1.317324214639238,-1.3470734709596006,-1.2886147005387425,0.0204331345287312,-1.5898685,-0.0786684565544155,-0.1675306870947079,0.0006919988943683
urn:mavedb:00000394-a-1#4462,c.[3C>T;6T>G;21C>T;36T>C;42C>G;63G>C;66G>A;67T>G;69T>G;75C>T;84C>T;120A>G;133A>G;134A>G;135C>T;141A>G;177G>A],NA,p.[Ser23Ala;Asn45Gly],-1.3120196403791322,-1.392442610418782,-1.262936068941927,0.0313317340596521,-1.5556488,-0.1649258498812176,-0.4551868501363111,-0.0223321673522079
urn:mavedb:00000394-a-1#4463,c.[3C>T;6T>G;21C>T;30G>C;36T>C;42C>G;66G>A;67T>G;69T>G;72C>T;84C>T;120A>G;134A>T;135C>G;141A>G;156T>C;165G>A;171T>G;177G>A],NA,p.[Ser23Ala;Asn45Met],-1.3911348091057787,-1.4317255447783337,-1.297850981636793,0.0285993262474881,-1.5964913,-0.2918111230417482,-0.4485704445553561,-0.0063080955723714
urn:mavedb:00000394-a-1#4464,c.[6T>G;9G>A;21C>T;36T>C;39C>T;42C>G;57T>G;60T>C;67T>G;75C>T;84C>T;90T>C;120A>G;132C>T;133A>T;134A>G;141A>G;165G>A;171T>G;174A>G;177G>A],NA,p.[Ser23Ala;Asn45Cys],-0.8900827861027305,-0.9428476416229906,-0.7242145850965688,0.1011851879391246,-1.5654316,0.7645788299375909,0.6736702145184524,1.0335152261420086
urn:mavedb:00000394-a-1#4465,c.[3C>T;6T>G;21C>T;36T>C;42C>G;57T>G;67T>G;72C>T;75C>T;84C>T;96C>T;120A>G;133A>C;134A>T;141A>G;162G>C;165G>A;171T>G;177G>A;180G>C;207T>C],NA,p.[Ser23Ala;Asn45Leu],-1.1690237719772576,-1.251731766632676,-1.1007528604632963,0.0499459114332259,-1.5666523,0.2346005873545588,0.036629358518019,0.3795429660351604
urn:mavedb:00000394-a-1#4466,c.[12C>T;21C>T;36T>C;42C>G;51C>T;67T>G;120A>G;123T>C;133A>G;134A>T;135C>T;141A>G;165G>A;168G>A;177G>A],NA,p.[Ser23Ala;Asn45Val],-1.3286709768826237,-1.376340991301627,-1.2741630038893554,0.0477113688836869,-1.5610495,-0.2005467743281465,-0.3680864490223038,-0.0383156085732131
urn:mavedb:00000394-a-1#4467,c.[21C>T;36T>C;42C>G;51C>T;67T>G;120A>G;123T>C;134A>T;141A>G;165G>A;168G>A;177G>A],NA,p.[Ser23Ala;Asn45Ile],-1.309057536974474,-1.3450568389893187,-1.2651032492818104,0.0295701323071195,-1.556469,-0.1532276686637124,-0.2705809223256265,-0.0260073186285249
urn:mavedb:00000394-a-1#4468,c.[3C>T;6T>G;21C>T;30G>C;36T>C;42C>G;60T>C;66G>A;67T>G;69T>G;72C>T;78C>T;84C>T;96C>T;120A>G;123T>C;126C>T;133A>T;134A>G;135C>G;141A>G;171T>G],NA,p.[Ser23Ala;Asn45Trp],-1.1143561895096328,-1.1504017461323592,-1.055679899495168,0.0429991900073712,-1.58008,0.3791819480475876,0.3043149191282466,0.4944944766639378
urn:mavedb:00000394-a-1#4469,c.[6T>G;9G>A;15A>G;21C>T;27G>A;30G>C;39C>T;42C>G;51C>T;63G>C;67T>G;72C>T;75C>T;78C>T;120A>G;129G>A;133A>T;141A>G;144C>T;165G>A;171T>G;174A>G;177G>A],NA,p.[Ser23Ala;Asn45Tyr],-1.1538449573765983,-1.214308767431212,-1.1033618171701434,0.0443175056359813,-1.5547571,0.2418989386180107,0.1010152696212352,0.3498398058764235
urn:mavedb:00000394-a-1#4470,c.[21C>T;42C>G;51C>T;67T>G;105C>T;120A>G;133A>T;134A>T;141A>G;165G>A;171T>G;174A>G;177G>A;183A>G;207T>C],NA,p.[Ser23Ala;Asn45Phe],-1.0924991836396014,-1.13410155189039,-1.0521432330724985,0.037180842466452,-1.5675483,0.3980176348146894,0.3123110681466526,0.477283592990974
urn:mavedb:00000394-a-1#4471,c.[3C>T;6T>G;21C>T;36T>C;42C>G;67T>G;102T>C;105C>T;114C>T;120A>G;132C>T;133A>C;134A>C;135C>G;141A>G;165G>A;168G>A;177G>A],NA,p.[Ser23Ala;Asn45Pro],-1.612755045730545,-1.6684163750189007,-1.5690195157074498,0.0333568138862689,-1.5519767,-15.0,-25.0,-5.0
urn:mavedb:00000394-a-1#4472,c.[3C>T;6T>G;21C>T;36T>C;42C>G;66G>A;67T>G;68C>G;105C>T;120A>G;133A>C;135C>G;144C>T;168G>A;174A>G;180G>C],NA,p.[Ser23Gly;Asn45Gln],-1.0627522009011685,-1.0855801970265886,-1.0506262505336548,0.03056010913432,-1.5527482,0.4277879969737684,0.3821211362162822,0.4515770794452358
urn:mavedb:00000394-a-1#4473,c.[3C>T;6T>G;21C>T;36T>C;39C>T;42C>G;48C>T;67T>G;68C>G;120A>G;123T>C;133A>G;135C>G;138T>C;141A>G;165G>A;171T>G;174A>G;177G>A;198G>T],NA,p.[Ser23Gly;Asn45Glu],-1.114519335128782,-1.146982526794057,-1.053663808221619,0.0456827496565172,-1.5024166,0.2127817544122789,0.1373471774647536,0.3443880352332263
urn:mavedb:00000394-a-1#4474,c.[3C>T;6T>G;9G>A;12C>T;21C>T;24C>T;36T>C;42C>G;67T>G;68C>G;75C>T;78C>T;87T>C;99G>C;120A>G;129G>A;132C>T;133A>C;147G>C;150C>T;165G>A;168G>A;171T>G;174A>G;198G>T],NA,p.[Ser23Gly;Asn45His],-0.860809213002001,-0.8753609535205332,-0.8427211508479937,0.0344607389505608,-1.5214539,0.7395859292750259,0.7145932769650973,0.7703292226755577
urn:mavedb:00000394-a-1#4475,c.[3C>T;9G>A;12C>T;21C>T;36T>C;42C>G;66G>A;67T>G;68C>G;72C>T;75C>T;120A>G;123T>C;126C>T;133A>G;165G>A;168G>A;171T>G;174A>G;180G>C;198G>T],NA,p.[Ser23Gly;Asn45Asp],-0.746417832784219,-0.7663738183575336,-0.7307562567723374,0.0192976169850447,-1.4743242,0.8522959720797878,0.8193181616726317,0.8779335122540896
urn:mavedb:00000394-a-1#4476,c.[15A>G;21C>T;36T>C;42C>G;48C>T;51C>T;67T>G;68C>G;120A>G;123T>C;129G>A;132C>T;133A>C;134A>G;135C>T;138T>C;141A>G;171T>G;177G>A;180G>C;183A>G;198G>T;207T>C],NA,p.[Ser23Gly;Asn45Arg],-1.196963903703763,-1.2258695753634483,-1.1406141482714176,0.0315936921622575,-1.5758438,0.1922190818815468,0.1242129441462777,0.3160756376363532
urn:mavedb:00000394-a-1#4477,c.[15A>G;21C>T;36T>C;48C>T;67T>G;68C>G;120A>G;123T>C;129G>A;135C>A;141A>G;207T>C],NA,p.[Ser23Gly;Asn45Lys],-1.0338516088285488,-1.0547515284226543,-1.008852579917614,0.0316056012225573,-1.5373383,0.454241124085386,0.4131017055153592,0.5022804400049332
urn:mavedb:00000394-a-1#4478,c.[9G>A;12C>T;21C>T;36T>C;42C>G;54G>A;67T>G;68C>G;75C>T;78C>T;120A>G;134A>C;141A>G;168G>A;177G>A],NA,p.[Ser23Gly;Asn45Thr],0.3599219685796122,0.3487025526842512,0.3898984135318238,0.073600579181484,-1.5669317,2.570623198945083,2.5553499568498257,2.611422287106981
urn:mavedb:00000394-a-1#4479,c.[12C>T;21C>T;36T>C;42C>G;54G>A;66G>A;67T>G;68C>G;102T>C;105C>T;120A>G;123T>C;126C>T;132C>T;133A>T;134A>C;135C>T;141A>G;162G>C;165G>A;168G>A;180G>C],NA,p.[Ser23Gly;Asn45Ser],-0.0690176230383405,-0.0984009462953627,-0.0611552627800728,0.050834912136817,-1.5781217,1.9987295614920804,1.95808666676824,2.009590833131912
urn:mavedb:00000394-a-1#4480,c.[6T>G;9G>A;12C>T;21C>T;39C>T;42C>G;51C>T;54G>A;63G>C;66G>A;67T>G;68C>G;75C>T;120A>G;123T>C;132C>T;133A>G;134A>C;135C>G;141A>G;144C>T;156T>C;165G>A;171T>G;174A>G;177G>A;198G>T],NA,p.[Ser23Gly;Asn45Ala],-1.078519028992604,-1.1336489645096406,-1.0396041891620558,0.0332962568662883,-1.579649,0.4496327972480908,0.338643652961978,0.5240798240883666
urn:mavedb:00000394-a-1#4481,c.[3C>T;6T>G;9G>A;12C>T;21C>T;36T>C;42C>G;51C>T;54G>A;67T>G;68C>G;75C>T;120A>G;123T>C;133A>G;134A>G;135C>T;141A>G;165G>A;171T>G;174A>G;177G>A;192C>T],NA,p.[Ser23Gly;Asn45Gly],-0.8426337494097957,-0.8572379374144727,-0.8243339163211933,0.0311885880109291,-1.5448079,0.8096583018720401,0.785211370208585,0.8400070188562194
urn:mavedb:00000394-a-1#4482,c.[15A>G;21C>T;36T>C;42C>G;66G>A;67T>G;68C>G;69T>C;72C>T;120A>G;123T>C;126C>T;134A>T;135C>G;165G>A;171T>G;177G>A;198G>T;207T>C],NA,p.[Ser23Gly;Asn45Met],-0.9379439088813242,-0.9566723332165632,-0.8997620527558785,0.0344862891160364,-1.5864034,0.7186400360805986,0.6861654123848339,0.783626579674915
urn:mavedb:00000394-a-1#4483,c.[6T>G;9G>A;21C>T;36T>C;42C>G;54G>A;60T>C;66G>A;67T>G;68C>G;69T>C;72C>T;120A>G;123T>C;126C>T;133A>T;134A>G;171T>G;177G>A],NA,p.[Ser23Gly;Asn45Cys],-0.5502789413063294,-0.60449075778797,-0.5112481878406899,0.049123424042414,-1.554759,1.2815511908580093,1.2005577310998674,1.339175676039038
urn:mavedb:00000394-a-1#4484,c.[3C>T;6T>G;9G>A;18C>T;21C>T;36T>C;42C>G;51C>T;54G>A;63G>C;67T>G;68C>G;75C>T;99G>C;120A>G;123T>C;133A>C;134A>T;135C>G;141A>G;165G>A;168G>A;174A>G;198G>T;207T>C],NA,p.[Ser23Gly;Asn45Leu],-0.8514745403719811,-0.8921184899185121,-0.7874483242211663,0.0420398321417003,-1.5560012,0.8135703809122595,0.7450956920252361,0.91835658048697
urn:mavedb:00000394-a-1#4485,c.[6T>G;9G>A;12C>T;21C>T;42C>G;67T>G;68C>G;120A>G;133A>G;134A>T;135C>T;141A>G;177G>A;183A>G],NA,p.[Ser23Gly;Asn45Val],-1.1511067590431696,-1.214238011439384,-1.1040572652649197,0.0450254389837632,-1.5503001,0.2380863223402974,0.09018884396668,0.3391582345179073
urn:mavedb:00000394-a-1#4486,c.[6T>G;9G>A;21C>T;36T>C;42C>G;60T>C;66G>A;67T>G;68C>G;72C>T;75C>T;120A>G;134A>T;141A>G;177G>A],NA,p.[Ser23Gly;Asn45Ile],-1.0206220217289843,-1.0622588697409017,-1.0007387791608535,0.031105189513867,-1.5456419,0.4956883633295194,0.4146834138614942,0.5331924957688686
urn:mavedb:00000394-a-1#4487,c.[6T>G;9G>A;21C>T;36T>C;42C>G;60T>C;63G>C;66G>A;67T>G;68C>G;69T>C;72C>T;120A>G;132C>T;133A>T;134A>G;135C>G;141A>G;165G>A;168G>A;171T>G;174A>G;180G>C],NA,p.[Ser23Gly;Asn45Trp],-0.9936015581651974,-1.022195217427421,-0.9806651978483132,0.0201683657420381,-1.5696731,0.5906271433430624,0.5379883319510623,0.6140271215031559
urn:mavedb:00000394-a-1#4488,c.[21C>T;36T>C;42C>G;66G>A;67T>G;68C>G;69T>C;72C>T;84C>T;120A>G;133A>T;141A>G;171T>G;174A>G],NA,p.[Ser23Gly;Asn45Tyr],-0.8451195235769227,-0.8784271009876232,-0.8070688029862745,0.0375007291385418,-1.543901,0.8039980522620692,0.7478152209761273,0.8668829888745182
urn:mavedb:00000394-a-1#4489,c.[3C>T;6T>G;9G>A;15A>G;21C>T;36T>C;42C>G;66G>A;67T>G;68C>G;69T>C;72C>T;87T>C;120A>G;123T>C;126C>T;133A>T;134A>T;141A>G;171T>G;174A>G;177G>A],NA,p.[Ser23Gly;Asn45Phe],-0.869354481716862,-0.8878982011501569,-0.8453336398540827,0.0266673225016885,-1.5569124,0.78518411570138,0.7538342145906575,0.8252861012131214
urn:mavedb:00000394-a-1#4490,c.[6T>G;9G>A;12C>T;21C>T;36T>C;42C>G;51C>T;60T>C;66G>A;67T>G;68C>G;69T>C;120A>G;123T>C;133A>C;134A>C;135C>G;165G>A;168G>A;174A>G;198G>T],NA,p.[Ser23Gly;Asn45Pro],-1.4337407667444697,-1.4705774464643564,-1.398477307398844,0.0273863831275073,-1.5410733,-0.7375046372426385,-1.006765713829584,-0.5480556082101764
urn:mavedb:00000394-a-1#4491,c.[6T>G;9G>A;21C>T;36T>C;42C>G;54G>A;63G>C;67T>A;68C>T;69T>G;72C>T;84C>T;87T>C;120A>G;123T>C;126C>T;133A>C;135C>A;141A>G;177G>A],NA,p.[Ser23Met;Asn45Gln],-1.3630753082918865,-1.4184336609598729,-1.2728704191786735,0.0488207533031925,-1.5684214,-0.2918430095317786,-0.5135343559158485,-0.0146300781218079
urn:mavedb:00000394-a-1#4492,c.[21C>T;36T>C;42C>G;54G>A;67T>A;68C>T;69T>G;72C>T;120A>G;123T>C;126C>T;129G>A;133A>G;135C>A;138T>C;141A>G;165G>A;171T>G;174A>G;207T>C],NA,p.[Ser23Met;Asn45Glu],-1.3936503021953528,-1.6084729055908356,-1.2518417568808555,0.0404866961647242,-1.5192637,-0.6335253590416688,-25.0,-0.0934312197291199
urn:mavedb:00000394-a-1#4493,c.[6T>G;9G>A;12C>T;21C>T;36T>C;42C>G;48C>T;67T>A;68C>T;69T>G;72C>T;120A>G;123T>C;133A>C;141A>G;174A>G],NA,p.[Ser23Met;Asn45His],-1.083307470011965,-1.1291071148441632,-1.0435042147911626,0.0282609440211896,-1.5378771,0.3563927357997423,0.2592151689812636,0.4364162747287909
urn:mavedb:00000394-a-1#4494,c.[21C>T;36T>C;42C>G;67T>A;68C>T;69T>G;72C>T;123T>C;126C>T;133A>G;141A>G;165G>A;168G>A],NA,p.[Ser23Met;Asn45Asp],-1.315985397407494,-1.366833984719052,-1.2715216153885518,0.0333106270719942,-1.4917698,-0.403167045658097,-0.6371319156517351,-0.2404303284777075
urn:mavedb:00000394-a-1#4495,c.[3C>T;6T>G;21C>T;36T>C;42C>G;67T>A;68C>T;69T>G;72C>T;75C>T;78C>T;120A>G;123T>C;126C>T;133A>C;134A>G;135C>T;141A>G;177G>A;180G>C],NA,p.[Ser23Met;Asn45Arg],-1.3492190405173343,-1.4308304751297745,-1.2916044377963385,0.0520090868282387,-1.5909042,-0.1709981365222002,-0.468654621431148,-0.0045369684363138
urn:mavedb:00000394-a-1#4496,c.[21C>T;36T>C;42C>G;51C>T;54G>A;67T>A;68C>T;69T>G;72C>T;120A>G;123T>C;135C>A;138T>C;141A>G;156T>C;165G>A;171T>G;174A>G;177G>A;207T>C],NA,p.[Ser23Met;Asn45Lys],-1.4769469942000688,-1.5190245956396908,-1.4153894550171384,0.0223573082845099,-1.5533915,-0.9556959843121352,-1.4480893831756556,-0.5702840956543824
urn:mavedb:00000394-a-1#4497,c.[21C>T;36T>C;42C>G;67T>A;68C>T;69T>G;72C>T;120A>G;129G>A;134A>C;135C>T;141A>G;165G>A;171T>G;174A>G;177G>A;207T>C],NA,p.[Ser23Met;Asn45Thr],-0.5430369999195517,-0.565970787002217,-0.5241298310108486,0.0298573017531351,-1.5822358,1.3328011310870271,1.2989747295967842,1.360554378650508
urn:mavedb:00000394-a-1#4498,c.[21C>T;36T>C;42C>G;51C>T;67T>A;68C>T;69T>G;72C>T;102T>C;120A>G;123T>C;133A>T;134A>C;135C>T;141A>G;144C>T;165G>A;171T>G;174A>G;177G>A],NA,p.[Ser23Met;Asn45Ser],-0.5708881401383112,-0.6042194442254196,-0.5617130215641726,0.0371955174728444,-1.5931177,1.3077774170097631,1.258349302343258,1.3213128394435183
urn:mavedb:00000394-a-1#4499,c.[3C>T;6T>G;21C>T;36T>C;42C>G;51C>T;67T>A;68C>T;69T>G;72C>T;120A>G;123T>C;129G>A;133A>G;134A>C;135C>G;141A>G;165G>A;168G>A;174A>G;180G>C],NA,p.[Ser23Met;Asn45Ala],-1.1473129676975604,-1.1836264791800608,-1.1125395230645023,0.0365068955394986,-1.5946016,0.3413182254979298,0.2640202538601063,0.4120366834965113
urn:mavedb:00000394-a-1#4500,c.[21C>T;36T>C;42C>G;67T>A;68C>T;69T>G;72C>T;120A>G;133A>G;134A>G;135C>T;156T>C;165G>A;171T>G;198G>T],NA,p.[Ser23Met;Asn45Gly],-1.1844853115395644,-1.217877872684158,-1.1525699354422785,0.0336879914803541,-1.5606799,0.1860474034506631,0.1067860316996061,0.2577619349077651
urn:mavedb:00000394-a-1#4501,c.[3C>T;6T>G;21C>T;36T>C;42C>G;48C>T;67T>A;68C>T;69T>G;72C>T;120A>G;123T>C;134A>T;135C>G;141A>G;165G>A;171T>G;174A>G;177G>A;198G>T],NA,p.[Ser23Met;Asn45Met],-1.230349897226986,-1.2780144497865085,-1.1914294273747108,0.0319536589689333,-1.6011615,0.1735727161261707,0.0577397130226254,0.2613023139285547
urn:mavedb:00000394-a-1#4502,c.[21C>T;36T>C;42C>G;54G>A;67T>A;68C>T;69T>G;72C>T;120A>G;133A>T;134A>G;141A>G;165G>A;168G>A;177G>A],NA,p.[Ser23Met;Asn45Cys],-0.6924463741625578,-0.7265434905522956,-0.6602958270335262,0.0416403578506082,-1.5703812,1.0904435579389709,1.0376006781213474,1.139693766457639
urn:mavedb:00000394-a-1#4503,c.[12C>T;21C>T;36T>C;42C>G;51C>T;67T>A;68C>T;69T>G;72C>T;120A>G;123T>C;133A>C;134A>T;135C>G;138T>C;141A>G;156T>C;165G>A;171T>G;174A>G;177G>A;192C>T;207T>C],NA,p.[Ser23Met;Asn45Leu],-0.9531358402858738,-1.002390514861841,-0.8905739859030682,0.03526036603459,-1.5715919,0.666415460459867,0.5780971919997799,0.7741598752738714
urn:mavedb:00000394-a-1#4504,c.[12C>T;21C>T;39C>T;42C>G;51C>T;67T>A;68C>T;69T>G;72C>T;120A>G;123T>C;133A>G;134A>T;135C>T;141A>G;150C>T;165G>A;171T>G;174A>G;177G>A],NA,p.[Ser23Met;Asn45Val],-1.3384452661323558,-1.4343603280139878,-1.2330285226002555,0.0433410530292728,-1.5660362,-0.216100738594672,-0.6019462171840239,0.082589602105697
urn:mavedb:00000394-a-1#4505,c.[6T>G;9G>A;12C>T;21C>T;36T>C;42C>G;67T>A;68C>T;69T>G;72C>T;134A>T;141A>G;144C>T;165G>A;171T>G;174A>G;177G>A;198G>T;207T>C],NA,p.[Ser23Met;Asn45Ile],-1.2614232789925044,-1.4365815249918337,-1.193380867562924,0.0596389684235625,-1.5614929,-0.0024675306076869,-0.6372741838028234,0.167289168852344
urn:mavedb:00000394-a-1#4506,c.[21C>T;36T>C;42C>G;48C>T;54G>A;67T>A;68C>T;69T>G;72C>T;120A>G;123T>C;132C>T;133A>T;134A>G;135C>G;141A>G;177G>A],NA,p.[Ser23Met;Asn45Trp],-0.957316024305494,-1.015138852334173,-0.9097010792529434,0.0514882266526922,-1.5849023,0.6824201148850157,0.5791194400740818,0.7643185004069034
urn:mavedb:00000394-a-1#4507,c.[6T>G;9G>A;12C>T;21C>T;36T>C;42C>G;51C>T;67T>A;68C>T;69T>G;72C>T;120A>G;123T>C;132C>T;133A>T;141A>G;171T>G;174A>G;177G>A;183A>G],NA,p.[Ser23Met;Asn45Tyr],-1.0195962059179826,-1.0557730464763824,-0.9572671051113416,0.0473834666875687,-1.5597954,0.5243774281415795,0.4552748429908254,0.6382312819805439
urn:mavedb:00000394-a-1#4508,c.[3C>T;6T>G;15A>G;21C>T;36T>C;42C>G;51C>T;54G>A;67T>A;68C>T;69T>G;120A>G;123T>C;133A>T;134A>T;165G>A;168G>A;171T>G;174A>G;177G>A],NA,p.[Ser23Met;Asn45Phe],-0.8084130300185739,-0.9189014464676156,-0.7295201864821833,0.0385029067703105,-1.5724807,0.9111145198656828,0.7274532743278728,1.0362306880392618
urn:mavedb:00000394-a-1#4509,c.[3C>T;6T>G;21C>T;36T>C;42C>G;48C>T;67T>A;68C>T;69T>G;72C>T;120A>G;123T>C;132C>T;133A>C;134A>C;135C>A;141A>G;165G>A;168G>A;177G>A;180G>C],NA,p.[Ser23Met;Asn45Pro],-1.5451490159159018,-1.6380377484284656,-1.479103121488866,0.0479348046565105,-1.5570369,-2.0789492823184395,-25.0,-0.9434816255369444
urn:mavedb:00000394-a-1#4510,c.[21C>T;36T>C;42C>G;51C>T;68C>G;69T>C;72C>T;120A>G;123T>C;133A>C;135C>G;141A>G;171T>G;174A>G],NA,p.[Ser23Cys;Asn45Gln],-0.7977263735592158,-0.8205926584027757,-0.7650916381041309,0.0467062061697383,-1.5661912,0.9182078346111436,0.8811771619565371,0.9703763929322302
urn:mavedb:00000394-a-1#4511,c.[3C>T;6T>G;9G>A;18C>T;36T>C;42C>G;63G>C;68C>G;69T>C;75C>T;87T>C;114C>T;120A>G;129G>A;133A>G;135C>A;138T>C;147G>C;156T>C;165G>A;171T>G;174A>G;177G>A;198G>T],NA,p.[Ser23Cys;Asn45Glu],-0.7205868904134098,-0.7568313810357438,-0.681155468056462,0.0405369920016867,-1.5168624,0.962750132846221,0.9046321116750357,1.0249440577405042
urn:mavedb:00000394-a-1#4512,c.[6T>G;9G>A;15A>G;21C>T;36T>C;42C>G;48C>T;68C>G;69T>C;72C>T;120A>G;123T>C;132C>T;133A>C;141A>G;165G>A;168G>A;177G>A;180G>C],NA,p.[Ser23Cys;Asn45His],-0.4885381560158932,-0.528118057594066,-0.4741825364852566,0.0590826106461855,-1.5355377,1.3443266333067037,1.2859336899926626,1.365374891267208
urn:mavedb:00000394-a-1#4513,c.[21C>T;36T>C;42C>G;51C>T;68C>G;69T>C;72C>T;108G>C;111G>C;123T>C;133A>G;141A>G;165G>A;171T>G;174A>G;177G>A],NA,p.[Ser23Cys;Asn45Asp],-0.8664445287790052,-0.95306978371866,-0.8297359320826971,0.062181724082405,-1.4892826,0.6741560640087467,0.5169123775632152,0.7377277371342601
urn:mavedb:00000394-a-1#4514,c.[3C>T;6T>G;12C>T;21C>T;36T>C;42C>G;68C>G;69T>C;72C>T;120A>G;123T>C;126C>T;133A>C;134A>G;135C>T;141A>G;165G>A;171T>G;174A>G],NA,p.[Ser23Cys;Asn45Arg],-0.8632626434604997,-0.8967509775627297,-0.7877511211113536,0.0452236526682975,-1.5887632,0.8482633252057667,0.7926448222536848,0.970221595303544
urn:mavedb:00000394-a-1#4515,c.[6T>G;9G>A;21C>T;36T>C;42C>G;51C>T;57T>G;60T>C;68C>G;69T>C;120A>G;123T>C;135C>A;138T>C;150C>T;153A>G;165G>A;168G>A;174A>G;180G>C;183A>G],NA,p.[Ser23Cys;Asn45Lys],-0.8479723178481733,-0.8813071803323799,-0.8161859746952017,0.0428927358364092,-1.5511055,0.8112526903446565,0.7551703037108599,0.8637478123213641
urn:mavedb:00000394-a-1#4516,c.[6T>G;9G>A;21C>T;36T>C;42C>G;48C>T;63G>C;68C>G;69T>C;72C>T;120A>G;123T>C;134A>C;141A>G;171T>G;174A>G;177G>A;180G>C],NA,p.[Ser23Cys;Asn45Thr],-0.0831771960597429,-0.1049588832914849,-0.0703202740105259,0.0456342151058851,-1.580059,1.981827131287764,1.951681196606352,1.9995995011392853
urn:mavedb:00000394-a-1#4517,c.[6T>G;9G>A;15A>G;21C>T;36T>C;42C>G;51C>T;68C>G;69T>C;72C>T;120A>G;123T>C;133A>T;134A>C;135C>T;141A>G;165G>A;171T>G;174A>G;177G>A;183A>G],NA,p.[Ser23Cys;Asn45Ser],-0.5515668150796682,-0.5735559770706105,-0.5153716954399193,0.0444141893793071,-1.5909863,1.3331152586311217,1.3006880051602585,1.3861411428168973
urn:mavedb:00000394-a-1#4518,c.[21C>T;36T>C;42C>G;68C>G;69T>C;72C>T;108G>C;120A>G;123T>C;126C>T;133A>G;134A>C;135C>G;141A>G;165G>A;171T>G;174A>G;177G>A],NA,p.[Ser23Cys;Asn45Ala],-0.6261765425409012,-0.7118467036361656,-0.5357594194431349,0.066341705310149,-1.5924764,1.2245943476913033,1.0945738004497043,1.358506738103335
urn:mavedb:00000394-a-1#4519,c.[3C>T;21C>T;36T>C;42C>G;68C>G;69T>C;72C>T;120A>G;123T>C;126C>T;129G>A;133A>G;134A>G;141A>G;165G>A;171T>G;174A>G;177G>A],NA,p.[Ser23Cys;Asn45Gly],-0.7379474619784832,-0.7681662990785232,-0.6989652948166288,0.0396632387459719,-1.5584202,1.0010016988647377,0.9531292120726276,1.0618958881163565
urn:mavedb:00000394-a-1#4520,c.[3C>T;6T>G;9G>A;12C>T;21C>T;39C>T;68C>G;69T>C;72C>T;123T>C;126C>T;129G>A;132C>T;134A>T;135C>G;141A>G;144C>T;174A>G],NA,p.[Ser23Cys;Asn45Met],-0.670828805375216,-0.7017967361887655,-0.6146336454056659,0.0365002792794544,-1.5990644,1.1672438891869847,1.1200973621045938,1.2516861585639012
urn:mavedb:00000394-a-1#4521,c.[3C>T;6T>G;21C>T;36T>C;42C>G;60T>C;68C>G;69T>C;72C>T;120A>G;123T>C;126C>T;133A>T;134A>G;141A>G;165G>A;168G>A;174A>G],NA,p.[Ser23Cys;Asn45Cys],0.3943829510626983,0.3808565952872663,0.4021376179193933,0.0949469424205743,-1.5681586,2.6191816206008816,2.600774376994317,2.6297336749932367
urn:mavedb:00000394-a-1#4522,c.[6T>G;9G>A;12C>T;21C>T;36T>C;42C>G;51C>T;54G>A;68C>G;69T>C;72C>T;102T>C;120A>G;123T>C;129G>A;133A>C;134A>T;135C>G;141A>G;165G>A;168G>A;171T>G],NA,p.[Ser23Cys;Asn45Leu],-0.614868569902459,-0.6406200253075572,-0.5899977877587966,0.0243866778813742,-1.5693736,1.2069158752982905,1.168056321605209,1.24417557168043
urn:mavedb:00000394-a-1#4523,c.[3C>T;6T>G;12C>T;21C>T;36T>C;42C>G;51C>T;60T>C;68C>G;69T>C;72C>T;120A>G;123T>C;129G>A;132C>T;133A>G;134A>T;135C>T;141A>G;165G>A;171T>G;174A>G;177G>A],NA,p.[Ser23Cys;Asn45Val],-0.7471198598190791,-0.7872783436615572,-0.7271025222706088,0.0583994028453852,-1.563796,0.9950165220420056,0.9311544130291696,1.0264481063379596
urn:mavedb:00000394-a-1#4524,c.[9G>A;15A>G;21C>T;36T>C;42C>G;51C>T;68C>G;69T>C;72C>T;108G>C;123T>C;129G>A;134A>T;138T>C;141A>G;153A>G;165G>A;168G>A;180G>C;186A>G;195G>A;207T>C],NA,p.[Ser23Cys;Asn45Ile],-0.6636931237606887,-0.71387139463765,-0.6029557418447856,0.0365758265226037,-1.5592365,1.1174932049711046,1.0399911403725473,1.2095953035791949
urn:mavedb:00000394-a-1#4525,c.[3C>T;6T>G;21C>T;36T>C;42C>G;48C>T;68C>G;69T>C;72C>T;120A>G;123T>C;133A>T;134A>G;135C>G;141A>G;165G>A;171T>G;174A>G;177G>A],NA,p.[Ser23Cys;Asn45Trp],-0.3781468306756412,-0.3917044487992232,-0.3675001751597775,0.04200471960225,-1.582737,1.5721072559072604,1.5527514367261674,1.5872794878359244
urn:mavedb:00000394-a-1#4526,c.[3C>T;6T>G;21C>T;36T>C;42C>G;68C>G;69T>C;72C>T;99G>C;120A>G;129G>A;133A>T;141A>G;177G>A],NA,p.[Ser23Cys;Asn45Tyr],-0.5450518960308686,-0.5655002636585688,-0.5169561492889637,0.0324678725876512,-1.5575318,1.2934028996770828,1.2630528183296983,1.3348570369027624
urn:mavedb:00000394-a-1#4527,c.[6T>G;9G>A;12C>T;21C>T;36T>C;42C>G;68C>G;69T>C;72C>T;75C>T;84C>T;120A>G;133A>T;134A>T;141A>G;171T>G;174A>G;207T>C],NA,p.[Ser23Cys;Asn45Phe],-0.3796025210028079,-0.4247699517123486,-0.3567071292548724,0.0537832636333149,-1.5702648,1.5522439367165854,1.4874500140122204,1.584911030087077
urn:mavedb:00000394-a-1#4528,c.[3C>T;36T>C;42C>G;48C>T;66G>A;68C>G;102T>C;105C>T;111G>C;120A>G;123T>C;133A>C;134A>C;135C>G;141A>G;165G>A;171T>G;174A>G;177G>A;198G>T],NA,p.[Ser23Cys;Asn45Pro],-0.8995864478595561,-0.9254793984282306,-0.8819865429969909,0.0354427775559253,-1.5547638,0.7302052807517642,0.685401059803671,0.7602260859278566
urn:mavedb:00000394-a-1#4529,c.[3C>T;6T>G;21C>T;36T>C;42C>G;67T>C;68C>T;69T>G;72C>T;133A>C;135C>G;141A>G;174A>G],NA,p.[Ser23Leu;Asn45Gln],-1.3870497350096436,-1.4560431924175827,-1.3334115019847204,0.0340384355465043,-1.5661297,-0.3900573580180038,-0.7208982963134812,-0.1994535598813239
urn:mavedb:00000394-a-1#4530,c.[21C>T;36T>C;42C>G;67T>C;68C>T;69T>G;72C>T;120A>G;132C>T;133A>G;135C>A;141A>G;165G>A;171T>G;174A>G;177G>A],NA,p.[Ser23Leu;Asn45Glu],-1.2015948808392367,-1.2395782932885062,-1.1517018741050655,0.0298602521376036,-1.5167961,0.0373685438628836,-0.0653419826026895,0.1602311946118605
urn:mavedb:00000394-a-1#4531,c.[6T>G;9G>A;12C>T;21C>T;36T>C;42C>G;57T>G;67T>C;68C>T;69T>G;72C>T;120A>G;123T>C;126C>T;129G>A;133A>C;141A>G;156T>C;168G>A;177G>A],NA,p.[Ser23Leu;Asn45His],-1.0148452462357247,-1.0629647705913523,-0.9416198054506184,0.0487914189359506,-1.5354724,0.4873095340751969,0.3929170836432375,0.6227438157532905
urn:mavedb:00000394-a-1#4532,c.[3C>T;21C>T;36T>C;42C>G;48C>T;54G>A;67T>C;68C>T;69T>G;72C>T;120A>G;123T>C;129G>A;133A>G;141A>G;165G>A;171T>G;174A>G;177G>A;183A>G;186A>G;207T>C],NA,p.[Ser23Leu;Asn45Asp],-1.407512643872229,-1.536590191546856,-1.315823672445383,0.0547516819867696,-1.489214,-0.9134954465380348,-25.0,-0.4128260045263273
urn:mavedb:00000394-a-1#4533,c.[3C>T;12C>T;21C>T;36T>C;42C>G;67T>C;68C>T;69T>C;72C>T;87T>C;90T>C;93C>T;102T>C;120A>G;133A>C;134A>G;135C>T;141A>G;171T>G;174A>G;177G>A;186A>G],NA,p.[Ser23Leu;Asn45Arg],-1.5868661482748756,-1.7173656270517996,-1.4425976577757706,0.0484488713439516,-1.5887046,-3.1683079144964226,-25.0,-0.5314810269406123
urn:mavedb:00000394-a-1#4534,c.[3C>T;6T>G;21C>T;36T>C;42C>G;51C>T;67T>C;68C>T;69T>G;72C>T;120A>G;135C>A;141A>G;171T>G;174A>G;177G>A],NA,p.[Ser23Leu;Asn45Lys],-1.2840956892541688,-1.3459576697696094,-1.1981939295297828,0.048340815514128,-1.5510421,-0.0948207439259603,-0.2927677809338109,0.1311386600725772
urn:mavedb:00000394-a-1#4535,c.[21C>T;36T>C;42C>G;51C>T;67T>C;68C>T;69T>G;72C>T;102T>C;120A>G;123T>C;134A>C;135C>T;162G>C;165G>A;168G>A;177G>A],NA,p.[Ser23Leu;Asn45Thr],-0.9263756196178368,-0.9874387629535794,-0.8519332324489991,0.0343313317270532,-1.5799985,0.7275243921304604,0.6204047398408704,0.8524860490081748
urn:mavedb:00000394-a-1#4536,c.[9G>A;15A>G;21C>T;36T>C;42C>G;67T>C;68C>T;69T>G;72C>T;120A>G;123T>C;126C>T;133A>T;134A>C;141A>G;147G>C;153A>G;156T>C;168G>A;174A>G],NA,p.[Ser23Leu;Asn45Ser],-0.9932237165646546,-1.030186302443768,-0.954877592381731,0.0350541349435205,-1.5909271,0.6296107481738976,0.5625588169256952,0.6971660659589455
urn:mavedb:00000394-a-1#4537,c.[21C>T;36T>C;42C>G;67T>C;68C>T;69T>G;72C>T;120A>G;129G>A;133A>G;134A>C;135C>G;144C>T;168G>A],NA,p.[Ser23Leu;Asn45Ala],-1.3482991791637735,-1.381014531229038,-1.3027999244128483,0.0411091040981328,-1.5924177,-0.1634119852822691,-0.2706186678918374,-0.0308020152518146
urn:mavedb:00000394-a-1#4538,c.[3C>T;6T>G;21C>T;36T>C;42C>G;67T>C;68C>T;69T>G;72C>T;120A>G;123T>C;126C>T;129G>A;133A>G;134A>G;135C>T;141A>G;153A>G;165G>A;168G>A;174A>G],NA,p.[Ser23Leu;Asn45Gly],-1.3037444906107654,-1.4243936460892312,-1.2077154897034952,0.0386415601816934,-1.5583572,-0.1313166065131852,-0.5903491632247618,0.1258277396152289
urn:mavedb:00000394-a-1#4539,c.[15A>G;21C>T;36T>C;42C>G;60T>C;67T>C;68C>T;69T>G;72C>T;84C>T;120A>G;123T>C;126C>T;134A>T;135C>G;141A>G;156T>C;165G>A;168G>A;171T>G;177G>A;180G>C],NA,p.[Ser23Leu;Asn45Met],-1.1005052204372272,-1.1460623481495813,-1.0629806856414663,0.0349426150195708,-1.5990062,0.4444894475896919,0.3530229559727303,0.5165138686627022
urn:mavedb:00000394-a-1#4540,c.[3C>T;6T>G;21C>T;36T>C;42C>G;54G>A;67T>C;68C>T;69T>G;72C>T;120A>G;133A>T;134A>G;141A>G;162G>C;165G>A;171T>G;177G>A],NA,p.[Ser23Leu;Asn45Cys],-0.8242979341958261,-0.8644944361385215,-0.7839367658173422,0.0356551223524383,-1.5680966,0.878243380547406,0.8120239087385989,0.9433918240363284
urn:mavedb:00000394-a-1#4541,c.[21C>T;27G>A;36T>C;42C>G;67T>C;68C>T;69T>G;72C>T;102T>C;120A>G;123T>C;126C>T;133A>C;134A>T;135C>G;177G>A],NA,p.[Ser23Leu;Asn45Leu],-1.2183906158966726,-1.2594156938645873,-1.149896783748618,0.0409789439804221,-1.5693121,0.1264992694964616,0.0235461929246314,0.2823413184780044
urn:mavedb:00000394-a-1#4542,c.[9G>A;21C>T;36T>C;42C>G;60T>C;67T>C;68C>T;69T>G;72C>T;120A>G;123T>C;126C>T;133A>G;134A>T;135C>T;165G>A;171T>G;174A>G],NA,p.[Ser23Leu;Asn45Val],-1.3265327776058906,-1.3940992193881825,-1.2715841191233148,0.0355606643711404,-1.563734,-0.1851233270613018,-0.4282135775193184,-0.0238681895823003
urn:mavedb:00000394-a-1#4543,c.[24C>T;36T>C;42C>G;57T>G;66G>A;67T>C;68C>T;69T>G;72C>T;78C>T;120A>G;123T>C;126C>T;134A>T;141A>G;150C>T;168G>A;177G>A],NA,p.[Ser23Leu;Asn45Ile],-1.4396271294251792,-1.4640750108062404,-1.3810590063150932,0.0375806385374876,-1.5591736,-0.666486487840627,-0.8161856833745921,-0.3938800773200444
urn:mavedb:00000394-a-1#4544,c.[3C>T;18C>T;21C>T;36T>C;42C>G;67T>C;68C>T;69T>G;72C>T;99G>C;120A>G;133A>T;134A>G;135C>G;141A>G;144C>T;177G>A],NA,p.[Ser23Leu;Asn45Trp],-0.8844597252470737,-0.9167368786636614,-0.8130479920520791,0.0449385438878017,-1.5826769,0.8030330660951469,0.7485886560926681,0.9200711944339915
urn:mavedb:00000394-a-1#4545,c.[12C>T;21C>T;27G>A;39C>T;42C>G;67T>C;68C>T;69T>G;72C>T;123T>C;126C>T;129G>A;133A>T;141A>G;165G>A;171T>G;174A>G;177G>A;180G>C;207T>C],NA,p.[Ser23Leu;Asn45Tyr],-1.005822746053636,-1.0497899934331278,-0.9703267078559548,0.0276324814911179,-1.5574694,0.5457504006162789,0.4623758843567238,0.6106737959635916
urn:mavedb:00000394-a-1#4546,c.[3C>T;6T>G;21C>T;36T>C;42C>G;48C>T;67T>C;68C>T;69T>G;72C>T;120A>G;123T>C;133A>T;134A>T;141A>G;156T>C;165G>A;168G>A;177G>A],NA,p.[Ser23Leu;Asn45Phe],-0.8585470589606659,-0.8986563123630912,-0.8402304846924684,0.0283163805045803,-1.5702038,0.8254075019768351,0.7581308663135394,0.8556259837998981
urn:mavedb:00000394-a-1#4547,c.[3C>T;6T>G;21C>T;36T>C;42C>G;67T>C;68C>T;69T>G;72C>T;120A>G;123T>C;126C>T;129G>A;133A>C;134A>C;135C>G;141A>G;165G>A;168G>A;174A>G],NA,p.[Ser23Leu;Asn45Pro],-1.4789069176259866,-1.521501373217761,-1.3988252700133923,0.0349092655065152,-1.5547009,-0.9611001032032775,-1.4689231900878226,-0.4870363762487469
urn:mavedb:00000394-a-1#4548,c.[21C>T;24C>T;36T>C;42C>G;51C>T;67T>G;68C>T;69T>G;72C>T;120A>G;123T>C;129G>A;133A>C;135C>A;141A>G;144C>T;165G>A;168G>A],NA,p.[Ser23Val;Asn45Gln],-1.5564472127368747,-1.6136882816180669,-1.481289697543882,0.029444645415042,-1.5583987,-3.133621484625962,-25.0,-0.9502199236554938
urn:mavedb:00000394-a-1#4549,c.[6T>G;9G>A;15A>G;21C>T;36T>C;42C>G;48C>T;66G>A;67T>G;68C>T;102T>C;123T>C;129G>A;133A>G;135C>A;141A>G;165G>A;171T>G;207T>C],NA,p.[Ser23Val;Asn45Glu],-1.406807509696335,-1.5015260053467938,-1.3030101687857034,0.0530888598624635,-1.5084844,-0.7728246017741395,-2.392878473646095,-0.2913771140319668
urn:mavedb:00000394-a-1#4550,c.[15A>G;21C>T;36T>C;42C>G;67T>G;68C>T;120A>G;123T>C;126C>T;129G>A;133A>C;141A>G;144C>T;147G>C;165G>A;171T>G;174A>G;177G>A],NA,p.[Ser23Val;Asn45His],-1.3069191862985476,-1.3717644746598443,-1.213261629257096,0.0340740442875383,-1.5273705,-0.2397562798462898,-0.4882264783665311,0.0345352383302107
urn:mavedb:00000394-a-1#4551,c.[21C>T;36T>C;42C>G;67T>G;68C>T;102T>C;120A>G;133A>G;141A>G;165G>A;171T>G;174A>G;177G>A;189G>A],NA,p.[Ser23Val;Asn45Asp],-1.4047248022693088,-1.530001466492928,-1.2496966417952426,0.0528410892486857,-1.4806061,-0.9603609792794184,-25.0,-0.2052756911877447
urn:mavedb:00000394-a-1#4552,c.[3C>T;6T>G;21C>T;36T>C;42C>G;67T>G;68C>T;69T>G;72C>T;120A>G;133A>C;134A>G;135C>T;141A>G;174A>G],NA,p.[Ser23Val;Asn45Arg],-1.4844786129713805,-1.547946396748142,-1.4238668161913668,0.0373848978052861,-1.5812788,-0.8047243497826999,-1.4665198545171871,-0.4802643876574012
urn:mavedb:00000394-a-1#4553,c.[21C>T;39C>T;42C>G;51C>T;67T>G;68C>T;69T>G;72C>T;123T>C;129G>A;135C>A;141A>G;171T>G;174A>G;177G>A],NA,p.[Ser23Val;Asn45Lys],-1.4959396681722037,-1.539813943634113,-1.4447943046244285,0.0304799962605764,-1.5431232,-1.2555626242561309,-2.826395533082953,-0.7945715900371595
urn:mavedb:00000394-a-1#4554,c.[21C>T;36T>C;42C>G;51C>T;67T>G;68C>T;120A>G;123T>C;134A>C;138T>C;141A>G;165G>A;171T>G;174A>G;177G>A],NA,p.[Ser23Val;Asn45Thr],-1.1086151877607815,-1.161775928861766,-1.077213931186409,0.0275395545151973,-1.5724525,0.3753494357621441,0.263374638364497,0.4381041372896402
urn:mavedb:00000394-a-1#4555,c.[42C>G;51C>T;54G>A;63G>C;66G>A;67T>G;68C>T;69T>G;72C>T;111G>C;120A>G;123T>C;133A>T;134A>C;135C>T;141A>G;165G>A;171T>G;174A>G;177G>A;180G>C],NA,p.[Ser23Val;Asn45Ser],-1.3416963157725517,-1.4228367231837378,-1.2876661165669452,0.0356489638715052,-1.5835338,-0.1705201625460276,-0.465957329184866,-0.013776886368954
urn:mavedb:00000394-a-1#4556,c.[21C>T;57T>G;60T>C;67T>G;68C>T;72C>T;75C>T;111G>C;120A>G;123T>C;126C>T;133A>G;134A>C;135C>T;138T>C;141A>G;162G>C;165G>A;171T>G;174A>G;177G>A],NA,p.[Ser23Val;Asn45Ala],-1.5463258539879443,-1.591834355973726,-1.5080980221625375,0.0333828277761384,-1.5850453,-1.3759818001568926,-25.0,-0.951552471904014
urn:mavedb:00000394-a-1#4557,c.[6T>G;9G>A;12C>T;21C>T;36T>C;42C>G;67T>G;68C>T;78C>T;87T>C;102T>C;120A>G;133A>G;134A>G;135C>T;141A>G;177G>A],NA,p.[Ser23Val;Asn45Gly],-1.4409826445615126,-1.4667886737055669,-1.40907640722647,0.0243908813648658,-1.5505295,-0.7241217486698203,-0.8977990457624335,-0.5535294688142574
urn:mavedb:00000394-a-1#4558,c.[21C>T;27G>A;36T>C;42C>G;51C>T;67T>G;68C>T;69T>G;72C>T;120A>G;123T>C;134A>T;135C>G;141A>G;165G>A;168G>A;171T>G;174A>G;177G>A;180G>C],NA,p.[Ser23Val;Asn45Met],-1.4851705158428383,-1.526328151853366,-1.450700470502946,0.0328991884900567,-1.5917311,-0.7422352925367584,-1.0537548252305369,-0.5555681862460703
urn:mavedb:00000394-a-1#4559,c.[6T>G;9G>A;21C>T;36T>C;42C>G;48C>T;57T>G;67T>G;68C>T;72C>T;75C>T;120A>G;123T>C;129G>A;132C>T;133A>T;134A>G;141A>G;165G>A;168G>A;171T>G;174A>G;207T>C],NA,p.[Ser23Val;Asn45Cys],-0.9722584872042442,-1.0564455112262037,-0.9108399088438636,0.0539731360964465,-1.5603919,0.6124571483047416,0.4551268479511272,0.7205347981675264
urn:mavedb:00000394-a-1#4560,c.[3C>T;12C>T;21C>T;36T>C;42C>G;67T>G;68C>T;69T>G;72C>T;102T>C;120A>G;123T>C;126C>T;133A>C;134A>T;135C>G;156T>C;165G>A;168G>A;177G>A],NA,p.[Ser23Val;Asn45Leu],-1.4178462968177494,-1.460495192078241,-1.3309932694598774,0.0454562605436603,-1.5616231,-0.5424439758735834,-0.7763538661196708,-0.2061992906145589
urn:mavedb:00000394-a-1#4561,c.[3C>T;21C>T;36T>C;42C>G;51C>T;63G>C;67T>G;68C>T;72C>T;75C>T;78C>T;108G>C;120A>G;123T>C;133A>G;134A>T;135C>G;141A>G;165G>A;171T>G;177G>A],NA,p.[Ser23Val;Asn45Val],-1.614285010199135,-1.6782506911582005,-1.5697642418143811,0.0372309793771671,-1.555973,-15.0,-25.0,-5.0
urn:mavedb:00000394-a-1#4562,c.[6T>G;9G>A;12C>T;21C>T;36T>C;42C>G;51C>T;67T>G;68C>T;120A>G;123T>C;134A>T;141A>G;165G>A;171T>G;174A>G;177G>A],NA,p.[Ser23Val;Asn45Ile],-1.3687521034308383,-1.5604907468583036,-1.2603312665398785,0.0497343728926609,-1.5513558,-0.3762365731493899,-25.0,-0.0269389725371793
urn:mavedb:00000394-a-1#4563,c.[3C>T;9G>A;21C>T;36T>C;42C>G;51C>T;60T>C;67T>G;68C>T;120A>G;123T>C;133A>T;134A>G;135C>G;141A>G;144C>T;174A>G],NA,p.[Ser23Val;Asn45Trp],-1.0363971769465283,-1.069591520435958,-0.9639112819493216,0.0364232573843158,-1.5751672,0.5216872642165692,0.4582883054892888,0.6537122222060899
urn:mavedb:00000394-a-1#4564,c.[3C>T;6T>G;21C>T;36T>C;42C>G;54G>A;67T>G;68C>T;72C>T;75C>T;96C>T;120A>G;123T>C;126C>T;132C>T;133A>T;141A>G;174A>G;180G>C],NA,p.[Ser23Val;Asn45Tyr],-1.4100367524977186,-1.5449018003153432,-1.360276283528333,0.0296451386126226,-1.5496302,-0.5625139222947674,-2.618466335137138,-0.350353059438116
urn:mavedb:00000394-a-1#4565,c.[6T>G;9G>A;12C>T;21C>T;36T>C;42C>G;48C>T;67T>G;68C>T;72C>T;75C>T;120A>G;123T>C;129G>A;132C>T;133A>T;134A>T;141A>G;165G>A;171T>G;177G>A;180G>C;186A>G],NA,p.[Ser23Val;Asn45Phe],-1.3009155904995349,-1.343825672401003,-1.2423437236985395,0.0355552632011054,-1.5625267,-0.1104556569751957,-0.2456537949039307,0.0501819978922198
urn:mavedb:00000394-a-1#4566,c.[9G>A;12C>T;21C>T;36T>C;42C>G;48C>T;67T>G;68C>T;120A>G;123T>C;133A>C;134A>C;135C>G;144C>T;165G>A;171T>G;174A>G;180G>C;207T>C],NA,p.[Ser23Val;Asn45Pro],-1.6718066786997203,-1.705916918063985,-1.628729638129771,0.0351239313966945,-1.5468264,-15.0,-25.0,-5.0
urn:mavedb:00000394-a-1#4567,c.[3C>T;6T>G;21C>T;36T>C;42C>G;66G>A;67T>A;68C>T;69T>C;72C>T;120A>G;123T>C;126C>T;133A>C;135C>G;138T>C;141A>G;162G>C;165G>A;168G>A;174A>G;207T>C],NA,p.[Ser23Ile;Asn45Gln],-1.3991200650390754,-1.4293797069165703,-1.3484231499769308,0.030497126476783,-1.5637236,-0.4492516249301111,-0.5884385664905378,-0.2572029790547496
urn:mavedb:00000394-a-1#4568,c.[3C>T;6T>G;21C>T;36T>C;42C>G;54G>A;66G>A;67T>A;68C>T;69T>C;72C>T;120A>G;129G>A;133A>G;135C>A;141A>G;165G>A;171T>G;174A>G;183A>G],NA,p.[Ser23Ile;Asn45Glu],-1.2545655546914487,-1.3236660422706268,-1.2109710695361109,0.0517449656206705,-1.5142069,-0.1162749584472716,-0.3458715400282155,0.0059897443196009
urn:mavedb:00000394-a-1#4569,c.[6T>G;9G>A;15A>G;21C>T;36T>C;42C>G;66G>A;67T>A;68C>T;69T>C;72C>T;120A>G;133A>C;141A>G;168G>A;207T>C],NA,p.[Ser23Ile;Asn45His],-1.4122491571570597,-1.5009890577763745,-1.350290860293387,0.0415860340107452,-1.5329494,-0.6601053663233848,-1.4918214103713074,-0.3760198138151054
urn:mavedb:00000394-a-1#4570,c.[21C>T;27G>A;36T>C;42C>G;60T>C;67T>A;68C>T;120A>G;133A>G;141A>G;144C>T;165G>A;168G>A;177G>A],NA,p.[Ser23Ile;Asn45Asp],-1.4503015104696932,-1.4724112987259126,-1.424474745348218,0.0239296522119836,-1.4865322,-1.416187204772431,-1.977602145683396,-1.0864828461768332
urn:mavedb:00000394-a-1#4571,c.[3C>T;6T>G;21C>T;36T>C;42C>G;67T>A;68C>T;120A>G;123T>C;126C>T;133A>C;134A>G;135C>T;141A>G;177G>A;180G>C],NA,p.[Ser23Ile;Asn45Arg],-1.4606700568799167,-1.5254398775988047,-1.4084725738045094,0.0333431812807817,-1.5863938,-0.632949445686639,-1.0976580474536854,-0.3946526717414897
urn:mavedb:00000394-a-1#4572,c.[21C>T;27G>A;30G>C;36T>C;42C>G;67T>A;68C>T;84C>T;120A>G;135C>A;141A>G;165G>A;171T>G;177G>A],NA,p.[Ser23Ile;Asn45Lys],-1.4493838421585998,-1.5104280177135387,-1.4119232854190906,0.0433298991899681,-1.5485764,-0.7889016013431781,-1.384982247975314,-0.5769288940218027
urn:mavedb:00000394-a-1#4573,c.[3C>T;6T>G;21C>T;36T>C;42C>G;66G>A;67T>A;68C>T;69T>C;72C>T;120A>G;123T>C;126C>T;134A>C;141A>G;165G>A;171T>G;174A>G;177G>A],NA,p.[Ser23Ile;Asn45Thr],-1.1687206168352269,-1.200795430800526,-1.1222884120516734,0.0333518066493976,-1.577651,0.2595544992052582,0.1875655195113846,0.3580109141447761
urn:mavedb:00000394-a-1#4574,c.[6T>G;9G>A;15A>G;21C>T;36T>C;42C>G;48C>T;66G>A;67T>A;68C>T;69T>C;72C>T;123T>C;133A>T;134A>C;141A>G;165G>A;171T>G;183A>G],NA,p.[Ser23Ile;Asn45Ser],-1.342335013845853,-1.4113951262647182,-1.271132431063084,0.0281008889281643,-1.5886269,-0.1566829009556868,-0.3973967115384327,0.0432716005663549
urn:mavedb:00000394-a-1#4575,c.[3C>T;6T>G;21C>T;36T>C;42C>G;48C>T;66G>A;67T>A;68C>T;69T>C;72C>T;120A>G;123T>C;133A>G;134A>C;135C>G;141A>G;165G>A;168G>A;174A>G],NA,p.[Ser23Ile;Asn45Ala],-1.5302064476106447,-1.5654995707545831,-1.4714866334287238,0.0409684662150408,-1.5901241,-1.108311945636884,-1.6480176678841492,-0.671552936200396
urn:mavedb:00000394-a-1#4576,c.[3C>T;6T>G;21C>T;27G>A;36T>C;42C>G;67T>A;68C>T;72C>T;75C>T;120A>G;133A>G;134A>G;141A>G;165G>A;171T>G;177G>A],NA,p.[Ser23Ile;Asn45Gly],-1.3039087090823214,-1.4012077459157524,-1.2642327609489412,0.0538781727757996,-1.5559206,-0.1391762672226133,-0.4922022035945998,-0.0251273581172326
urn:mavedb:00000394-a-1#4577,c.[3C>T;6T>G;21C>T;36T>C;42C>G;48C>T;67T>A;68C>T;120A>G;123T>C;134A>T;135C>G;141A>G;147G>C;165G>A;171T>G;174A>G;177G>A;198G>T],NA,p.[Ser23Ile;Asn45Met],-1.3572520349196693,-1.4558937298097483,-1.306643574914707,0.0333238196335184,-1.5967431,-0.1778888016110426,-0.5564424527490492,-0.0294816421456234
urn:mavedb:00000394-a-1#4578,c.[6T>G;9G>A;12C>T;21C>T;36T>C;42C>G;48C>T;66G>A;67T>A;68C>T;69T>C;72C>T;120A>G;123T>C;133A>T;134A>G;135C>T;141A>G;174A>G],NA,p.[Ser23Ile;Asn45Cys],-0.8053137202457626,-0.8246598948261067,-0.7811654484011855,0.0297098448151738,-1.5656986,0.9051701017132904,0.8737428520355077,0.9439903442468096
urn:mavedb:00000394-a-1#4579,c.[3C>T;21C>T;36T>C;48C>T;67T>A;68C>T;72C>T;75C>T;120A>G;123T>C;133A>C;134A>T;141A>G;165G>A;168G>A;177G>A],NA,p.[Ser23Ile;Asn45Leu],-1.0526706948327655,-1.1074349480545982,-1.0031528987196696,0.0566810525595611,-1.5669193,0.4750591942849265,0.3664687964847662,0.5681354874705358
urn:mavedb:00000394-a-1#4580,c.[3C>T;6T>G;21C>T;36T>C;42C>G;48C>T;66G>A;67T>A;68C>T;69T>C;72C>T;120A>G;123T>C;133A>G;134A>T;135C>T;141A>G;144C>T;165G>A;171T>G;174A>G;177G>A],NA,p.[Ser23Ile;Asn45Val],-1.49318128597399,-1.5196861377124768,-1.4182904177555156,0.0242926775363683,-1.5613184,-1.0281242542109554,-1.3319340858540425,-0.5460002005765046
urn:mavedb:00000394-a-1#4581,c.[21C>T;36T>C;42C>G;54G>A;66G>A;67T>A;68C>T;69T>C;72C>T;78C>T;87T>C;120A>G;134A>T;141A>G;171T>G;177G>A;180G>C],NA,p.[Ser23Ile;Asn45Ile],-1.3515501885809214,-1.3819001468082404,-1.2982799719610985,0.0318627713994,-1.5567398,-0.2923957086553118,-0.4069783124837731,-0.1197970200911535
urn:mavedb:00000394-a-1#4582,c.[6T>G;9G>A;15A>G;21C>T;36T>C;42C>G;51C>T;66G>A;67T>A;68C>T;69T>C;72C>T;108G>C;120A>G;123T>C;129G>A;132C>T;133A>T;134A>G;135C>G;141A>G;171T>G;174A>G;180G>C],NA,p.[Ser23Ile;Asn45Trp],-1.2396024086014907,-1.305456388531694,-1.1272535369589294,0.1148312444458009,-1.5803399,0.1017194139695151,-0.0719841385287178,0.353322628583864
urn:mavedb:00000394-a-1#4583,c.[21C>T;36T>C;42C>G;66G>A;67T>A;68C>T;69T>C;72C>T;87T>C;108G>C;111G>C;120A>G;123T>C;126C>T;133A>T;135C>T;141A>G],NA,p.[Ser23Ile;Asn45Tyr],-1.398820499293134,-1.441881862596309,-1.3696411520561735,0.0361443026142735,-1.5550294,-0.4855617877686063,-0.7028575606811213,-0.3654686985649935
urn:mavedb:00000394-a-1#4584,c.[6T>G;9G>A;12C>T;21C>T;36T>C;42C>G;60T>C;66G>A;67T>A;68C>T;69T>C;120A>G;123T>C;126C>T;133A>T;134A>T;141A>G;165G>A;171T>G;174A>G;177G>A;198G>T],NA,p.[Ser23Ile;Asn45Phe],-1.1511877802270742,-1.2102843527336062,-1.1037810757690976,0.0522015965572549,-1.5678144,0.2763152625564449,0.1423285611116477,0.3757498427826115
urn:mavedb:00000394-a-1#4585,c.[21C>T;36T>C;42C>G;67T>A;68C>T;78C>T;120A>G;123T>C;126C>T;129G>A;133A>C;134A>C;135C>G;150C>T;168G>A;177G>A;183A>G],NA,p.[Ser23Ile;Asn45Pro],-1.4889769489946971,-1.564268481673737,-1.4382248852790234,0.0249572255934975,-1.5522494,-1.074415716364057,-25.0,-0.6977678030369207
urn:mavedb:00000394-a-1#4586,c.[3C>T;6T>G;21C>T;36T>C;42C>G;54G>A;68C>G;69T>G;84C>T;120A>G;123T>C;126C>T;133A>C;135C>G;141A>G;162G>C;165G>A;171T>G;174A>G;177G>A],NA,p.[Ser23Trp;Asn45Gln],-0.865115277382523,-0.9385451582826996,-0.8162874327435231,0.0632237141269183,-1.5917454,0.8501198357343758,0.7267927800415911,0.9294351076013164
urn:mavedb:00000394-a-1#4587,c.[6T>G;9G>A;15A>G;21C>T;36T>C;42C>G;48C>T;68C>G;69T>G;72C>T;120A>G;123T>C;129G>A;132C>T;133A>G;135C>A;141A>G;147G>C;156T>C;177G>A],NA,p.[Ser23Trp;Asn45Glu],-1.0245058423800777,-1.0673060959803826,-0.9111748302161088,0.0401353053790956,-1.5444674,0.4860325152470387,0.4022626932348253,0.6923940174184868
urn:mavedb:00000394-a-1#4588,c.[21C>T;24C>T;36T>C;39C>T;51C>T;54G>A;68C>G;69T>G;72C>T;75C>T;78C>T;84C>T;87T>C;120A>G;123T>C;133A>C;141A>G;144C>T;165G>A;171T>G;186A>G;189G>A],NA,p.[Ser23Trp;Asn45His],-0.7128521461887796,-0.7436211166227745,-0.6682861533469157,0.0462710818682796,-1.5624084,1.0465162352336723,0.998344563242847,1.115314003500388
urn:mavedb:00000394-a-1#4589,c.[6T>G;9G>A;12C>T;21C>T;36T>C;42C>G;48C>T;68C>G;69T>G;114C>T;120A>G;123T>C;133A>G;153A>G;156T>C;165G>A;171T>G;174A>G;177G>A;180G>C;198G>T;207T>C],NA,p.[Ser23Trp;Asn45Asp],-0.953501939367302,-0.99613577020484,-0.9159577005818248,0.0377557199162642,-1.5179071,0.5693306978461087,0.4895038940886105,0.6372208064320922
urn:mavedb:00000394-a-1#4590,c.[21C>T;36T>C;42C>G;68C>G;69T>G;120A>G;133A>C;134A>G;135C>T;141A>G;165G>A;171T>G;174A>G;177G>A],NA,p.[Ser23Trp;Asn45Arg],-1.0572820433163042,-1.0907152950992676,-1.0209250949659707,0.0230140414815015,-1.6132336,0.5537083583509148,0.4908938249570803,0.6199399980199786
urn:mavedb:00000394-a-1#4591,c.[15A>G;21C>T;27G>A;39C>T;42C>G;48C>T;68C>G;69T>G;120A>G;123T>C;129G>A;135C>A;141A>G;168G>A;171T>G;180G>C],NA,p.[Ser23Trp;Asn45Lys],-1.0462072005615566,-1.068566737617474,-1.012436801412497,0.0317331676215417,-1.5773277,0.507258563669279,0.464463227101252,0.5701964609785114
urn:mavedb:00000394-a-1#4592,c.[12C>T;21C>T;36T>C;42C>G;54G>A;68C>G;69T>G;72C>T;108G>C;120A>G;134A>C;141A>G;165G>A;171T>G;174A>G;177G>A],NA,p.[Ser23Trp;Asn45Thr],-0.6001916932062619,-0.619097314008534,-0.5755982466656634,0.0666201963846387,-1.6049604,1.281922875035982,1.253815268302486,1.318288699218663
urn:mavedb:00000394-a-1#4593,c.[3C>T;6T>G;12C>T;21C>T;36T>C;42C>G;60T>C;63G>C;68C>G;69T>G;72C>T;78C>T;114C>T;120A>G;123T>C;126C>T;129G>A;133A>T;134A>C;135C>T;138T>C;141A>G;150C>T;162G>C;165G>A;168G>A;174A>G],NA,p.[Ser23Trp;Asn45Ser],-0.7244355828281104,-0.7751544108787156,-0.686139881099218,0.033812158559217,-1.6153431,1.11034229375123,1.0318719612560117,1.1686952004873656
urn:mavedb:00000394-a-1#4594,c.[9G>A;21C>T;60T>C;68C>G;69T>G;72C>T;120A>G;133A>G;134A>C;135C>G;165G>A;168G>A;177G>A],NA,p.[Ser23Trp;Asn45Ala],-0.9496880828350528,-1.0094224539469374,-0.8298376335549625,0.0465306855958419,-1.6167574,0.7504949405491934,0.6467486753369548,0.9477697503987188
urn:mavedb:00000394-a-1#4595,c.[6T>G;9G>A;12C>T;21C>T;36T>C;42C>G;48C>T;63G>C;68C>G;69T>G;72C>T;108G>C;111G>C;120A>G;123T>C;129G>A;132C>T;133A>G;134A>G;135C>T;141A>G;165G>A;168G>A;171T>G],NA,p.[Ser23Trp;Asn45Gly],-0.7263397174454712,-0.7421448464734809,-0.7116794507949165,0.0628377059136732,-1.5843239,1.059593691019228,1.035002121206564,1.0822758028512895
urn:mavedb:00000394-a-1#4596,c.[21C>T;36T>C;39C>T;42C>G;54G>A;68C>G;69T>G;72C>T;78C>T;120A>G;134A>T;135C>G],NA,p.[Ser23Trp;Asn45Met],-0.8219776341786367,-0.8628662089233782,-0.7888715436056899,0.0643833205038345,-1.623002,0.9702184154345316,0.904731869892455,1.0223940313235178
urn:mavedb:00000394-a-1#4597,c.[21C>T;36T>C;42C>G;68C>G;69T>G;72C>T;120A>G;132C>T;133A>T;134A>G;141A>G;165G>A;171T>G;174A>G;177G>A],NA,p.[Ser23Trp;Asn45Cys],-0.4627399384835754,-0.494756678073996,-0.4455136382041562,0.042649708049863,-1.5936222,1.4663459890957622,1.4199867428330104,1.4911764819644786
urn:mavedb:00000394-a-1#4598,c.[3C>T;6T>G;21C>T;36T>C;42C>G;68C>G;69T>G;72C>T;78C>T;120A>G;123T>C;126C>T;133A>C;134A>T;135C>G;138T>C;141A>G;207T>C],NA,p.[Ser23Trp;Asn45Leu],-0.7317739971777389,-0.7963182310693665,-0.6302118261867851,0.0622945253251033,-1.5947809,1.0673700573313054,0.966169309348832,1.221998183205616
urn:mavedb:00000394-a-1#4599,c.[6T>G;9G>A;21C>T;36T>C;42C>G;48C>T;63G>C;68C>G;69T>G;120A>G;123T>C;133A>G;134A>T;135C>T;141A>G;165G>A;168G>A;174A>G;180G>C],NA,p.[Ser23Trp;Asn45Val],-0.983242895353948,-1.0540644632572007,-0.9441926442643568,0.0351015908927235,-1.5894585,0.6447738060475348,0.5153272381940827,0.7131301356839267
urn:mavedb:00000394-a-1#4600,c.[21C>T;36T>C;42C>G;68C>G;69T>G;72C>T;120A>G;123T>C;126C>T;134A>T;141A>G;165G>A;171T>G;177G>A;180G>C],NA,p.[Ser23Trp;Asn45Ile],-0.8868309166485149,-0.9501402359459556,-0.8472977143182633,0.0430016530139887,-1.5851035,0.8031242988383153,0.695280699381075,0.868449329058105
urn:mavedb:00000394-a-1#4601,c.[21C>T;36T>C;42C>G;68C>G;69T>G;72C>T;93C>T;120A>G;123T>C;126C>T;133A>T;134A>G;135C>G;141A>G;156T>C;165G>A;168G>A;171T>G;174A>G;177G>A;180G>C],NA,p.[Ser23Trp;Asn45Trp],-0.6317291782861227,-0.652138403097662,-0.6231469621165197,0.033417623936186,-1.6075072,1.2387620067747591,1.2081767316292222,1.2515724391138583
urn:mavedb:00000394-a-1#4602,c.[6T>G;9G>A;21C>T;36T>C;42C>G;48C>T;63G>C;68C>G;69T>G;75C>T;87T>C;120A>G;123T>C;133A>T;141A>G;165G>A;168G>A;174A>G],NA,p.[Ser23Trp;Asn45Tyr],-0.8079216683478592,-0.8346403470694653,-0.7724486907980159,0.044187655027171,-1.5834746,0.92959293202318,0.886431601971753,0.9860835329197312
urn:mavedb:00000394-a-1#4603,c.[3C>T;6T>G;21C>T;36T>C;42C>G;54G>A;68C>G;69T>G;72C>T;120A>G;123T>C;126C>T;133A>T;134A>T;141A>G;168G>A;177G>A;207T>C],NA,p.[Ser23Trp;Asn45Phe],-0.608320348786151,-0.6347783917465134,-0.5929338125376654,0.0347987226884069,-1.5956311,1.2559820407543465,1.216423523087808,1.2788598070933823
urn:mavedb:00000394-a-1#4604,c.[3C>T;6T>G;21C>T;36T>C;42C>G;51C>T;68C>G;69T>G;102T>C;120A>G;123T>C;133A>C;134A>C;135C>G;168G>A;180G>C],NA,p.[Ser23Trp;Asn45Pro],-1.154949449727254,-1.2038106319042925,-1.1271410291871935,0.0350201289983938,-1.5808277,0.2962138964985423,0.1879364700777167,0.3545599815455474
urn:mavedb:00000394-a-1#4605,c.[18C>T;21C>T;36T>C;42C>G;54G>A;60T>C;68C>A;120A>G;133A>C;135C>G;138T>C;141A>G;168G>A;177G>A],NA,p.[Ser23Tyr;Asn45Gln],-1.3820893803488177,-1.5014196868997678,-1.2743685437523824,0.0519734377323409,-1.5767784,-0.3304171000511023,-0.9647426776359578,0.003777289845265
urn:mavedb:00000394-a-1#4606,c.[21C>T;36T>C;42C>G;66G>A;68C>A;69T>C;72C>T;120A>G;132C>T;133A>G;135C>A;141A>G;165G>A;171T>G;174A>G;177G>A],NA,p.[Ser23Tyr;Asn45Glu],-1.298497468360718,-1.326590237463504,-1.2511262458496513,0.0446797620994749,-1.528274,-0.2089624332883102,-0.3049094684964124,-0.0655430589128956
urn:mavedb:00000394-a-1#4607,c.[21C>T;36T>C;42C>G;48C>T;66G>A;68C>A;69T>C;120A>G;123T>C;133A>C;141A>G;177G>A;180G>C],NA,p.[Ser23Tyr;Asn45His],-1.0589165736932895,-1.1133238972656,-0.9835384507053864,0.0323705021512641,-1.5466537,0.4233238907189661,0.3120702955092074,0.5669473253659416
urn:mavedb:00000394-a-1#4608,c.[6T>G;9G>A;21C>T;36T>C;42C>G;51C>T;60T>C;66G>A;68C>A;69T>C;72C>T;120A>G;123T>C;129G>A;133A>G;141A>G;168G>A;177G>A;207T>C],NA,p.[Ser23Tyr;Asn45Asp],-1.2514055391475676,-1.3511797729421209,-1.1925482381640338,0.0380786556613086,-1.5011077,-0.1461948445410857,-0.5137962041099641,0.0200575649483993
urn:mavedb:00000394-a-1#4609,c.[18C>T;21C>T;36T>C;42C>G;51C>T;66G>A;68C>A;69T>C;120A>G;123T>C;133A>C;134A>G;135C>T;141A>G;147G>C;150C>T;171T>G;174A>G;177G>A;198G>T],NA,p.[Ser23Tyr;Asn45Arg],-1.3115610086911316,-1.3807092185911478,-1.2690433727848232,0.0397990665310231,-1.598917,-0.0370274537314726,-0.2473270007159739,0.0747402354429152
urn:mavedb:00000394-a-1#4610,c.[6T>G;9G>A;12C>T;21C>T;36T>C;42C>G;66G>A;68C>A;69T>C;72C>T;120A>G;135C>A;141A>G;165G>A;171T>G],NA,p.[Ser23Tyr;Asn45Lys],-1.4204251712408278,-1.481528937207888,-1.356442827670326,0.0393866881491717,-1.5619612,-0.5531329683712618,-0.923460510127864,-0.2912313072172433
urn:mavedb:00000394-a-1#4611,c.[12C>T;21C>T;36T>C;42C>G;66G>A;68C>A;69T>C;72C>T;120A>G;134A>C;141A>G],NA,p.[Ser23Tyr;Asn45Thr],-0.8604251739769344,-0.8733046867897777,-0.8471794099240253,0.0269040876297105,-1.5903854,0.8555924583909368,0.8343754958801316,0.8772634019785595
urn:mavedb:00000394-a-1#4612,c.[21C>T;36T>C;42C>G;51C>T;54G>A;57T>G;66G>A;68C>A;69T>C;72C>T;102T>C;120A>G;123T>C;133A>T;134A>C;135C>T;141A>G;177G>A],NA,p.[Ser23Tyr;Asn45Ser],-1.1413914689934987,-1.1674286943830705,-1.094496389719408,0.0213196152026395,-1.6010942,0.3669046882253072,0.3127637502766046,0.4602631868054987
urn:mavedb:00000394-a-1#4613,c.[21C>T;30G>C;42C>G;66G>A;68C>A;69T>C;72C>T;120A>G;123T>C;126C>T;133A>G;134A>C;135C>T;138T>C;141A>G;144C>T;171T>G;174A>G;177G>A],NA,p.[Ser23Tyr;Asn45Ala],-1.3333303820351836,-1.3808241877662315,-1.3003435645948616,0.0328988467989474,-1.6025543,-0.0882272851550006,-0.2354896253060581,0.0032413371917037
urn:mavedb:00000394-a-1#4614,c.[9G>A;12C>T;21C>T;36T>C;42C>G;68C>A;72C>T;75C>T;120A>G;123T>C;126C>T;133A>G;134A>G;135C>T;165G>A;171T>G;177G>A;180G>C;207T>C],NA,p.[Ser23Tyr;Asn45Gly],-1.354090910837272,-1.4224913512394812,-1.2730791438726756,0.0280875221681611,-1.5691476,-0.2580372449661902,-0.528914033632863,-0.0132310302308649
urn:mavedb:00000394-a-1#4615,c.[21C>T;36T>C;42C>G;66G>A;68C>A;69T>C;72C>T;120A>G;134A>T;135C>G;165G>A;171T>G;174A>G;177G>A],NA,p.[Ser23Tyr;Asn45Met],-1.1559933257481323,-1.2069184142659597,-1.1282889640973237,0.0496094364895876,-1.609005,0.3531598560045826,0.2444840973755738,0.4093483047900123
urn:mavedb:00000394-a-1#4616,c.[3C>T;6T>G;21C>T;36T>C;42C>G;51C>T;66G>A;68C>A;69T>C;72C>T;120A>G;123T>C;133A>T;134A>G;138T>C;141A>G;165G>A;171T>G;174A>G;177G>A;198G>T],NA,p.[Ser23Tyr;Asn45Cys],-0.7719509507831414,-0.7994398044566189,-0.7348535468845724,0.0423319522619691,-1.5787096,0.9793373806902372,0.9355572445382284,1.03762274435375
urn:mavedb:00000394-a-1#4617,c.[3C>T;6T>G;21C>T;36T>C;42C>G;48C>T;68C>A;99G>C;105C>T;120A>G;123T>C;129G>A;132C>T;133A>C;134A>T;135C>G;141A>G;165G>A;168G>A;177G>A],NA,p.[Ser23Tyr;Asn45Leu],-1.184840055686728,-1.2715304802356058,-1.126796648834219,0.0629003674493995,-1.5799026,0.2288706398555371,0.0195459472333204,0.3533631611522927
urn:mavedb:00000394-a-1#4618,c.[21C>T;36T>C;42C>G;66G>A;68C>A;69T>C;72C>T;120A>G;132C>T;133A>G;134A>T;135C>T;168G>A;177G>A],NA,p.[Ser23Tyr;Asn45Val],-1.4547848978064195,-1.545125435272913,-1.391902874829977,0.0464479076032027,-1.5744276,-0.6659548738400005,-1.5439868354686597,-0.3765479530476182
urn:mavedb:00000394-a-1#4619,c.[6T>G;9G>A;21C>T;36T>C;42C>G;60T>C;66G>A;68C>A;69T>C;72C>T;120A>G;134A>T;141A>G;165G>A;171T>G;174A>G;177G>A;198G>T;207T>C],NA,p.[Ser23Tyr;Asn45Ile],-1.302461340460528,-1.3172128886562624,-1.2664715930178834,0.0319582162957995,-1.5699501,-0.0932484564794945,-0.1369811249288451,0.0066209481443435
urn:mavedb:00000394-a-1#4620,c.[6T>G;9G>A;21C>T;36T>C;42C>G;54G>A;57T>G;60T>C;68C>A;102T>C;120A>G;133A>T;134A>G;135C>G;141A>G;165G>A;171T>G;174A>G;177G>A;207T>C],NA,p.[Ser23Tyr;Asn45Trp],-1.03606167357832,-1.0773267020218886,-0.9730024042758724,0.0361103147527379,-1.5930104,0.5555600887368597,0.4778099231651232,0.6691345454545237
urn:mavedb:00000394-a-1#4621,c.[3C>T;6T>G;12C>T;21C>T;36T>C;42C>G;48C>T;66G>A;68C>A;69T>C;72C>T;120A>G;123T>C;129G>A;133A>T;141A>G;165G>A;171T>G;174A>G;177G>A;192C>T;195G>A],NA,p.[Ser23Tyr;Asn45Tyr],-1.1083861027609947,-1.1462817243437136,-1.091711272913747,0.0413794635195543,-1.5682755,0.3672968551092889,0.2878926760526298,0.4010576572335669
urn:mavedb:00000394-a-1#4622,c.[21C>T;36T>C;42C>G;66G>A;68C>A;69T>C;72C>T;120A>G;123T>C;126C>T;133A>T;134A>T;150C>T;165G>A;168G>A;171T>G;174A>G;198G>T],NA,p.[Ser23Tyr;Asn45Phe],-0.9942212976559204,-1.0069651157945048,-0.9805414526700226,0.0357684143452266,-1.5807772,0.6096058390106454,0.5865098513808654,0.6341363275654085
urn:mavedb:00000394-a-1#4623,c.[6T>G;9G>A;21C>T;36T>C;42C>G;48C>T;63G>C;66G>A;68C>A;69T>C;72C>T;84C>T;120A>G;123T>C;129G>A;133A>C;134A>C;135C>A;141A>G;156T>C;165G>A;168G>A;171T>G;174A>G;207T>C],NA,p.[Ser23Tyr;Asn45Pro],-1.4787538750922211,-1.5334481236731048,-1.365983971514767,0.0497531308302031,-1.5655556,-0.8748680689242778,-1.4890621343088826,-0.3125416315658922
urn:mavedb:00000394-a-1#4624,c.[3C>T;6T>G;21C>T;30G>C;42C>G;68C>T;69T>C;72C>T;120A>G;132C>T;133A>C;135C>G;141A>G;165G>A;171T>G;174A>G;177G>A],NA,p.[Ser23Phe;Asn45Gln],-1.297929776873476,-1.324763960739782,-1.2553901661309008,0.0428304763030134,-1.584239,-0.0399166225887717,-0.1167838627959107,0.0721687603894917
urn:mavedb:00000394-a-1#4625,c.[15A>G;21C>T;36T>C;39C>T;42C>G;48C>T;54G>A;68C>T;108G>C;120A>G;123T>C;132C>T;133A>G;135C>A;138T>C;141A>G;150C>T;165G>A;168G>A;177G>A],NA,p.[Ser23Phe;Asn45Glu],-1.349644146009351,-1.4471374522732263,-1.2808752766100089,0.0328668764360932,-1.5363355,-0.3604703279085531,-0.8574143810088398,-0.1287632721564204
urn:mavedb:00000394-a-1#4626,c.[6T>G;9G>A;12C>T;21C>T;36T>C;42C>G;51C>T;68C>T;69T>C;72C>T;120A>G;123T>C;133A>C;141A>G;144C>T;174A>G],NA,p.[Ser23Phe;Asn45His],-1.1408737053096192,-1.1984164897368172,-0.8801976080521399,0.0631086712462181,-1.5545001,0.2698087439066046,0.1388838154567731,0.7628122416626423
urn:mavedb:00000394-a-1#4627,c.[6T>G;9G>A;15A>G;21C>T;36T>C;42C>G;68C>T;69T>C;72C>T;120A>G;133A>G;141A>G;174A>G],NA,p.[Ser23Phe;Asn45Asp],-1.311647345625023,-1.3603226901196157,-1.2537096272039323,0.0459363209382729,-1.5094681,-0.3188999777341511,-0.5173854741244027,-0.1278617362494293
urn:mavedb:00000394-a-1#4628,c.[6T>G;9G>A;21C>T;36T>C;42C>G;54G>A;57T>G;68C>T;69T>C;72C>T;120A>G;133A>C;134A>G;135C>T;141A>G;165G>A;171T>G;174A>G;177G>A;198G>T],NA,p.[Ser23Phe;Asn45Arg],-1.2126373728920032,-1.292708783929815,-1.1003931618486502,0.0497231375816508,-1.6060586,0.2251889611165628,0.0325458254431235,0.4584518786333487
urn:mavedb:00000394-a-1#4629,c.[3C>T;6T>G;21C>T;36T>C;42C>G;68C>T;69T>C;72C>T;102T>C;120A>G;123T>C;126C>T;135C>A;138T>C;141A>G;165G>A;168G>A;177G>A],NA,p.[Ser23Phe;Asn45Lys],-1.4075875009235783,-1.4769768738393532,-1.3316880873349837,0.0363751687102749,-1.5696173,-0.4602196206782507,-0.8330773918708964,-0.1828167909913345
urn:mavedb:00000394-a-1#4630,c.[3C>T;6T>G;21C>T;36T>C;42C>G;51C>T;54G>A;66G>A;68C>T;69T>C;72C>T;120A>G;123T>C;134A>C;141A>G;168G>A;174A>G;183A>G],NA,p.[Ser23Phe;Asn45Thr],-0.8783821281420436,-0.9238929506811944,-0.854597316536054,0.0276357913832248,-1.5976539,0.8379912037353708,0.7618715047703557,0.8770154548012856
urn:mavedb:00000394-a-1#4631,c.[6T>G;9G>A;21C>T;36T>C;42C>G;63G>C;68C>T;69T>C;72C>T;120A>G;129G>A;133A>T;134A>C;135C>T;141A>G;174A>G],NA,p.[Ser23Phe;Asn45Ser],-1.018647306393638,-1.1097504381540524,-0.951195535024538,0.0508653727095974,-1.6082029,0.6149961180738507,0.4443914658756001,0.7333157147301133
urn:mavedb:00000394-a-1#4632,c.[21C>T;36T>C;42C>G;68C>T;69T>C;72C>T;108G>C;120A>G;123T>C;126C>T;133A>G;134A>C;135C>T;138T>C;141A>G;165G>A;168G>A;177G>A],NA,p.[Ser23Phe;Asn45Ala],-1.2761762514933832,-1.3074136272873471,-1.1796227792182672,0.0319842193424684,-1.6096401,0.0837166129394898,0.0032817735370132,0.3050271488947216
urn:mavedb:00000394-a-1#4633,c.[3C>T;6T>G;21C>T;36T>C;42C>G;68C>T;69T>C;72C>T;120A>G;123T>C;126C>T;129G>A;133A>G;134A>G;141A>G;165G>A;171T>G;174A>G;177G>A;198G>T],NA,p.[Ser23Phe;Asn45Gly],-1.30078474762687,-1.36960801817363,-1.2320191789055708,0.0362179151784919,-1.5767102,-0.0690200312277045,-0.2856401238825074,0.1113958216184354
urn:mavedb:00000394-a-1#4634,c.[6T>G;9G>A;12C>T;21C>T;36T>C;42C>G;51C>T;54G>A;57T>G;60T>C;68C>T;69T>C;72C>T;120A>G;123T>C;134A>T;135C>G;141A>G;144C>T;171T>G;174A>G;177G>A],NA,p.[Ser23Phe;Asn45Met],-1.0662943235832625,-1.1100525871461695,-0.99265239873629,0.0403667477554712,-1.6159902,0.5421013845973031,0.4589770275904952,0.6749691819506273
urn:mavedb:00000394-a-1#4635,c.[3C>T;6T>G;21C>T;36T>C;42C>G;48C>T;68C>T;69T>C;72C>T;120A>G;123T>C;129G>A;133A>T;134A>G;135C>T;141A>G;171T>G;174A>G;177G>A],NA,p.[Ser23Phe;Asn45Cys],-0.7506141712591857,-0.7818844249713304,-0.7072490142189322,0.0444378043820666,-1.5861435,1.0246097942708705,0.9753728691631408,1.09190812228316
urn:mavedb:00000394-a-1#4636,c.[3C>T;6T>G;21C>T;36T>C;42C>G;51C>T;68C>T;69T>C;72C>T;105C>T;120A>G;123T>C;133A>C;134A>T;141A>G;168G>A;174A>G;180G>C],NA,p.[Ser23Phe;Asn45Leu],-1.13525696077963,-1.1590502808203609,-1.099839779983061,0.0340335726130147,-1.5873199,0.3512085640959129,0.3013147923728289,0.4228007076325567
urn:mavedb:00000394-a-1#4637,c.[3C>T;21C>T;36T>C;42C>G;54G>A;68C>T;69T>C;72C>T;108G>C;111G>C;133A>G;134A>T;135C>G;141A>G;165G>A;171T>G;174A>G;183A>G;198G>T;207T>C],NA,p.[Ser23Phe;Asn45Val],-0.5253410511583458,-0.6385377012067923,-0.4156553542150483,0.1415007033349446,-1.5819197,1.3583172020255805,1.1901548356191218,1.5172852884005656
urn:mavedb:00000394-a-1#4638,c.[3C>T;6T>G;18C>T;21C>T;36T>C;42C>G;51C>T;68C>T;69T>C;120A>G;123T>C;134A>T;135C>T;141A>G;165G>A;168G>A;174A>G;180G>C],NA,p.[Ser23Phe;Asn45Ile],-1.2084513091480438,-1.279146314526986,-1.17271838929118,0.046213760178702,-1.5775018,0.1694761693068797,-0.0070692923896095,0.2504462293407783
urn:mavedb:00000394-a-1#4639,c.[3C>T;6T>G;12C>T;21C>T;36T>C;42C>G;48C>T;66G>A;68C>T;69T>C;72C>T;120A>G;123T>C;129G>A;133A>T;134A>G;135C>G;141A>G;165G>A;168G>A;174A>G;180G>C],NA,p.[Ser23Phe;Asn45Trp],-0.8335817002102084,-0.8476912569301859,-0.8195575944978251,0.0326696882634299,-1.6002407,0.915276293023735,0.8924563692558792,0.9378071341859058
urn:mavedb:00000394-a-1#4640,c.[3C>T;6T>G;21C>T;36T>C;42C>G;68C>T;69T>C;72C>T;102T>C;120A>G;123T>C;126C>T;132C>T;133A>T;138T>C;141A>G;165G>A;171T>G;174A>G],NA,p.[Ser23Phe;Asn45Tyr],-0.9580252108347432,-1.018975313106108,-0.9132905957471884,0.0420001360527425,-1.5758505,0.6653034272044106,0.5554309515574808,0.7428278376835985
urn:mavedb:00000394-a-1#4641,c.[21C>T;36T>C;42C>G;51C>T;68C>T;69T>C;72C>T;102T>C;120A>G;123T>C;129G>A;133A>T;134A>T;141A>G;171T>G;177G>A],NA,p.[Ser23Phe;Asn45Phe],-0.92801797381956,-1.0030696711641844,-0.8896470315581989,0.040680458380435,-1.5881824,0.7387288927197065,0.6069992507788485,0.8035615895848859
urn:mavedb:00000394-a-1#4642,c.[6T>G;9G>A;21C>T;36T>C;42C>G;63G>C;68C>T;69T>C;72C>T;123T>C;126C>T;129G>A;133A>C;134A>C;135C>G;141A>G;165G>A;171T>G;174A>G;177G>A;198G>T],NA,p.[Ser23Phe;Asn45Pro],-1.4196916124956398,-1.4490987649956368,-1.4073413256828815,0.0409956188411049,-1.5731659,-0.4977430201430883,-0.6418000877325793,-0.4440994801238286
urn:mavedb:00000394-a-1#4643,c.[3C>T;6T>G;15A>G;18C>T;21C>T;24C>T;51C>T;66G>A;67T>C;69T>G;72C>T;120A>G;123T>C;133A>C;135C>A;141A>G;165G>A;168G>A;174A>G],NA,p.[Ser23Pro;Asn45Gln],-1.4946505660505944,-1.6011594088875822,-1.393658183352783,0.0525364730436676,-1.5560532,-1.0930933449909586,-25.0,-0.4586524040629701
urn:mavedb:00000394-a-1#4644,c.[3C>T;6T>G;18C>T;21C>T;36T>C;42C>G;66G>A;67T>C;69T>G;72C>T;120A>G;132C>T;133A>G;135C>A;138T>C;141A>G;165G>A;168G>A;174A>G],NA,p.[Ser23Pro;Asn45Glu],-1.5450649246938974,-1.5757764218030128,-1.5114072969010512,0.0272030232408946,-1.5059648,-15.0,-25.0,-5.0
urn:mavedb:00000394-a-1#4645,c.[3C>T;6T>G;21C>T;36T>C;42C>G;51C>T;54G>A;66G>A;67T>C;69T>G;72C>T;120A>G;132C>T;133A>C;141A>G;174A>G;180G>C],NA,p.[Ser23Pro;Asn45His],-1.274131782552394,-1.3451544851855826,-1.2074096145980469,0.0416900212644734,-1.5249133,-0.1429088202932034,-0.3873708269322878,0.0433108633069615
urn:mavedb:00000394-a-1#4646,c.[21C>T;36T>C;42C>G;51C>T;66G>A;67T>C;69T>G;72C>T;114C>T;120A>G;123T>C;133A>G;141A>G;165G>A;171T>G;174A>G;177G>A;207T>C],NA,p.[Ser23Pro;Asn45Asp],-1.5295338409295995,-1.7182631328714424,-1.4366674261105483,0.0453424122210361,-1.4779968,-15.0,-25.0,-1.3363629965408743
urn:mavedb:00000394-a-1#4647,c.[18C>T;21C>T;36T>C;42C>G;48C>T;66G>A;67T>C;69T>G;72C>T;120A>G;123T>C;129G>A;133A>C;134A>G;135C>T;141A>G;165G>A;171T>G;174A>G;177G>A;183A>G],NA,p.[Ser23Pro;Asn45Arg],-1.5638621429860788,-1.64892635834696,-1.5289706283922564,0.0219679981211125,-1.5790234,-1.935684686236812,-25.0,-1.2193761267711898
urn:mavedb:00000394-a-1#4648,c.[15A>G;21C>T;30G>C;42C>G;51C>T;57T>G;63G>C;67T>C;69T>A;72C>T;120A>G;123T>C;135C>A;141A>G;153A>G;171T>G;174A>G],NA,p.[Ser23Pro;Asn45Lys],-1.5785972761274225,-1.6136270077523058,-1.5483170833253606,0.0229859792341767,-1.5407214,-15.0,-25.0,-5.0
urn:mavedb:00000394-a-1#4649,c.[21C>T;36T>C;42C>G;66G>A;67T>C;69T>G;72C>T;120A>G;123T>C;126C>T;134A>C;141A>G;165G>A;171T>G;174A>G;177G>A],NA,p.[Ser23Pro;Asn45Thr],-1.4090534047172056,-1.4507690292035504,-1.3848474930466017,0.0342936642039477,-1.5701604,-0.4641868838304815,-0.6673494678948054,-0.3657610272754474
urn:mavedb:00000394-a-1#4650,c.[3C>T;6T>G;21C>T;36T>C;42C>G;48C>T;67T>C;69T>A;72C>T;120A>G;123T>C;133A>T;134A>C;135C>T;141A>G;165G>A;171T>G;174A>G;177G>A],NA,p.[Ser23Pro;Asn45Ser],-1.6009583798283749,-1.7190604504470428,-1.554714673789566,0.0347095556722787,-1.5812874,-15.0,-25.0,-1.6025401986701084
urn:mavedb:00000394-a-1#4651,c.[3C>T;6T>G;21C>T;36T>C;42C>G;48C>T;66G>A;67T>C;69T>G;72C>T;120A>G;123T>C;133A>G;134A>C;135C>G;141A>G;162G>C;165G>A;168G>A;177G>A],NA,p.[Ser23Pro;Asn45Ala],-1.481347399151378,-1.537847249228543,-1.3855530911487122,0.0470632206922996,-1.5828056,-0.7742364798328526,-1.2850990157747202,-0.3209905587665849
urn:mavedb:00000394-a-1#4652,c.[21C>T;36T>C;42C>G;67T>C;69T>A;72C>T;120A>G;133A>G;134A>G;135C>T;141A>G;165G>A;171T>G;174A>G;177G>A],NA,p.[Ser23Pro;Asn45Gly],-1.528111726419926,-1.5992933167629997,-1.4566290014566006,0.028495863786919,-1.5481534,-1.7705385956434878,-25.0,-0.8408756154927084
urn:mavedb:00000394-a-1#4653,c.[21C>T;36T>C;42C>G;48C>T;54G>A;66G>A;67T>C;69T>G;72C>T;108G>C;111G>C;120A>G;123T>C;134A>T;135C>G;138T>C;141A>G;165G>A;168G>A;177G>A],NA,p.[Ser23Pro;Asn45Met],-1.481837977925838,-1.5628942056386288,-1.442694341582627,0.0438595287211452,-1.58952,-0.7353832430552536,-1.601348197205732,-0.5281281047380023
urn:mavedb:00000394-a-1#4654,c.[6T>G;9G>A;12C>T;21C>T;36T>C;42C>G;57T>G;67T>C;69T>A;72C>T;75C>T;120A>G;123T>C;126C>T;133A>T;134A>G;135C>T;141A>G;165G>A;171T>G;174A>G;177G>A],NA,p.[Ser23Pro;Asn45Cys],-1.122605758501776,-1.15684932072723,-1.0784079611456618,0.042924605060765,-1.5580535,0.3165413778891656,0.2425449902664884,0.4072279508881357
urn:mavedb:00000394-a-1#4655,c.[21C>T;36T>C;42C>G;67T>C;69T>A;72C>T;114C>T;120A>G;133A>C;134A>T;135C>G;138T>C;141A>G;165G>A;168G>A;171T>G;177G>A;183A>G],NA,p.[Ser23Pro;Asn45Leu],-1.473637471075718,-1.5414089584607509,-1.4034548887138072,0.0244839888130499,-1.5592895,-0.8833939203661421,-1.838172253047772,-0.4872188248471013
urn:mavedb:00000394-a-1#4656,c.[3C>T;6T>G;21C>T;36T>C;42C>G;67T>C;69T>A;72C>T;120A>G;129G>A;133A>G;134A>T;135C>T;141A>G;174A>G],NA,p.[Ser23Pro;Asn45Val],-1.4637510967212586,-1.5711458399040266,-1.3802208309837645,0.0279773556455151,-1.553618,-0.852621945983978,-25.0,-0.412810464875725
urn:mavedb:00000394-a-1#4657,c.[9G>A;12C>T;21C>T;36T>C;42C>G;66G>A;67T>C;69T>G;72C>T;120A>G;134A>T;141A>G;174A>G],NA,p.[Ser23Pro;Asn45Ile],-1.4770634601381818,-1.5241114025858915,-1.4164089958288593,0.0355590858973351,-1.548984,-0.9941846724567288,-1.6420317585690622,-0.5973655816479037
urn:mavedb:00000394-a-1#4658,c.[6T>G;9G>A;12C>T;21C>T;36T>C;42C>G;48C>T;54G>A;67T>C;69T>A;72C>T;120A>G;123T>C;133A>T;134A>G;135C>G],NA,p.[Ser23Pro;Asn45Trp],-1.1752475057393332,-1.276141973592661,-1.1287309124478782,0.0376809433366711,-1.572886,0.2346210122699325,-0.0114077469465278,0.3348021581614304
urn:mavedb:00000394-a-1#4659,c.[21C>T;36T>C;42C>G;67T>C;69T>A;72C>T;84C>T;108G>C;114C>T;120A>G;123T>C;126C>T;133A>T;141A>G;144C>T;150C>T;165G>A;171T>G;174A>G;177G>A],NA,p.[Ser23Pro;Asn45Tyr],-1.20072689078728,-1.2733107108627402,-1.1278978319369417,0.0760301037222685,-1.5472522,0.115867776111588,-0.0746630716783942,0.2822166296370411
urn:mavedb:00000394-a-1#4660,c.[6T>G;9G>A;12C>T;15A>G;21C>T;36T>C;42C>G;48C>T;54G>A;60T>C;67T>C;69T>A;72C>T;123T>C;133A>T;134A>T;141A>G;165G>A;168G>A;174A>G],NA,p.[Ser23Pro;Asn45Phe],-1.4648892417254364,-1.5116266943095256,-1.4108891980267344,0.0371471943822488,-1.5601959,-0.814774177912392,-1.2378344530459278,-0.5166535125554266
urn:mavedb:00000394-a-1#4661,c.[6T>G;9G>A;21C>T;36T>C;42C>G;51C>T;54G>A;60T>C;66G>A;67T>C;69T>A;72C>T;123T>C;129G>A;133A>C;134A>C;135C>G;165G>A;168G>A;171T>G;174A>G;177G>A],NA,p.[Ser23Pro;Asn45Pro],-1.5705463999726554,-1.6601656717986473,-1.5047042333092175,0.0322220167469318,-1.5444379,-15.0,-25.0,-1.3602921144266746
urn:mavedb:00000394-a-1#4662,c.[6T>G;9G>A;21C>T;22G>C;24C>G;36T>C;42C>G;63G>C;69T>C;72C>T;78C>T;82G>C;84C>A;99G>C;108G>C;111G>C;120A>G;123T>C;126C>T;129G>A;141A>G;150C>T;165G>A;168G>A;174A>G],NA,p.[Asp8Gln;Asp28Gln],-1.3910986287862068,-1.5518516149400576,-1.2271043768243186,0.0853142563258991,-1.6136374,-0.2327941591951015,-1.0892307547971052,0.2096615242327043
urn:mavedb:00000394-a-1#4663,c.[3C>T;21C>T;22G>C;24C>G;36T>C;42C>G;48C>T;72C>T;75C>T;78C>T;84C>G;120A>G;123T>C;165G>A;168G>A;177G>A],NA,p.[Asp8Gln;Asp28Glu],-1.3955924328480829,-1.4882167713289,-1.276618965249652,0.0471159139941319,-1.5756102,-0.3863601732679169,-0.870520786551709,-0.0053613534309688
urn:mavedb:00000394-a-1#4664,c.[21C>T;22G>C;24C>G;42C>G;72C>T;75C>T;82G>A;120A>G;123T>C;126C>T;141A>G;165G>A;171T>G;174A>G;177G>A],NA,p.[Asp8Gln;Asp28Asn],-1.6537184340144833,-1.6915401678606978,-1.5997625954878547,0.0316577120242279,-1.602139,-15.0,-25.0,-3.019084169563142
urn:mavedb:00000394-a-1#4665,c.[9G>A;21C>T;22G>C;24C>G;36T>C;42C>G;48C>T;63G>C;82G>C;120A>G;123T>C;141A>G;174A>G],NA,p.[Asp8Gln;Asp28His],-1.4274212283811858,-1.4987016690074642,-1.2761639145591013,0.0584400319651882,-1.5961924,-0.4317933870411004,-0.800125139267859,0.0497784889467077
urn:mavedb:00000394-a-1#4666,c.[3C>T;6T>G;21C>T;22G>C;24C>G;36T>C;42C>G;78C>T;82G>C;83A>G;84C>T;120A>G;141A>G;165G>A;171T>G;174A>G;177G>A;198G>T],NA,p.[Asp8Gln;Asp28Arg],-1.523118938217187,-1.628133626658283,-1.406752662610725,0.0473694452991393,-1.7135124,-0.3464580361972016,-0.8854541525658041,0.0152763861299191
urn:mavedb:00000394-a-1#4667,c.[12C>T;21C>T;22G>C;24C>G;42C>G;51C>T;72C>T;75C>T;82G>A;84C>A;105C>T;120A>G;123T>C;141A>G;147G>C;165G>A;168G>A;177G>A],NA,p.[Asp8Gln;Asp28Lys],-1.6385228768677351,-1.7057703890461156,-1.5379082059420228,0.0380705652265838,-1.6470375,-2.274786824326056,-25.0,-0.7266405729656746
urn:mavedb:00000394-a-1#4668,c.[21C>T;22G>C;24C>G;36T>C;42C>G;54G>A;72C>T;75C>T;82G>A;83A>C;120A>G;123T>C;126C>T;129G>A;141A>G;171T>G;174A>G;177G>A],NA,p.[Asp8Gln;Asp28Thr],-1.525461905522665,-1.5948474726177253,-1.4886450456964366,0.0370509421006799,-1.6209078,-0.8138392698305126,-1.6141836326063392,-0.5989631083648042
urn:mavedb:00000394-a-1#4669,c.[6T>G;9G>A;12C>T;21C>T;22G>C;24C>G;36T>C;42C>G;51C>T;54G>A;57T>G;82G>T;83A>C;84C>T;120A>G;123T>C;141A>G;165G>A;171T>G;174A>G;177G>A;207T>C],NA,p.[Asp8Gln;Asp28Ser],-1.4305075982730755,-1.4924077547473809,-1.346805382227276,0.047807085507317,-1.6253009,-0.3300397228584331,-0.5957634648714903,-0.0617544380393748
urn:mavedb:00000394-a-1#4670,c.[3C>T;6T>G;21C>T;22G>C;24C>G;36T>C;42C>G;48C>T;54G>A;69T>C;72C>T;83A>C;84C>G;114C>T;120A>G;123T>C;141A>G;165G>A;171T>G;174A>G;177G>A],NA,p.[Asp8Gln;Asp28Ala],-1.4729789341261563,-1.5180659902708709,-1.434053377236105,0.0435034449952314,-1.6371255,-0.4511998363598016,-0.6692049373316599,-0.2999506529681929
urn:mavedb:00000394-a-1#4671,c.[3C>T;6T>G;15A>G;21C>T;22G>C;24C>G;51C>T;83A>G;84C>T;120A>G;123T>C;141A>G;165G>A;168G>A;174A>G],NA,p.[Asp8Gln;Asp28Gly],-1.644231842990021,-1.7485119313905777,-1.4709808622331306,0.0574338969435302,-1.6167145,-15.0,-25.0,-0.5332322233091409
urn:mavedb:00000394-a-1#4672,c.[6T>G;9G>A;15A>G;21C>T;22G>C;24C>G;36T>C;42C>G;72C>T;75C>T;78C>T;82G>A;83A>T;84C>G;120A>G;141A>G;165G>A;171T>G;174A>G;207T>C],NA,p.[Asp8Gln;Asp28Met],-1.3187195524722632,-1.385199119806373,-1.2637967313295972,0.0434147512491896,-1.6563492,0.0940447186403375,-0.0826833300032266,0.2232278557452395
urn:mavedb:00000394-a-1#4673,c.[6T>G;9G>A;15A>G;21C>T;22G>C;24C>G;27G>A;36T>C;42C>G;54G>A;72C>T;75C>T;82G>T;83A>G;120A>G;141A>G;171T>G;174A>G;177G>A],NA,p.[Asp8Gln;Asp28Cys],-0.7918302183192214,-0.8737507982005773,-0.7472538986074873,0.0524942956195782,-1.6360364,1.038126949539102,0.9081985569997086,1.1070667844421662
urn:mavedb:00000394-a-1#4674,c.[21C>T;22G>C;24C>G;36T>C;42C>G;72C>T;75C>T;82G>C;83A>T;84C>G;87T>C;96C>T;108G>C;120A>G;123T>C;126C>T;141A>G;165G>A;171T>G;174A>G;177G>A;186A>G],NA,p.[Asp8Gln;Asp28Leu],-1.0228770410610102,-1.083941043540802,-0.9806622352198048,0.0514626207101348,-1.6421542,0.667828974440728,0.5578779484302524,0.7409723840126327
urn:mavedb:00000394-a-1#4675,c.[3C>T;6T>G;9G>A;12C>T;21C>T;22G>C;24C>G;36T>C;42C>G;48C>T;69T>C;72C>T;83A>T;84C>T;111G>C;114C>T;120A>G;123T>C;132C>T;141A>G;165G>A;168G>A;177G>A;180G>C],NA,p.[Asp8Gln;Asp28Val],-1.2814326950857842,-1.3244748619546414,-1.2205681662650634,0.0530692044110786,-1.6278486,0.1155823677362493,0.0063302247531154,0.2559237688639408
urn:mavedb:00000394-a-1#4676,c.[21C>T;22G>C;24C>G;36T>C;42C>G;51C>T;60T>C;78C>T;82G>A;83A>T;96C>T;120A>G;123T>C;141A>G],NA,p.[Asp8Gln;Asp28Ile],-0.6135909361161889,-0.6808637763623602,-0.5616233059765786,0.0739443649206162,-1.6371622,1.3097108849011163,1.2095466301029127,1.385974148041978
urn:mavedb:00000394-a-1#4677,c.[3C>T;12C>T;21C>T;22G>C;24C>G;36T>C;42C>G;82G>T;83A>G;84C>G;120A>G;123T>C;126C>T;141A>G;165G>A;171T>G;174A>G;177G>A],NA,p.[Asp8Gln;Asp28Trp],-0.8597527014679485,-0.938120139848628,-0.7777830951904912,0.0582452736338202,-1.6651583,0.9771388769291734,0.8507518509634503,1.1048857097464575
urn:mavedb:00000394-a-1#4678,c.[21C>T;22G>C;24C>G;36T>C;42C>G;48C>T;54G>A;69T>C;75C>T;82G>T;120A>G;123T>C;141A>G;162G>C;165G>A;171T>G;177G>A;180G>C],NA,p.[Asp8Gln;Asp28Tyr],-1.1890902293309122,-1.219530543519412,-1.0728392204266104,0.0394733088573885,-1.6444912,0.3580700933457829,0.2942339507357495,0.5825463054732785
urn:mavedb:00000394-a-1#4679,c.[3C>T;21C>T;22G>C;24C>G;36T>C;42C>G;48C>T;75C>T;82G>T;83A>T;120A>G;123T>C;129G>A;141A>G;165G>A;171T>G;174A>G;177G>A;198G>T;207T>C],NA,p.[Asp8Gln;Asp28Phe],-0.7608332784693199,-0.837626375728743,-0.674432134419329,0.0575760040278945,-1.6584854,1.1206389010740891,1.0015406183409012,1.2510663580331418
urn:mavedb:00000394-a-1#4680,c.[3C>T;6T>G;12C>T;21C>T;22G>C;24C>G;36T>C;42C>G;51C>T;78C>T;82G>C;83A>C;84C>G;120A>G;123T>C;141A>G;165G>A;171T>G;174A>G;177G>A],NA,p.[Asp8Gln;Asp28Pro],-1.671340403550183,-1.729940822594296,-1.6176300548514546,0.0287951543920736,-1.6115203,-15.0,-25.0,-5.0
urn:mavedb:00000394-a-1#4681,c.[3C>T;21C>T;24C>A;30G>C;36T>C;42C>G;51C>T;54G>A;72C>T;75C>T;82G>C;84C>A;120A>G;123T>C;141A>G;171T>G;177G>A],NA,p.[Asp8Glu;Asp28Gln],-1.6160880602107346,-1.677479088031477,-1.5121500556940373,0.0332175125933937,-1.5944543,-15.0,-25.0,-0.9088313693198126
urn:mavedb:00000394-a-1#4682,c.[21C>T;24C>A;36T>C;39C>T;42C>G;84C>A;87T>C;120A>G;129G>A;141A>G;165G>A;171T>G;174A>G;177G>A;192C>T],NA,p.[Asp8Glu;Asp28Glu],-1.3279156651320063,-1.3661175630346758,-1.2918953057251388,0.0339061495624121,-1.5549569,-0.2179001753619004,-0.3523009226165099,-0.1061813604685507
urn:mavedb:00000394-a-1#4683,c.[12C>T;24C>A;36T>C;42C>G;51C>T;72C>T;75C>T;82G>A;123T>C;141A>G;165G>A;171T>G;174A>G;177G>A],NA,p.[Asp8Glu;Asp28Asn],-1.5759946457596166,-1.6243183577686735,-1.5240569836982438,0.0400302630993048,-1.5824833,-2.433740373752213,-25.0,-1.123948374497377
urn:mavedb:00000394-a-1#4684,c.[21C>T;24C>A;36T>C;42C>G;48C>T;69T>C;72C>T;75C>T;82G>C;120A>G;123T>C;162G>C;165G>A;168G>A;177G>A],NA,p.[Asp8Glu;Asp28His],-1.5035035674057535,-1.5603661721740192,-1.3861353121810993,0.0360991674908912,-1.5763016,-0.9865523959050616,-1.906279373273376,-0.3472928365090372
urn:mavedb:00000394-a-1#4685,c.[3C>T;6T>G;21C>T;24C>A;36T>C;42C>G;54G>A;82G>C;83A>G;84C>T;99G>C;120A>G;132C>T;135C>T;138T>C;141A>G;165G>A;171T>G;174A>G;177G>A;198G>T;207T>C],NA,p.[Asp8Glu;Asp28Arg],-1.44976766588475,-1.5266772720557151,-1.360405429189801,0.0447339538699543,-1.699853,-0.1450629380371014,-0.4137311939220972,0.098521271213253
urn:mavedb:00000394-a-1#4686,c.[3C>T;6T>G;21C>T;24C>A;36T>C;42C>G;72C>T;75C>T;78C>T;82G>A;84C>A;120A>G;141A>G;171T>G;174A>G],NA,p.[Asp8Glu;Asp28Lys],-1.6117904460428885,-1.6916348372374328,-1.5363097841721225,0.0420172714269091,-1.629396,-1.8473542255049888,-25.0,-0.8299926350968727
urn:mavedb:00000394-a-1#4687,c.[3C>T;6T>G;15A>G;21C>T;24C>A;36T>C;42C>G;72C>T;75C>T;82G>A;83A>C;120A>G;123T>C;126C>T;141A>G;165G>A;171T>G],NA,p.[Asp8Glu;Asp28Thr],-1.5963885309430552,-1.6701600764433329,-1.5289830054331368,0.0289687804570143,-1.6020379,-2.51464088910898,-25.0,-0.9843364759086678
urn:mavedb:00000394-a-1#4688,c.[3C>T;6T>G;21C>T;24C>A;36T>C;42C>G;72C>T;75C>T;82G>T;83A>C;84C>T;120A>G;123T>C;126C>T;135C>T;141A>G;165G>A;168G>A;177G>A],NA,p.[Asp8Glu;Asp28Ser],-1.6091754797052258,-1.6499347510900586,-1.5012466181190367,0.0377763479021482,-1.6066265,-15.0,-25.0,-0.7495202463521558
urn:mavedb:00000394-a-1#4689,c.[3C>T;21C>T;24C>A;42C>G;48C>T;60T>C;83A>C;84C>T;99G>C;120A>G;123T>C;135C>T;141A>G;162G>C;165G>A;168G>A;171T>G;174A>G;177G>A;180G>C],NA,p.[Asp8Glu;Asp28Ala],-1.501810970810174,-1.5713218491907297,-1.4541950724322827,0.0339457052740165,-1.618999,-0.6796984325789206,-1.249200087440222,-0.4484124128855426
urn:mavedb:00000394-a-1#4690,c.[6T>G;9G>A;21C>T;24C>A;36T>C;60T>C;69T>C;83A>G;84C>T;120A>G;123T>C;126C>T;141A>G;174A>G;207T>C],NA,p.[Asp8Glu;Asp28Gly],-1.7264318214688772,-1.779047783453462,-1.6667215996588298,0.0292863032715195,-1.5976624,-15.0,-25.0,-5.0
urn:mavedb:00000394-a-1#4691,c.[3C>T;6T>G;15A>G;21C>T;24C>A;27G>A;36T>C;42C>G;51C>T;72C>T;75C>T;78C>T;82G>A;83A>T;84C>G;120A>G;123T>C;141A>G;165G>A;171T>G;174A>G;177G>A;207T>C],NA,p.[Asp8Glu;Asp28Met],-1.1788587652914757,-1.2276277149952686,-1.123918294013438,0.0806254272238738,-1.6391869,0.3681722594276202,0.2652830270325769,0.4769964905407987
urn:mavedb:00000394-a-1#4692,c.[21C>T;24C>A;36T>C;42C>G;51C>T;82G>T;83A>G;84C>T;120A>G;123T>C;141A>G;168G>A;177G>A;183A>G;207T>C],NA,p.[Asp8Glu;Asp28Cys],-0.7177334633550705,-0.7407155171479737,-0.6741263464437147,0.0400810184303218,-1.6178579,1.1244508170564846,1.0891843079417118,1.1906484668380364
urn:mavedb:00000394-a-1#4693,c.[9G>A;12C>T;21C>T;24C>A;36T>C;42C>G;51C>T;72C>T;75C>T;82G>C;83A>T;84C>G;90T>C;96C>T;120A>G;123T>C;135C>T;141A>G;165G>A;168G>A;177G>A;180G>C;198G>T],NA,p.[Asp8Glu;Asp28Leu],-0.9961656747856854,-1.0711302000561496,-0.9494894928577542,0.0468178631964603,-1.6242709,0.683309447749234,0.5484974880186801,0.7635878104146343
urn:mavedb:00000394-a-1#4694,c.[21C>T;24C>A;36T>C;42C>G;48C>T;72C>T;75C>T;83A>T;84C>T;120A>G;123T>C;141A>G;171T>G;177G>A;180G>C;183A>G;207T>C],NA,p.[Asp8Glu;Asp28Val],-1.185897896199263,-1.24555957557079,-1.1062562440153676,0.0434980302341221,-1.6092892,0.2908811237853128,0.1569969691839827,0.4533319122007607
urn:mavedb:00000394-a-1#4695,c.[6T>G;9G>A;12C>T;21C>T;24C>A;30G>C;36T>C;42C>G;48C>T;78C>T;82G>A;83A>T;84C>T;102T>C;120A>G;123T>C;129G>A;141A>G;165G>A;168G>A;174A>G],NA,p.[Asp8Glu;Asp28Ile],-0.7485954077301775,-0.7899192240495546,-0.7011011447905703,0.0625074132239159,-1.6190367,1.0788475223579073,1.0145414273402031,1.1515970732050935
urn:mavedb:00000394-a-1#4696,c.[21C>T;24C>A;36T>C;42C>G;48C>T;75C>T;82G>T;83A>G;84C>G;120A>G;123T>C;141A>G;168G>A;177G>A],NA,p.[Asp8Glu;Asp28Trp],-0.909993318556448,-0.9408477138426876,-0.8822099770736649,0.0475889049164724,-1.6484709,0.86951207807366,0.8186707181040118,0.9146063210482586
urn:mavedb:00000394-a-1#4697,c.[21C>T;24C>A;36T>C;42C>G;48C>T;69T>C;72C>T;82G>T;111G>C;120A>G;123T>C;135C>T;141A>G;168G>A;171T>G;177G>A],NA,p.[Asp8Glu;Asp28Tyr],-0.9798944401223868,-1.0688922404099168,-0.9357737239049652,0.06031033539742,-1.6267233,0.7158102765410801,0.5571777968212753,0.7908431208704834
urn:mavedb:00000394-a-1#4698,c.[3C>T;6T>G;21C>T;24C>A;36T>C;42C>G;72C>T;75C>T;82G>T;83A>T;105C>T;108G>C;120A>G;141A>G;168G>A;177G>A],NA,p.[Asp8Glu;Asp28Phe],-0.8943611899951306,-0.9299422968095988,-0.8612926678368841,0.0640910399888366,-1.6414356,0.8835355709679298,0.8250980763222489,0.9369168778853084
urn:mavedb:00000394-a-1#4699,c.[6T>G;9G>A;12C>T;21C>T;24C>A;42C>G;51C>T;82G>C;83A>C;84C>G;120A>G;123T>C;141A>G;171T>G;174A>G],NA,p.[Asp8Glu;Asp28Pro],-1.476709982378765,-1.5659541340656102,-1.3241277229984016,0.0556321015487116,-1.5922484,-0.6890681038237848,-1.6088393251923263,-0.0914192678467193
urn:mavedb:00000394-a-1#4700,c.[6T>G;9G>A;21C>T;22G>A;36T>C;42C>G;48C>T;57T>G;60T>C;72C>T;75C>T;82G>C;84C>G;120A>G;123T>C;141A>G;153A>G;162G>C;165G>A;171T>G;174A>G;177G>A],NA,p.[Asp8Asn;Asp28Gln],-1.533778173695775,-1.5866974843568549,-1.5060263152142994,0.0241655182176459,-1.6091375,-0.9647416880286462,-1.7033723547076394,-0.7637193954372457
urn:mavedb:00000394-a-1#4701,c.[6T>G;9G>A;12C>T;21C>T;22G>A;36T>C;42C>G;48C>T;63G>C;69T>C;72C>T;84C>G;120A>G;123T>C;141A>G;165G>A;171T>G;174A>G;180G>C],NA,p.[Asp8Asn;Asp28Glu],-1.210320046892924,-1.3258160379986803,-1.1474564787423165,0.0637376113664967,-1.5707526,0.1492202695016458,-0.16087004555203,0.2906880615626899
urn:mavedb:00000394-a-1#4702,c.[6T>G;9G>A;15A>G;21C>T;22G>A;36T>C;42C>G;48C>T;69T>C;72C>T;75C>T;82G>A;120A>G;123T>C;141A>G;174A>G;180G>C;207T>C],NA,p.[Asp8Asn;Asp28Asn],-1.603889071054848,-1.6637978943611291,-1.544823817950244,0.0383223598123305,-1.5975242,-15.0,-25.0,-1.1876792833882628
urn:mavedb:00000394-a-1#4703,c.[21C>T;22G>A;36T>C;42C>G;48C>T;82G>C;120A>G;123T>C;141A>G;165G>A;168G>A;177G>A],NA,p.[Asp8Asn;Asp28His],-1.433192266600361,-1.504218699658626,-1.3584636076730878,0.0336761616572287,-1.5915203,-0.4762516943208066,-0.8711960683469259,-0.1983691858936605
urn:mavedb:00000394-a-1#4704,c.[3C>T;18C>T;21C>T;22G>A;36T>C;42C>G;51C>T;72C>T;75C>T;78C>T;82G>C;83A>G;84C>T;120A>G;123T>C;141A>G;165G>A;171T>G;177G>A;180G>C;186A>G],NA,p.[Asp8Asn;Asp28Arg],-1.635859418886655,-1.704078927221078,-1.576430439807839,0.0428984271137244,-1.7103405,-0.9721553044779808,-2.454566592421461,-0.5906387570526209
urn:mavedb:00000394-a-1#4705,c.[21C>T;22G>A;36T>C;42C>G;51C>T;57T>G;60T>C;78C>T;82G>A;84C>A;111G>C;123T>C;141A>G;168G>A;171T>G;174A>G;177G>A;180G>C],NA,p.[Asp8Asn;Asp28Lys],-1.54753230797888,-1.580272765904491,-1.4725975051837077,0.039540958002786,-1.6429114,-0.8142943030003884,-1.0806997588655587,-0.4254255037366574
urn:mavedb:00000394-a-1#4706,c.[15A>G;21C>T;22G>A;36T>C;42C>G;48C>T;75C>T;82G>A;83A>C;84C>T;108G>C;120A>G;123T>C;141A>G;165G>A;171T>G;174A>G;177G>A;207T>C],NA,p.[Asp8Asn;Asp28Thr],-1.4033086823649947,-1.443632316664443,-1.361746575693322,0.0382681001964966,-1.6164837,-0.2645023875892461,-0.4150379354733969,-0.1309535062091005
urn:mavedb:00000394-a-1#4707,c.[6T>G;9G>A;12C>T;21C>T;22G>A;36T>C;42C>G;78C>T;82G>T;83A>C;84C>T;120A>G;129G>A;141A>G;165G>A;171T>G;174A>G],NA,p.[Asp8Asn;Asp28Ser],-1.4914185476235746,-1.537498616858668,-1.4303536027708874,0.0351300646094789,-1.6209245,-0.6131135893419521,-0.9002109486999297,-0.3457775495166813
urn:mavedb:00000394-a-1#4708,c.[12C>T;21C>T;22G>A;36T>C;42C>G;48C>T;63G>C;72C>T;75C>T;83A>C;84C>G;123T>C;141A>G;165G>A;171T>G;174A>G;177G>A],NA,p.[Asp8Asn;Asp28Ala],-1.4569342508550327,-1.49056427691467,-1.367129089094926,0.0293630255102949,-1.6328812,-0.4025396845371922,-0.5494023374197294,-0.0983165451307084
urn:mavedb:00000394-a-1#4709,c.[21C>T;22G>A;36T>C;42C>G;69T>C;72C>T;83A>G;84C>T;120A>G;123T>C;126C>T;141A>G;165G>A;171T>G;174A>G;177G>A],NA,p.[Asp8Asn;Asp28Gly],-1.6915435844219828,-1.763997722522024,-1.575984767228078,0.0332567945638613,-1.6122465,-15.0,-25.0,-1.4156857866548314
urn:mavedb:00000394-a-1#4710,c.[3C>T;6T>G;21C>T;22G>A;36T>C;42C>G;72C>T;75C>T;78C>T;82G>A;83A>T;84C>G;87T>C;120A>G;141A>G;180G>C],NA,p.[Asp8Asn;Asp28Met],-0.9903218028278338,-1.0552919105717542,-0.8987961741944114,0.0579408718562602,-1.652338,0.7418633274892837,0.6284112627837792,0.8940369918528339
urn:mavedb:00000394-a-1#4711,c.[21C>T;22G>A;36T>C;42C>G;48C>T;82G>T;83A>G;123T>C;141A>G;171T>G;174A>G;177G>A;180G>C],NA,p.[Asp8Asn;Asp28Cys],-0.6843504147501844,-0.7428413548478495,-0.6592251790529036,0.0535953872049355,-1.6317806,1.1962104145248402,1.107310517602153,1.233920946719277
urn:mavedb:00000394-a-1#4712,c.[6T>G;9G>A;12C>T;21C>T;22G>A;36T>C;42C>G;48C>T;54G>A;72C>T;75C>T;78C>T;82G>C;83A>T;84C>G;120A>G;123T>C;129G>A;141A>G;162G>C;165G>A;171T>G;174A>G;177G>A;207T>C],NA,p.[Asp8Asn;Asp28Leu],-0.7846671948618811,-0.8668095786615918,-0.7398030807965169,0.0627401928837894,-1.63797,1.052285448372804,0.9225016152827475,1.1214417709663065
urn:mavedb:00000394-a-1#4713,c.[6T>G;9G>A;12C>T;21C>T;22G>A;36T>C;42C>G;48C>T;83A>T;84C>T;120A>G;123T>C;141A>G;165G>A;168G>A;171T>G;174A>G;177G>A],NA,p.[Asp8Asn;Asp28Val],-1.0791852360798346,-1.1460312837821442,-1.04348211560258,0.0601215564389982,-1.6235003,0.5320632863906064,0.4028529308620938,0.5977703644866914
urn:mavedb:00000394-a-1#4714,c.[9G>A;12C>T;15A>G;21C>T;22G>A;42C>G;60T>C;78C>T;82G>A;83A>T;84C>T;120A>G;123T>C;126C>T;132C>T;138T>C;141A>G;165G>A;171T>G;174A>G;177G>A;183A>G;189G>A],NA,p.[Asp8Asn;Asp28Ile],-0.6501491144360714,-0.700660410279591,-0.6121838927961331,0.0629440511025682,-1.6329188,1.2491757292661445,1.1733051141442417,1.3055266263994372
urn:mavedb:00000394-a-1#4715,c.[12C>T;21C>T;22G>A;30G>C;36T>C;42C>G;75C>T;78C>T;82G>T;83A>G;84C>G;123T>C;126C>T;141A>G;165G>A;171T>G;174A>G;177G>A;180G>C;183A>G;207T>C],NA,p.[Asp8Asn;Asp28Trp],-0.7533670210507308,-0.80450955541072,-0.7046129369794845,0.0595320907830925,-1.6612625,1.136280396478987,1.0576274213950425,1.21005349197193
urn:mavedb:00000394-a-1#4716,c.[21C>T;22G>A;36T>C;42C>G;82G>T;120A>G;123T>C;126C>T;129G>A;141A>G;168G>A;171T>G;174A>G;177G>A;180G>C],NA,p.[Asp8Asn;Asp28Tyr],-1.1613783841384284,-1.243493383488944,-1.0528521338771564,0.0486489576379419,-1.6403346,0.4058238788421145,0.2328266755267008,0.6112518707778113
urn:mavedb:00000394-a-1#4717,c.[21C>T;22G>A;36T>C;42C>G;48C>T;82G>T;83A>T;120A>G;123T>C;129G>A;141A>G;165G>A;171T>G;174A>G;177G>A],NA,p.[Asp8Asn;Asp28Phe],-0.8014167347227321,-0.8904106355764967,-0.7452780683116387,0.0679902834825444,-1.6545014,1.0519352127817927,0.911102699950978,1.1383095492614688
urn:mavedb:00000394-a-1#4718,c.[3C>T;6T>G;21C>T;22G>A;36T>C;42C>G;48C>T;54G>A;57T>G;69T>C;72C>T;75C>T;82G>C;83A>C;84C>G;87T>C;120A>G;123T>C;126C>T;135C>T;141A>G;165G>A;171T>G;174A>G;177G>A;195G>A],NA,p.[Asp8Asn;Asp28Pro],-1.5448783645375088,-1.624607410401673,-1.505631143856353,0.0251557087410408,-1.6069984,-1.0858721783512046,-25.0,-0.7748229935660624
urn:mavedb:00000394-a-1#4719,c.[18C>T;21C>T;22G>C;36T>C;42C>G;51C>T;63G>C;72C>T;75C>T;82G>C;84C>G;93C>T;120A>G;123T>C;129G>A;141A>G;153A>G;165G>A;171T>G],NA,p.[Asp8His;Asp28Gln],-1.4992197572678077,-1.584914904017298,-1.4209863038008277,0.0461365563806845,-1.6078949,-0.7293702987623703,-1.689217019761891,-0.3596527990998396
urn:mavedb:00000394-a-1#4720,c.[6T>G;9G>A;12C>T;21C>T;22G>C;36T>C;42C>G;51C>T;84C>A;87T>C;108G>C;120A>G;141A>G;168G>A;177G>A;180G>C],NA,p.[Asp8His;Asp28Glu],-1.2669000576738867,-1.3013457473507226,-1.2080126188272755,0.0362282146862076,-1.5694122,0.0040512917337917,-0.0915718042483908,0.1515090658957636
urn:mavedb:00000394-a-1#4721,c.[12C>T;21C>T;22G>C;36T>C;42C>G;60T>C;66G>A;69T>C;72C>T;82G>A;102T>C;120A>G;141A>G;165G>A;171T>G;174A>G;177G>A;183A>G;207T>C],NA,p.[Asp8His;Asp28Asn],-1.3356140535833008,-1.4473466129146568,-1.247127063501782,0.0591499999140321,-1.5962496,-0.1133459202038781,-0.5185146265001163,0.1221503487043879
urn:mavedb:00000394-a-1#4722,c.[3C>T;6T>G;21C>T;22G>C;36T>C;42C>G;72C>T;75C>T;82G>C;120A>G;123T>C;126C>T;141A>G;174A>G],NA,p.[Asp8His;Asp28His],-1.4385740704521122,-1.5163165681891944,-1.355471722760817,0.0365371036991421,-1.590231,-0.5059394638621925,-0.9769605002226888,-0.1929084044401859
urn:mavedb:00000394-a-1#4723,c.[3C>T;6T>G;18C>T;21C>T;22G>C;36T>C;42C>G;54G>A;60T>C;66G>A;82G>C;83A>G;84C>T;120A>G;126C>T;141A>G;174A>G;207T>C],NA,p.[Asp8His;Asp28Arg],-1.5898431353834503,-1.628717090719122,-1.5168210528884545,0.0362267140580084,-1.7094612,-0.6661087339244377,-0.921018848352321,-0.3380430396463312
urn:mavedb:00000394-a-1#4724,c.[21C>T;22G>C;36T>C;54G>A;69T>C;72C>T;82G>A;84C>A;123T>C;126C>T;141A>G;177G>A;180G>C],NA,p.[Asp8His;Asp28Lys],-1.5758152045801608,-1.604843332718725,-1.5401566552523465,0.0299976878235845,-1.6417699,-1.0485105652948172,-1.4047011374590597,-0.7732509337586454
urn:mavedb:00000394-a-1#4725,c.[12C>T;21C>T;22G>C;36T>C;42C>G;78C>T;82G>A;83A>C;87T>C;102T>C;105C>T;114C>T;120A>G;123T>C;126C>T;129G>A;141A>G;144C>T;150C>T;165G>A;168G>A;177G>A;180G>C;207T>C],NA,p.[Asp8His;Asp28Thr],-1.2944702839895723,-1.3974332114442345,-1.252893432528691,0.050153117329803,-1.6152616,0.0517267954556306,-0.2486136423148605,0.1537858602080846
urn:mavedb:00000394-a-1#4726,c.[9G>A;12C>T;21C>T;22G>C;36T>C;42C>G;72C>T;75C>T;82G>T;83A>C;84C>T;120A>G;123T>C;126C>T;141A>G;174A>G],NA,p.[Asp8His;Asp28Ser],-1.4564583728817162,-1.5086558096632063,-1.372707083461356,0.0455216538980145,-1.6197152,-0.4549811808244526,-0.7151252422596576,-0.1544810185250181
urn:mavedb:00000394-a-1#4727,c.[9G>A;15A>G;21C>T;22G>C;36T>C;42C>G;69T>C;83A>C;84C>G;120A>G;123T>C;126C>T;129G>A;141A>G;174A>G],NA,p.[Asp8His;Asp28Ala],-1.4023945998286258,-1.425054528196943,-1.351464483840519,0.019486778980344,-1.6317086,-0.2104866938527823,-0.2872287174147743,-0.0568330851100514
urn:mavedb:00000394-a-1#4728,c.[9G>A;15A>G;21C>T;22G>C;36T>C;42C>G;51C>T;54G>A;83A>G;84C>T;120A>G;123T>C;141A>G;165G>A;168G>A;174A>G;198G>T],NA,p.[Asp8His;Asp28Gly],-1.514678289666617,-1.656305042112134,-1.457748688234376,0.0456906517942036,-1.6110125,-0.8078498109586107,-25.0,-0.49869363761003
urn:mavedb:00000394-a-1#4729,c.[21C>T;22G>C;36T>C;42C>G;63G>C;69T>C;78C>T;82G>A;83A>T;84C>G;87T>C;93C>T;114C>T;120A>G;123T>C;126C>T;129G>A;141A>G;171T>G;177G>A;195G>A],NA,p.[Asp8His;Asp28Met],-1.0865350215786824,-1.1266071107524678,-1.0038800599241178,0.0463990164167336,-1.6512289,0.5698068681075167,0.4948924311915686,0.7166964311596111
urn:mavedb:00000394-a-1#4730,c.[21C>T;22G>C;36T>C;42C>G;48C>T;54G>A;69T>C;72C>T;82G>T;83A>G;120A>G;123T>C;141A>G;162G>C;165G>A;171T>G;174A>G;177G>A],NA,p.[Asp8His;Asp28Cys],-0.6383618673759119,-0.6678239728218317,-0.5711069112820346,0.0487275102399976,-1.6306038,1.2632885560285203,1.2192814749785197,1.362533410499025
urn:mavedb:00000394-a-1#4731,c.[21C>T;22G>C;36T>C;42C>G;82G>C;83A>T;120A>G;123T>C;126C>T;129G>A;141A>G;165G>A;168G>A;177G>A;180G>C],NA,p.[Asp8His;Asp28Leu],-0.929316752569869,-0.9602324541570272,-0.8829163519196708,0.0465935232716983,-1.6368127,0.8184650011087109,0.766627645251696,0.8946204282773234
urn:mavedb:00000394-a-1#4732,c.[9G>A;21C>T;22G>C;36T>C;42C>G;54G>A;57T>G;60T>C;72C>T;75C>T;83A>T;84C>T;120A>G;141A>G;171T>G;174A>G;177G>A],NA,p.[Asp8His;Asp28Val],-1.1057621584989683,-1.1743791563672514,-1.0488308743007502,0.0614527517487478,-1.6222987,0.4794383228928401,0.3426202654823772,0.5858661122984574
urn:mavedb:00000394-a-1#4733,c.[6T>G;9G>A;15A>G;21C>T;22G>C;36T>C;42C>G;51C>T;57T>G;66G>A;78C>T;82G>A;83A>T;84C>T;114C>T;120A>G;123T>C;129G>A;141A>G;165G>A;171T>G;174A>G;198G>T],NA,p.[Asp8His;Asp28Ile],-0.9435207259560654,-1.0214937201387828,-0.9005286776825498,0.052530155994016,-1.6317463,0.786267014589244,0.6519125816787655,0.8576329916510538
urn:mavedb:00000394-a-1#4734,c.[3C>T;6T>G;21C>T;22G>C;36T>C;42C>G;51C>T;54G>A;72C>T;75C>T;82G>T;83A>G;84C>G;105C>T;120A>G;123T>C;129G>A;132C>T;165G>A;171T>G;174A>G],NA,p.[Asp8His;Asp28Trp],-0.6858275722975358,-0.7671265610717428,-0.6525558543850843,0.0489309679129972,-1.6601839,1.2365882375087796,1.1136033179031473,1.2861067978259129
urn:mavedb:00000394-a-1#4735,c.[21C>T;22G>C;42C>G;75C>T;82G>T;84C>T;120A>G;129G>A;135C>T;141A>G;165G>A;171T>G;174A>G;177G>A],NA,p.[Asp8His;Asp28Tyr],-0.9885767706639392,-1.0431901067924807,-0.8576149704665859,0.0760101773472092,-1.639185,0.722315269643376,0.6265359539267742,0.9392032540697692
urn:mavedb:00000394-a-1#4736,c.[21C>T;22G>C;36T>C;42C>G;82G>T;83A>T;120A>G;123T>C;126C>T;141A>G;153A>G;165G>A;171T>G;174A>G;177G>A],NA,p.[Asp8His;Asp28Phe],-0.8122275971512998,-0.8482008545236128,-0.7570304381531165,0.0426620168579713,-1.6534,1.03338208666125,0.9768188092931098,1.118680198783374
urn:mavedb:00000394-a-1#4737,c.[3C>T;6T>G;21C>T;22G>C;36T>C;42C>G;82G>C;83A>C;84C>G;123T>C;126C>T;141A>G;165G>A;171T>G;174A>G;177G>A],NA,p.[Asp8His;Asp28Pro],-1.4540056604572151,-1.5748207767541096,-1.3552739917733496,0.0437396838119471,-1.6057506,-0.5055431236997198,-1.5115363650594342,-0.143854142260263
urn:mavedb:00000394-a-1#4738,c.[3C>T;6T>G;21C>T;22G>C;23A>G;36T>C;42C>G;54G>A;82G>C;84C>G;87T>C;141A>G;165G>A;171T>G;174A>G;177G>A],NA,p.[Asp8Arg;Asp28Gln],-1.5276009945017872,-1.56537087446415,-1.441610425893893,0.0442697431604266,-1.6319146,-0.7561628461965334,-1.0429491714884414,-0.3467827079508094
urn:mavedb:00000394-a-1#4739,c.[15A>G;21C>T;22G>C;23A>G;24C>T;36T>C;42C>G;51C>T;84C>A;87T>C;102T>C;120A>G;123T>C;129G>A;165G>A;171T>G;174A>G;177G>A;186A>G;207T>C],NA,p.[Asp8Arg;Asp28Glu],-1.3336614775752529,-1.4152230678258146,-1.247445836335916,0.0409040438614128,-1.5954275,-0.1100052058266837,-0.3856290919402007,0.1193891858552961
urn:mavedb:00000394-a-1#4740,c.[6T>G;9G>A;15A>G;21C>T;22G>C;23A>G;24C>T;30G>C;36T>C;42C>G;48C>T;63G>C;72C>T;75C>T;82G>A;120A>G;123T>C;129G>A;141A>G;165G>A;171T>G;177G>A;207T>C],NA,p.[Asp8Arg;Asp28Asn],-1.451993695765792,-1.5269227949082578,-1.3940436467792547,0.0389194241216178,-1.6209111,-0.4311908740224456,-0.8237738313251977,-0.2184825688684111
urn:mavedb:00000394-a-1#4741,c.[3C>T;6T>G;15A>G;21C>T;22G>C;23A>G;24C>T;36T>C;42C>G;51C>T;82G>C;87T>C;120A>G;123T>C;141A>G;177G>A],NA,p.[Asp8Arg;Asp28His],-1.4515060656344994,-1.5499991587559123,-1.4027699593945753,0.0383578669623678,-1.6152096,-0.4530786442143256,-1.0555991762470731,-0.267037538701041
urn:mavedb:00000394-a-1#4742,c.[3C>T;6T>G;9G>A;21C>T;22G>C;23A>G;24C>T;36T>C;42C>G;63G>C;72C>T;75C>T;82G>C;83A>G;84C>T;120A>G;123T>C;126C>T;141A>G;165G>A;168G>A;171T>G;174A>G;180G>C],NA,p.[Asp8Arg;Asp28Arg],-1.4768277723090582,-1.5536158718517232,-1.3893773342336997,0.040849942261675,-1.7261848,-0.1472911085025168,-0.4162023378334262,0.0919980255067455
urn:mavedb:00000394-a-1#4743,c.[6T>G;9G>A;15A>G;18C>T;21C>T;22G>C;23A>G;24C>T;42C>G;51C>T;60T>C;69T>C;72C>T;82G>A;84C>A;120A>G;123T>C;141A>G;165G>A;171T>G;174A>G;177G>A;186A>G;198G>T],NA,p.[Asp8Arg;Asp28Lys],-1.513728395015324,-1.5710694591382444,-1.4288469227095617,0.0423673605687484,-1.6637168,-0.5135451000333786,-0.8330412350772136,-0.1925673202727398
urn:mavedb:00000394-a-1#4744,c.[3C>T;6T>G;12C>T;21C>T;22G>C;23A>G;24C>T;36T>C;42C>G;78C>T;82G>A;83A>C;105C>T;111G>C;120A>G;126C>T;141A>G;150C>T;153A>G;165G>A;171T>G;174A>G;177G>A;207T>C],NA,p.[Asp8Arg;Asp28Thr],-1.3956921912272091,-1.4783274546332792,-1.2868153298013498,0.0505989788378372,-1.6388583,-0.1663828738243987,-0.466683752592562,0.1291825226074497
urn:mavedb:00000394-a-1#4745,c.[3C>T;6T>G;21C>T;22G>C;23A>G;24C>T;36T>C;42C>G;51C>T;63G>C;72C>T;75C>T;82G>T;83A>C;84C>T;105C>T;108G>C;111G>C;120A>G;123T>C;141A>G;165G>A;168G>A;177G>A],NA,p.[Asp8Arg;Asp28Ser],-1.5055501854045388,-1.5627571137335157,-1.4407944232834229,0.0359416057637968,-1.6430483,-0.5727733806226554,-0.9245861435355542,-0.302882154403745
urn:mavedb:00000394-a-1#4746,c.[21C>T;22G>C;23A>G;36T>C;42C>G;48C>T;83A>C;84C>G;120A>G;123T>C;141A>G;165G>A;171T>G;174A>G;177G>A;192C>T;195G>A],NA,p.[Asp8Arg;Asp28Ala],-1.423220663015956,-1.4811855600742496,-1.3765825942925578,0.0367867032365392,-1.654305,-0.2047435181948165,-0.4139537975767342,-0.0639432149981707
urn:mavedb:00000394-a-1#4747,c.[3C>T;6T>G;21C>T;22G>C;23A>G;24C>T;36T>C;42C>G;51C>T;54G>A;83A>G;84C>T;114C>T;120A>G;123T>C;138T>C;141A>G;165G>A;168G>A;177G>A],NA,p.[Asp8Arg;Asp28Gly],-1.6420699085661936,-1.7410174157794052,-1.5814311753067596,0.0447656860863288,-1.6348553,-15.0,-25.0,-1.1792793617799202
urn:mavedb:00000394-a-1#4748,c.[21C>T;22G>C;23A>G;24C>T;36T>C;42C>G;78C>T;82G>A;83A>T;84C>G;120A>G;141A>G;165G>A;171T>G;174A>G;177G>A;207T>C],NA,p.[Asp8Arg;Asp28Met],-1.2023861773835474,-1.2552366111680648,-1.1393616211278148,0.0324624476528616,-1.6725364,0.3881191093216753,0.2777444104452269,0.5111108431333952
urn:mavedb:00000394-a-1#4749,c.[3C>T;6T>G;12C>T;21C>T;22G>C;23A>G;24C>T;36T>C;42C>G;51C>T;82G>T;83A>G;120A>G;123T>C;141A>G;168G>A;177G>A;186A>G;189G>A],NA,p.[Asp8Arg;Asp28Cys],-0.722868757350396,-0.7722114919995885,-0.6543212603359531,0.0584154370915842,-1.6532707,1.1704786761384365,1.0951880790368227,1.2732378168687863
urn:mavedb:00000394-a-1#4750,c.[3C>T;6T>G;21C>T;22G>C;23A>G;24C>T;36T>C;42C>G;82G>C;83A>T;84C>G;120A>G;129G>A;141A>G;165G>A;168G>A;174A>G],NA,p.[Asp8Arg;Asp28Leu],-1.0214904059426224,-1.0745653903143706,-0.9054394367113492,0.0404527819964007,-1.6590829,0.6998159775351888,0.6058972058983499,0.8941982772800804
urn:mavedb:00000394-a-1#4751,c.[9G>A;21C>T;22G>C;23A>G;24C>T;36T>C;42C>G;48C>T;63G>C;83A>T;84C>T;120A>G;123T>C;141A>G;165G>A;168G>A;174A>G],NA,p.[Asp8Arg;Asp28Val],-1.0574676306079658,-1.1217095130762005,-0.9826891602043482,0.0711229252117898,-1.6454768,0.6121986301960596,0.4932658287371265,0.7431833985003308
urn:mavedb:00000394-a-1#4752,c.[6T>G;9G>A;12C>T;21C>T;22G>C;23A>G;24C>T;42C>G;48C>T;69T>C;72C>T;78C>T;82G>A;83A>T;120A>G;123T>C;144C>T;165G>A;171T>G;174A>G],NA,p.[Asp8Arg;Asp28Ile],-1.1026119543493809,-1.1492547594283065,-1.0134474438974936,0.0583426750016932,-1.6543403,0.5458659205547691,0.4573101750122613,0.7055396304036015
urn:mavedb:00000394-a-1#4753,c.[22G>C;23A>G;24C>T;36T>C;42C>G;82G>T;83A>G;84C>G;108G>C;120A>G;123T>C;126C>T;141A>G;165G>A;168G>A;192C>T],NA,p.[Asp8Arg;Asp28Trp],-1.029262707057947,-1.090796035986296,-0.8934318664295111,0.0528577123132916,-1.68086,0.723999083405943,0.6158831704015205,0.948544139453812
urn:mavedb:00000394-a-1#4754,c.[21C>T;22G>C;23A>G;24C>T;36T>C;42C>G;51C>T;54G>A;63G>C;82G>T;120A>G;123T>C;141A>G],NA,p.[Asp8Arg;Asp28Tyr],-1.1698334050252446,-1.2865878424597452,-1.1339435593518803,0.0422144273282441,-1.6613021,0.4306586577665155,0.1826062863941975,0.5000955445387235
urn:mavedb:00000394-a-1#4755,c.[21C>T;22G>C;23A>G;24C>T;36T>C;42C>G;48C>T;69T>C;72C>T;82G>T;83A>T;93C>T;120A>G;123T>C;141A>G;147G>C;168G>A;177G>A],NA,p.[Asp8Arg;Asp28Phe],-0.93325337671047,-1.0594523803981983,-0.8025748955294835,0.0739072503610774,-1.6745563,0.8741131649545756,0.6604676129809204,1.0811857660067157
urn:mavedb:00000394-a-1#4756,c.[6T>G;9G>A;21C>T;22G>C;23A>G;24C>T;36T>C;42C>G;51C>T;54G>A;57T>G;69T>C;72C>T;82G>C;83A>C;84C>G;123T>C;129G>A;141A>G;165G>A;171T>G;174A>G;177G>A],NA,p.[Asp8Arg;Asp28Pro],-1.4564334998624462,-1.5103873572268136,-1.4079238923343322,0.0362696317765907,-1.6298909,-0.4125784437981407,-0.6667347969255133,-0.2347033074905704
urn:mavedb:00000394-a-1#4757,c.[3C>T;18C>T;21C>T;22G>A;24C>A;36T>C;42C>G;48C>T;54G>A;57T>G;72C>T;75C>T;82G>C;84C>G;96C>T;120A>G;123T>C;141A>G;165G>A;171T>G;177G>A],NA,p.[Asp8Lys;Asp28Gln],-1.5120173968917507,-1.5681399430553338,-1.4599698400825405,0.0474969561240125,-1.6162434,-0.7567089801279795,-1.243746796605807,-0.4852856171045469
urn:mavedb:00000394-a-1#4758,c.[3C>T;6T>G;18C>T;21C>T;22G>A;24C>A;36T>C;42C>G;84C>G;99G>C;120A>G;129G>A;132C>T;141A>G;165G>A;171T>G;174A>G;177G>A;207T>C],NA,p.[Asp8Lys;Asp28Glu],-1.433842548039607,-1.5201773991511662,-1.3666182590673974,0.0482956498682895,-1.5784264,-0.5386312840388395,-1.1258318272375123,-0.2692137952463829
urn:mavedb:00000394-a-1#4759,c.[18C>T;21C>T;22G>A;24C>A;36T>C;42C>G;51C>T;57T>G;69T>C;72C>T;82G>A;102T>C;120A>G;123T>C;141A>G;165G>A;168G>A;177G>A;207T>C],NA,p.[Asp8Lys;Asp28Asn],-1.655238133518227,-1.7085373468200695,-1.5820839466826755,0.0320070775392269,-1.6048126,-15.0,-25.0,-1.6957646846081955
urn:mavedb:00000394-a-1#4760,c.[6T>G;9G>A;12C>T;21C>T;22G>A;24C>A;36T>C;42C>G;54G>A;72C>T;75C>T;82G>C;120A>G;123T>C;126C>T;141A>G;171T>G;174A>G;177G>A],NA,p.[Asp8Lys;Asp28His],-1.3547846127122272,-1.4006770643602775,-1.3076243487233468,0.049833183919332,-1.5988998,-0.1634235582076273,-0.3174504244574846,-0.0262633798133429
urn:mavedb:00000394-a-1#4761,c.[3C>T;6T>G;21C>T;22G>A;24C>A;36T>C;42C>G;75C>T;78C>T;82G>C;83A>G;84C>T;120A>G;141A>G;174A>G],NA,p.[Asp8Lys;Asp28Arg],-1.6636940781642,-1.7080752368583332,-1.6065990911062122,0.0382610371213438,-1.7153397,-1.2001362465595722,-2.3677289658069576,-0.7289882029250931
urn:mavedb:00000394-a-1#4762,c.[6T>G;9G>A;12C>T;21C>T;22G>A;24C>A;36T>C;42C>G;82G>A;84C>A;108G>C;120A>G;141A>G;156T>C;165G>A;168G>A;177G>A],NA,p.[Asp8Lys;Asp28Lys],-1.4794949163916007,-1.5426485823210083,-1.3942401055761169,0.0489609180890261,-1.6494236,-0.4270137659484494,-0.7409277191839225,-0.1296167626158915
urn:mavedb:00000394-a-1#4763,c.[3C>T;6T>G;9G>A;12C>T;21C>T;22G>A;24C>A;30G>C;42C>G;48C>T;60T>C;78C>T;82G>A;83A>C;84C>T;87T>C;120A>G;123T>C;132C>T;135C>T;141A>G;165G>A;171T>G;174A>G;177G>A;180G>C;183A>G],NA,p.[Asp8Lys;Asp28Thr],-1.469926982147756,-1.5999702787558203,-1.3600683140519554,0.0432052298303197,-1.6234684,-0.4974495426159065,-1.6759376852404229,-0.105200417060899
urn:mavedb:00000394-a-1#4764,c.[3C>T;6T>G;21C>T;22G>A;24C>A;36T>C;42C>G;72C>T;75C>T;82G>T;83A>C;84C>T;120A>G;123T>C;126C>T;141A>G;165G>A;171T>G;174A>G;177G>A],NA,p.[Asp8Lys;Asp28Ser],-1.4631168151910516,-1.506224487400916,-1.2942551550604524,0.0441900975776366,-1.6278338,-0.4487815029210686,-0.6551319838401359,0.0839986576792306
urn:mavedb:00000394-a-1#4765,c.[15A>G;21C>T;22G>A;24C>A;36T>C;42C>G;48C>T;83A>C;84C>G;120A>G;123T>C;141A>G;165G>A;171T>G;174A>G;177G>A;198G>T],NA,p.[Asp8Lys;Asp28Ala],-1.4775558539647775,-1.5546415802873848,-1.377685251305634,0.0402750447716695,-1.6395807,-0.4602515414442682,-0.8887437536460292,-0.1096316499123327
urn:mavedb:00000394-a-1#4766,c.[6T>G;9G>A;15A>G;21C>T;22G>A;24C>A;36T>C;42C>G;48C>T;54G>A;69T>C;72C>T;78C>T;83A>G;84C>T;123T>C;141A>G;168G>A;174A>G],NA,p.[Asp8Lys;Asp28Gly],-1.7271612742936595,-1.8248792372697369,-1.6119475680012034,0.034780687082256,-1.6193013,-15.0,-25.0,-2.360576435114518
urn:mavedb:00000394-a-1#4767,c.[3C>T;6T>G;21C>T;22G>A;24C>A;36T>C;42C>G;51C>T;57T>G;75C>T;78C>T;82G>A;83A>T;84C>G;123T>C;132C>T;141A>G;174A>G;207T>C],NA,p.[Asp8Lys;Asp28Met],-1.0904106066682115,-1.215156236607972,-1.049441766930087,0.0716919623762315,-1.6586666,0.5763343069869429,0.3334324240282868,0.6500822542706595
urn:mavedb:00000394-a-1#4768,c.[21C>T;22G>A;24C>A;36T>C;42C>G;48C>T;72C>T;75C>T;82G>T;83A>G;120A>G;123T>C;141A>G;171T>G;177G>A],NA,p.[Asp8Lys;Asp28Cys],-0.6970422022846399,-0.7511034338655231,-0.6559388549232202,0.0561507823567815,-1.6384997,1.187200215117154,1.104937420125486,1.2488589851823708
urn:mavedb:00000394-a-1#4769,c.[3C>T;6T>G;21C>T;22G>A;24C>A;36T>C;42C>G;72C>T;75C>T;78C>T;82G>C;83A>T;84C>G;87T>C;120A>G;123T>C;126C>T;141A>G;165G>A;171T>G;177G>A;180G>C],NA,p.[Asp8Lys;Asp28Leu],-0.9808174447609118,-1.0718016291777028,-0.9268828406888946,0.046986749780037,-1.6445746,0.7448381296679994,0.5845912740589725,0.8353565721193927
urn:mavedb:00000394-a-1#4770,c.[12C>T;21C>T;22G>A;24C>A;36T>C;42C>G;78C>T;83A>T;84C>T;120A>G;123T>C;126C>T;135C>T;138T>C;141A>G;150C>T;165G>A;171T>G;174A>G;177G>A;192C>T;195G>A;207T>C],NA,p.[Asp8Lys;Asp28Val],-1.3420902426657042,-1.4420953390723883,-1.2220715980965602,0.0546611218096099,-1.6303654,-0.0345001698117004,-0.3544722605527533,0.2581457605484778
urn:mavedb:00000394-a-1#4771,c.[21C>T;22G>A;24C>A;42C>G;48C>T;72C>T;75C>T;78C>T;82G>A;83A>T;120A>G;123T>C;129G>A;141A>G;177G>A],NA,p.[Asp8Lys;Asp28Ile],-0.6754328068367661,-0.7183200918105337,-0.6382637483813,0.0663287374319499,-1.639617,1.2213790598487542,1.1566860392955032,1.276819991252608
urn:mavedb:00000394-a-1#4772,c.[3C>T;6T>G;9G>A;12C>T;21C>T;22G>A;24C>A;36T>C;42C>G;51C>T;72C>T;75C>T;82G>T;83A>G;84C>G;120A>G;123T>C;138T>C;141A>G;165G>A;168G>A;174A>G],NA,p.[Asp8Lys;Asp28Trp],-1.0713338929556917,-1.1152244051260374,-1.0094149246714272,0.0461385565244832,-1.667408,0.6266672450217574,0.5467068692377485,0.7349777558237813
urn:mavedb:00000394-a-1#4773,c.[3C>T;6T>G;21C>T;22G>A;24C>A;36T>C;42C>G;48C>T;78C>T;82G>T;120A>G;123T>C;141A>G;165G>A;168G>A;171T>G;174A>G;177G>A],NA,p.[Asp8Lys;Asp28Tyr],-1.1402620865450124,-1.1999895238438267,-1.0734792646404143,0.0531288680158342,-1.6468954,0.4603172870347871,0.3405080825400469,0.5857628847214876
urn:mavedb:00000394-a-1#4774,c.[21C>T;22G>A;24C>A;36T>C;42C>G;48C>T;54G>A;78C>T;82G>T;83A>T;120A>G;123T>C;132C>T;141A>G;165G>A;171T>G;174A>G;177G>A],NA,p.[Asp8Lys;Asp28Phe],-0.81145048377893,-0.8627135529074453,-0.7747500239585102,0.0686351592144423,-1.6607876,1.0461031674328685,0.9655105112107758,1.1028349774455637
urn:mavedb:00000394-a-1#4775,c.[21C>T;22G>A;24C>A;36T>C;42C>G;48C>T;54G>A;72C>T;75C>T;82G>C;83A>C;84C>G;120A>G;123T>C;129G>A;138T>C;141A>G;177G>A;180G>C;183A>G;207T>C],NA,p.[Asp8Lys;Asp28Pro],-1.5780403967434782,-1.633482416396611,-1.4965811119140255,0.028462566170562,-1.6141391,-1.4184098985664682,-25.0,-0.6776114213686065
urn:mavedb:00000394-a-1#4776,c.[21C>T;22G>A;23A>C;24C>T;30G>C;39C>T;48C>T;78C>T;82G>C;84C>G;120A>G;123T>C;129G>A;141A>G;165G>A;171T>G;174A>G;177G>A],NA,p.[Asp8Thr;Asp28Gln],-1.4971533243035484,-1.5609430032567353,-1.461032353771909,0.0523473146236766,-1.6173182,-0.6630702840091985,-1.1460801704576862,-0.4852314792507191
urn:mavedb:00000394-a-1#4777,c.[21C>T;22G>A;23A>C;24C>T;36T>C;42C>G;51C>T;84C>G;120A>G;123T>C;141A>G;165G>A;171T>G;174A>G],NA,p.[Asp8Thr;Asp28Glu],-1.4756501950602527,-1.5184398468952929,-1.4334843370387942,0.0310005912218762,-1.5795898,-0.7584988765999828,-1.0956608787688746,-0.5314865383476302
urn:mavedb:00000394-a-1#4778,c.[21C>T;22G>A;23A>C;24C>T;27G>A;36T>C;42C>G;48C>T;69T>C;82G>A;84C>T;120A>G;123T>C;132C>T;135C>T;141A>G;177G>A;183A>G],NA,p.[Asp8Thr;Asp28Asn],-1.6108258303541612,-1.6993018873505843,-1.548748878838552,0.0328149615006298,-1.605916,-15.0,-25.0,-1.13744761847651
urn:mavedb:00000394-a-1#4779,c.[3C>T;6T>G;21C>T;22G>A;23A>C;24C>T;36T>C;42C>G;48C>T;82G>C;120A>G;123T>C;141A>G;165G>A;171T>G;174A>G;177G>A],NA,p.[Asp8Thr;Asp28His],-1.4219178270576056,-1.5238633567989366,-1.34302795856899,0.0516209212185259,-1.6000171,-0.3939477460486188,-0.9581123676836082,-0.1241944103994532
urn:mavedb:00000394-a-1#4780,c.[21C>T;22G>A;23A>C;24C>T;27G>A;36T>C;42C>G;51C>T;69T>C;75C>T;82G>C;83A>G;84C>T;123T>C;129G>A;141A>G;165G>A;171T>G;177G>A],NA,p.[Asp8Thr;Asp28Arg],-1.572246667174387,-1.6426627414407624,-1.5275984940534124,0.0473546898371409,-1.7160916,-0.5421421730456895,-0.9811308273236724,-0.3536377094548773
urn:mavedb:00000394-a-1#4781,c.[21C>T;22G>A;23A>C;24C>T;36T>C;39C>T;42C>G;57T>G;60T>C;82G>A;84C>A;123T>C;126C>T;141A>G;177G>A],NA,p.[Asp8Thr;Asp28Lys],-1.638002758726434,-1.668599159306176,-1.5848869385316644,0.036497946972385,-1.6504068,-2.053961572029414,-25.0,-1.052645808711406
urn:mavedb:00000394-a-1#4782,c.[12C>T;21C>T;22G>A;23A>C;24C>T;30G>C;42C>G;72C>T;75C>T;82G>A;83A>C;120A>G;123T>C;126C>T;129G>A;141A>G;165G>A;171T>G;174A>G;192C>T],NA,p.[Asp8Thr;Asp28Thr],-1.63707309507415,-1.6697289160103954,-1.5756592531128464,0.0337798178778956,-1.6245251,-15.0,-25.0,-1.2341087770275767
urn:mavedb:00000394-a-1#4783,c.[21C>T;22G>A;23A>C;24C>T;36T>C;42C>G;48C>T;72C>T;75C>T;82G>T;83A>C;84C>T;123T>C;129G>A;141A>G;168G>A],NA,p.[Asp8Thr;Asp28Ser],-1.5974894119356429,-1.6710007798332631,-1.4821622379640622,0.0368770725554066,-1.6288791,-1.502668136335516,-25.0,-0.5286405211987668
urn:mavedb:00000394-a-1#4784,c.[21C>T;22G>A;23A>C;24C>T;36T>C;42C>G;48C>T;54G>A;83A>C;84C>G;120A>G;123T>C;141A>G;165G>A;171T>G;174A>G;177G>A],NA,p.[Asp8Thr;Asp28Ala],-1.3806953823393031,-1.4462430906368722,-1.2773573083021512,0.0525367994618303,-1.640593,-0.1155404111380789,-0.331681966732954,0.1558261526102513
urn:mavedb:00000394-a-1#4785,c.[21C>T;22G>A;23A>C;24C>T;36T>C;42C>G;48C>T;83A>G;84C>T;120A>G;123T>C;132C>T;141A>G;165G>A;171T>G;174A>G;177G>A],NA,p.[Asp8Thr;Asp28Gly],-1.6110378816535729,-1.7060304010262948,-1.5060505986289234,0.0395326488117232,-1.620369,-2.2211264930377026,-25.0,-0.6960796728390318
urn:mavedb:00000394-a-1#4786,c.[21C>T;22G>A;23A>C;24C>T;27G>A;36T>C;42C>G;69T>C;72C>T;75C>T;78C>T;82G>A;83A>T;84C>G;120A>G;129G>A;141A>G;165G>A;171T>G;174A>G;177G>A;207T>C],NA,p.[Asp8Thr;Asp28Met],-1.2440255841061094,-1.334582050746975,-1.1392318725532051,0.0695437978254492,-1.6596227,0.2740597690197041,0.0625369823848542,0.4868134428323581
urn:mavedb:00000394-a-1#4787,c.[6T>G;9G>A;12C>T;15A>G;21C>T;22G>A;23A>C;24C>T;36T>C;42C>G;51C>T;72C>T;75C>T;82G>T;83A>G;120A>G;123T>C;141A>G;165G>A;171T>G;174A>G],NA,p.[Asp8Thr;Asp28Cys],-0.621692276504509,-0.6883123803717477,-0.5957071826428664,0.0495504344126265,-1.6395149,1.3012161623205858,1.2018827570188837,1.339511644643694
urn:mavedb:00000394-a-1#4788,c.[6T>G;9G>A;15A>G;21C>T;22G>A;23A>C;24C>T;36T>C;42C>G;69T>C;72C>T;82G>C;83A>T;84C>G;120A>G;123T>C;126C>T;129G>A;141A>G;177G>A],NA,p.[Asp8Thr;Asp28Leu],-0.9705316990047832,-1.0391620837428783,-0.9424550077484568,0.0479108312201834,-1.6455727,0.7640176819002692,0.645096894638048,0.8111759820079749
urn:mavedb:00000394-a-1#4789,c.[21C>T;22G>A;23A>C;24C>T;27G>A;36T>C;42C>G;78C>T;83A>T;84C>T;120A>G;123T>C;126C>T;141A>G;177G>A],NA,p.[Asp8Thr;Asp28Val],-1.1890277904482602,-1.2642112317894754,-1.1489902585130278,0.0470535457991347,-1.631403,0.331068289150444,0.1651195027688665,0.4127236648647531
urn:mavedb:00000394-a-1#4790,c.[9G>A;15A>G;21C>T;22G>A;23A>C;24C>T;36T>C;42C>G;54G>A;78C>T;82G>A;83A>T;84C>T;120A>G;141A>G;174A>G;180G>C],NA,p.[Asp8Thr;Asp28Ile],-0.8711565649725435,-0.919664205778139,-0.8019206778306286,0.0547278927547545,-1.6406293,0.9197845636386962,0.8407627835065187,1.029542444038418
urn:mavedb:00000394-a-1#4791,c.[12C>T;21C>T;22G>A;23A>C;24C>T;39C>T;42C>G;48C>T;60T>C;78C>T;82G>T;83A>G;84C>G;120A>G;123T>C;129G>A;141A>G;168G>A;171T>G;174A>G;183A>G],NA,p.[Asp8Thr;Asp28Trp],-0.640496552391032,-0.6975701138490942,-0.5844009961057741,0.0835833612027156,-1.6683369,1.3159786912606857,1.2312127847964487,1.398180682419984
urn:mavedb:00000394-a-1#4792,c.[3C>T;6T>G;21C>T;22G>A;23A>C;24C>T;36T>C;42C>G;72C>T;75C>T;82G>T;120A>G;141A>G;165G>A;171T>G;177G>A],NA,p.[Asp8Thr;Asp28Tyr],-1.0174746729761868,-1.0789273954572292,-0.9767399606433242,0.0566641116183336,-1.6478868,0.6873269334453741,0.5776251865702894,0.7574127420391401
urn:mavedb:00000394-a-1#4793,c.[6T>G;9G>A;12C>T;21C>T;22G>A;23A>C;24C>T;27G>A;36T>C;42C>G;48C>T;54G>A;72C>T;75C>T;82G>T;83A>T;123T>C;141A>G;165G>A;171T>G;177G>A],NA,p.[Asp8Thr;Asp28Phe],-0.7646926554274034,-0.8089334571744791,-0.7388185486281281,0.0516169654803981,-1.661736,1.119705147822209,1.0514919762600003,1.1591282194739008
urn:mavedb:00000394-a-1#4794,c.[21C>T;22G>A;23A>C;24C>T;27G>A;36T>C;42C>G;82G>C;83A>C;84C>G;123T>C;126C>T;141A>G],NA,p.[Asp8Thr;Asp28Pro],-1.5158757968062462,-1.633861609956481,-1.44291009633064,0.0367914932702566,-1.6152191,-0.7879255911103428,-25.0,-0.4172467307785916
urn:mavedb:00000394-a-1#4795,c.[6T>G;9G>A;12C>T;21C>T;22G>T;23A>C;24C>T;36T>C;42C>G;51C>T;69T>C;72C>T;82G>C;84C>G;120A>G;123T>C;141A>G;171T>G;177G>A;207T>C],NA,p.[Asp8Ser;Asp28Gln],-1.5394117119702029,-1.581484356967235,-1.465659296076164,0.0312077954767609,-1.6217589,-0.9085026735395204,-1.3520926770901889,-0.4860555383902281
urn:mavedb:00000394-a-1#4796,c.[21C>T;22G>T;23A>C;24C>T;39C>T;42C>G;51C>T;72C>T;75C>T;84C>A;87T>C;120A>G;126C>T;141A>G;165G>A;171T>G],NA,p.[Asp8Ser;Asp28Glu],-1.2612023271493222,-1.33411902879018,-1.213672333707304,0.0554630831301206,-1.5843973,0.057865470743384,-0.1444546448384264,0.1733754297245487
urn:mavedb:00000394-a-1#4797,c.[21C>T;22G>T;23A>C;24C>T;36T>C;42C>G;75C>T;82G>A;105C>T;108G>C;123T>C;126C>T;138T>C;141A>G;165G>A;171T>G;174A>G;177G>A],NA,p.[Asp8Ser;Asp28Asn],-1.554640139566343,-1.5989799201442252,-1.5368275675833485,0.0324072803578187,-1.6104751,-1.1520328095742274,-2.0987021023016545,-0.9792444694754724
urn:mavedb:00000394-a-1#4798,c.[3C>T;6T>G;21C>T;22G>T;23A>C;24C>T;36T>C;42C>G;51C>T;69T>C;72C>T;82G>C;120A>G;123T>C;138T>C;141A>G;165G>A;168G>A;174A>G;180G>C],NA,p.[Asp8Ser;Asp28His],-1.3742113894373706,-1.4262897215144863,-1.3255126372152688,0.0325656001101898,-1.6046343,-0.2068783434257841,-0.3929751517946816,-0.0599851925144367
urn:mavedb:00000394-a-1#4799,c.[12C>T;21C>T;22G>T;23A>C;24C>T;36T>C;42C>G;51C>T;82G>C;83A>G;84C>T;120A>G;123T>C;141A>G;156T>C;165G>A;171T>G;174A>G],NA,p.[Asp8Ser;Asp28Arg],-1.5793345264635223,-1.6238676751328338,-1.5263720833991783,0.0308821196517313,-1.7191849,-0.561289685628664,-0.8147218416593017,-0.3374008139551285
urn:mavedb:00000394-a-1#4800,c.[21C>T;22G>T;23A>C;24C>T;36T>C;48C>T;82G>A;84C>A;123T>C;129G>A;141A>G;192C>T],NA,p.[Asp8Ser;Asp28Lys],-1.6023637131210022,-1.7273623997675316,-1.5334200339648578,0.0384552846090847,-1.6544652,-1.194722673781509,-25.0,-0.6582265653959674
urn:mavedb:00000394-a-1#4801,c.[6T>G;9G>A;12C>T;21C>T;22G>T;23A>C;24C>T;36T>C;42C>G;75C>T;82G>A;83A>C;102T>C;120A>G;129G>A;141A>G;165G>A;171T>G;174A>G;177G>A],NA,p.[Asp8Ser;Asp28Thr],-1.4654248035708244,-1.5331639564487831,-1.3181519675996018,0.0451611422267712,-1.6288877,-0.45410464456487,-0.8119619333838898,0.0257288203236831
urn:mavedb:00000394-a-1#4802,c.[21C>T;22G>T;23A>C;24C>T;36T>C;42C>G;82G>T;83A>C;84C>T;120A>G;123T>C;126C>T;129G>A;141A>G;165G>A;171T>G;174A>G;177G>A;183A>G],NA,p.[Asp8Ser;Asp28Ser],-1.4474134421845235,-1.5623946680185834,-1.3858829373617922,0.0355055339105214,-1.633193,-0.3639787386561991,-1.0040867911374154,-0.1535541291954366
urn:mavedb:00000394-a-1#4803,c.[3C>T;6T>G;21C>T;22G>T;23A>C;24C>T;36T>C;42C>G;69T>C;72C>T;75C>T;83A>C;84C>G;120A>G;129G>A;141A>G;165G>A;171T>G;174A>G;177G>A],NA,p.[Asp8Ser;Asp28Ala],-1.4100854381308583,-1.474700412044792,-1.3338307297080918,0.0334230130003916,-1.6447711,-0.193153432577757,-0.4264276106815271,0.0262603423094574
urn:mavedb:00000394-a-1#4804,c.[12C>T;21C>T;22G>T;23A>C;24C>T;36T>C;42C>G;54G>A;63G>C;72C>T;75C>T;83A>G;84C>T;120A>G;141A>G;177G>A],NA,p.[Asp8Ser;Asp28Gly],-1.618702203950841,-1.7110827217626925,-1.5157063809677076,0.0424750009331861,-1.6247768,-2.472267089143384,-25.0,-0.7269917361217961
urn:mavedb:00000394-a-1#4805,c.[6T>G;9G>A;12C>T;21C>T;22G>T;23A>C;24C>T;30G>C;36T>C;42C>G;63G>C;78C>T;82G>A;83A>T;84C>G;87T>C;120A>G;123T>C;126C>T;141A>G;177G>A],NA,p.[Asp8Ser;Asp28Met],-1.13033690446449,-1.1799282844147454,-1.083305253722486,0.0521002601848288,-1.6635628,0.5112101892485068,0.4151458240922225,0.5981895297552818
urn:mavedb:00000394-a-1#4806,c.[12C>T;21C>T;22G>T;23A>C;24C>T;36T>C;42C>G;51C>T;54G>A;82G>T;83A>G;123T>C;141A>G;165G>A;168G>A],NA,p.[Asp8Ser;Asp28Cys],-0.4562188034603012,-0.471196499675961,-0.4266683087246351,0.0406391419475707,-1.6437054,1.5475854954686494,1.5261458700059205,1.5897390147457555
urn:mavedb:00000394-a-1#4807,c.[21C>T;22G>T;23A>C;24C>T;36T>C;42C>G;48C>T;72C>T;75C>T;82G>C;83A>T;84C>G;120A>G;123T>C;129G>A;141A>G;171T>G;174A>G;177G>A;207T>C],NA,p.[Asp8Ser;Asp28Leu],-0.8645461777959772,-0.9790193645974016,-0.7676555898466086,0.0513232089681597,-1.6496906,0.9449139261430558,0.7566042945506644,1.0966916004249114
urn:mavedb:00000394-a-1#4808,c.[21C>T;22G>T;23A>C;24C>T;36T>C;42C>G;48C>T;63G>C;78C>T;83A>T;84C>T;120A>G;123T>C;135C>T;141A>G;165G>A;171T>G;174A>G;177G>A;195G>A;207T>C],NA,p.[Asp8Ser;Asp28Val],-1.1677336112872392,-1.2023594113617575,-1.1064276416626575,0.0468114332215565,-1.6356888,0.3836898475630164,0.3120432243102764,0.5037150515846718
urn:mavedb:00000394-a-1#4809,c.[21C>T;22G>T;23A>C;24C>T;36T>C;42C>G;48C>T;54G>A;78C>T;82G>A;83A>T;84C>T;123T>C;135C>T;141A>G;165G>A;171T>G;174A>G;177G>A;207T>C],NA,p.[Asp8Ser;Asp28Ile],-0.9684671064175954,-1.0476024585765529,-0.8928740786406454,0.0640424509837961,-1.6448073,0.7662177302762168,0.6286979133816051,0.8914307732224449
urn:mavedb:00000394-a-1#4810,c.[6T>G;9G>A;15A>G;21C>T;22G>T;23A>C;24C>T;36T>C;42C>G;48C>T;57T>G;60T>C;66G>A;69T>C;72C>T;82G>T;83A>G;84C>G;111G>C;120A>G;123T>C;141A>G;150C>T;165G>A;171T>G;174A>G;177G>A;195G>A],NA,p.[Asp8Ser;Asp28Trp],-0.9068306782528016,-0.997116602805466,-0.8628999722544648,0.0536512831599614,-1.6721601,0.9130915679759334,0.7640102497452912,0.9832350612312144
urn:mavedb:00000394-a-1#4811,c.[6T>G;9G>A;12C>T;21C>T;22G>T;23A>C;24C>T;36T>C;39C>T;42C>G;82G>T;120A>G;123T>C;126C>T;129G>A;141A>G;165G>A;168G>A;174A>G;180G>C],NA,p.[Asp8Ser;Asp28Tyr],-1.226033509698082,-1.294693694326546,-1.1419256191125513,0.0405895590648364,-1.6519756,0.2963309344091654,0.1417177382816416,0.4669318059850052
urn:mavedb:00000394-a-1#4812,c.[9G>A;12C>T;22G>T;23A>C;24C>T;36T>C;42C>G;54G>A;82G>T;83A>T;90T>C;99G>C;102T>C;114C>T;123T>C;126C>T;141A>G;165G>A;171T>G;174A>G;177G>A;180G>C;186A>G],NA,p.[Asp8Ser;Asp28Phe],-0.7370486795695955,-0.8353785486519785,-0.6156195282705138,0.0802330418336697,-1.6656485,1.1677399544067222,1.0163183684399189,1.3486185751470918
urn:mavedb:00000394-a-1#4813,c.[3C>T;6T>G;21C>T;22G>T;23A>C;24C>T;36T>C;42C>G;51C>T;78C>T;82G>C;83A>C;84C>G;123T>C;141A>G;165G>A;168G>A;171T>G;174A>G;177G>A],NA,p.[Asp8Ser;Asp28Pro],-1.609410169995569,-1.6798171069963337,-1.5490888139993289,0.0278858232887006,-1.6196823,-2.1647694733226337,-25.0,-1.0059063120530902
urn:mavedb:00000394-a-1#4814,c.[21C>T;23A>C;24C>G;36T>C;42C>G;72C>T;75C>T;78C>T;82G>C;84C>G;120A>G;123T>C;126C>T;129G>A;141A>G;165G>A;171T>G;174A>G;177G>A],NA,p.[Asp8Ala;Asp28Gln],-1.6561064075639025,-1.76972519253129,-1.5684098700706404,0.0442303889821208,-1.6204548,-15.0,-25.0,-1.1953874084825316
urn:mavedb:00000394-a-1#4815,c.[3C>T;6T>G;21C>T;23A>C;24C>G;36T>C;42C>G;84C>A;87T>C;120A>G;123T>C;126C>T;141A>G;174A>G],NA,p.[Asp8Ala;Asp28Glu],-1.4137165976692847,-1.461469726951499,-1.3821811136759663,0.0327212874061289,-1.5829844,-0.4297338900162161,-0.6556434637028994,-0.3080906482802492
urn:mavedb:00000394-a-1#4816,c.[3C>T;21C>T;23A>C;24C>G;27G>A;36T>C;42C>G;82G>A;102T>C;105C>T;108G>C;111G>C;126C>T;141A>G;165G>A;171T>G;174A>G;177G>A;195G>A],NA,p.[Asp8Ala;Asp28Asn],-1.5013891246914952,-1.5909331775151314,-1.4076331240565192,0.0508198314554327,-1.6091352,-0.7349964649622124,-1.8276263799134136,-0.3055775908318207
urn:mavedb:00000394-a-1#4817,c.[21C>T;23A>C;24C>G;36T>C;42C>G;48C>T;54G>A;69T>C;75C>T;78C>T;82G>C;84C>T;120A>G;123T>C;141A>G;165G>A;171T>G],NA,p.[Asp8Ala;Asp28His],-1.378253489679787,-1.4592571977283249,-1.315552963942452,0.0484152257605992,-1.6032777,-0.224548505428048,-0.5412963926329436,-0.0360112711632386
urn:mavedb:00000394-a-1#4818,c.[6T>G;9G>A;15A>G;21C>T;23A>C;24C>G;36T>C;39C>T;42C>G;48C>T;72C>T;75C>T;82G>C;83A>G;84C>T;120A>G;123T>C;141A>G;165G>A;171T>G;174A>G;177G>A],NA,p.[Asp8Ala;Asp28Arg],-1.676694762703094,-1.7758830692322127,-1.614637184196943,0.0447370239426251,-1.7182789,-1.3326543936303372,-25.0,-0.7603871663420522
urn:mavedb:00000394-a-1#4819,c.[21C>T;23A>C;24C>G;36T>C;42C>G;82G>A;84C>A;120A>G;123T>C;126C>T;129G>A;141A>G;165G>A;171T>G;174A>G;177G>A],NA,p.[Asp8Ala;Asp28Lys],-1.677668177229492,-1.7388685188891908,-1.57598877297323,0.0347643857083673,-1.653274,-15.0,-25.0,-0.9487866129494076
urn:mavedb:00000394-a-1#4820,c.[21C>T;23A>C;24C>G;36T>C;42C>G;66G>A;69T>C;72C>T;82G>A;83A>C;111G>C;114C>T;120A>G;123T>C;126C>T;141A>G;165G>A;168G>A;177G>A],NA,p.[Asp8Ala;Asp28Thr],-1.4151556256882258,-1.4878235773465145,-1.3818822320925643,0.0349968199431299,-1.6276064,-0.2670011443207981,-0.5616060956387064,-0.1584433329110395
urn:mavedb:00000394-a-1#4821,c.[21C>T;23A>C;24C>G;30G>C;36T>C;39C>T;54G>A;63G>C;69T>C;72C>T;82G>T;83A>C;84C>T;120A>G;141A>G],NA,p.[Asp8Ala;Asp28Ser],-1.5225676100944665,-1.599420689470627,-1.4528579794471148,0.0409585937081597,-1.6319261,-0.7252623548598701,-1.4816564556817962,-0.3901147507278344
urn:mavedb:00000394-a-1#4822,c.[21C>T;23A>C;24C>G;36T>C;42C>G;63G>C;72C>T;75C>T;83A>C;84C>G;120A>G;129G>A;141A>G;165G>A;171T>G;174A>G;177G>A;207T>C],NA,p.[Asp8Ala;Asp28Ala],-1.432569867790165,-1.4848996989231071,-1.3047655948590586,0.0408470057641449,-1.6435442,-0.2721144194019265,-0.4748769896573357,0.0968837913235823
urn:mavedb:00000394-a-1#4823,c.[9G>A;15A>G;21C>T;23A>C;24C>G;36T>C;42C>G;51C>T;83A>G;84C>T;120A>G;123T>C;165G>A;168G>A;174A>G],NA,p.[Asp8Ala;Asp28Gly],-1.5779633490464993,-1.6530892968071662,-1.4221669735613405,0.040779776829263,-1.6234822,-1.2775367222666043,-25.0,-0.3062524042982485
urn:mavedb:00000394-a-1#4824,c.[21C>T;23A>C;24C>G;36T>C;42C>G;63G>C;78C>T;82G>A;83A>T;84C>G;120A>G;141A>G;165G>A;171T>G;174A>G;177G>A;207T>C],NA,p.[Asp8Ala;Asp28Met],-1.1884352025089182,-1.2451887575259626,-1.1056843038187183,0.0532814251942839,-1.662406,0.39582157355287,0.2775682406806564,0.5551154635453169
urn:mavedb:00000394-a-1#4825,c.[21C>T;23A>C;24C>G;36T>C;42C>G;51C>T;63G>C;72C>T;75C>T;82G>T;83A>G;120A>G;123T>C;141A>G;165G>A;168G>A;171T>G;174A>G;177G>A;180G>C],NA,p.[Asp8Ala;Asp28Cys],-0.7161469548964737,-0.7629703611169564,-0.6819944303638062,0.0489415190589381,-1.6424751,1.1643161316387032,1.0928037666239896,1.215821743420732
urn:mavedb:00000394-a-1#4826,c.[9G>A;21C>T;23A>C;24C>G;36T>C;42C>G;48C>T;63G>C;72C>T;75C>T;82G>C;83A>T;84C>G;90T>C;123T>C;141A>G;174A>G],NA,p.[Asp8Ala;Asp28Leu],-1.0541419165931964,-1.132340809554701,-0.9980050277199748,0.0534460309751604,-1.6484814,0.6235682816799423,0.4786694238320564,0.7220844169848539
urn:mavedb:00000394-a-1#4827,c.[6T>G;9G>A;12C>T;21C>T;23A>C;24C>G;36T>C;42C>G;48C>T;83A>T;84C>T;120A>G;123T>C;141A>G;165G>A;168G>A;174A>G],NA,p.[Asp8Ala;Asp28Val],-1.11184849937731,-1.2009066592859805,-1.035903966469432,0.0735991013306428,-1.6344299,0.4910071706530018,0.3124536444325705,0.6310624614932191
urn:mavedb:00000394-a-1#4828,c.[6T>G;9G>A;12C>T;21C>T;23A>C;24C>G;36T>C;42C>G;54G>A;57T>G;72C>T;75C>T;78C>T;82G>A;83A>T;120A>G;123T>C;126C>T;129G>A;144C>T;147G>C;156T>C;165G>A;168G>A;171T>G;174A>G;177G>A],NA,p.[Asp8Ala;Asp28Ile],-0.7871900442563307,-0.8308122497510082,-0.7326994729983696,0.0542248718085988,-1.6435804,1.0570766329434411,0.9887955474545588,1.140843472744753
urn:mavedb:00000394-a-1#4829,c.[3C>T;6T>G;21C>T;23A>C;24C>G;36T>C;42C>G;69T>C;72C>T;82G>T;83A>G;84C>G;120A>G;141A>G;171T>G;174A>G;177G>A;180G>C],NA,p.[Asp8Ala;Asp28Trp],-0.9243497952890464,-0.9665708958995344,-0.8910288725047728,0.0572357539076682,-1.6710377,0.8828911554200524,0.8134106400370462,0.9366854394498288
urn:mavedb:00000394-a-1#4830,c.[3C>T;6T>G;21C>T;23A>C;24C>G;36T>C;42C>G;82G>T;99G>C;120A>G;123T>C;126C>T;141A>G;177G>A],NA,p.[Asp8Ala;Asp28Tyr],-1.176709919354093,-1.2254559499170286,-1.0883131247151057,0.0360545899357382,-1.6507754,0.3960151830964705,0.2950000006138411,0.5657058754020958
urn:mavedb:00000394-a-1#4831,c.[3C>T;6T>G;21C>T;23A>C;24C>G;36T>C;42C>G;72C>T;75C>T;82G>T;83A>T;120A>G;123T>C;126C>T;141A>G;177G>A],NA,p.[Asp8Ala;Asp28Phe],-1.0277719602058673,-1.109984255448459,-0.9507707775307735,0.0615616895336096,-1.6644993,0.6983117835222161,0.5510311314602296,0.8287907755714902
urn:mavedb:00000394-a-1#4832,c.[3C>T;21C>T;23A>C;24C>G;36T>C;42C>G;72C>T;75C>T;78C>T;82G>C;83A>C;84C>G;120A>G;141A>G;171T>G;174A>G;177G>A],NA,p.[Asp8Ala;Asp28Pro],-1.5452891413449206,-1.627525322719484,-1.4859367662312704,0.0396439622411457,-1.6183715,-0.984101619393026,-25.0,-0.5980883966640123
urn:mavedb:00000394-a-1#4833,c.[3C>T;12C>T;21C>T;23A>G;24C>T;36T>C;42C>G;72C>T;75C>T;78C>T;82G>C;84C>G;90T>C;96C>T;120A>G;141A>G;165G>A;171T>G],NA,p.[Asp8Gly;Asp28Gln],-1.6061765088768516,-1.6449307313014538,-1.5634547297414354,0.0374375464157213,-1.6123466,-2.4631549753036377,-25.0,-1.2337808900018006
urn:mavedb:00000394-a-1#4834,c.[3C>T;6T>G;21C>T;23A>G;24C>T;36T>C;42C>G;84C>A;87T>C;120A>G;123T>C;126C>T;129G>A;141A>G;162G>C;165G>A;168G>A;171T>G;174A>G],NA,p.[Asp8Gly;Asp28Glu],-1.4399334313656629,-1.5342149348213914,-1.3590271318495435,0.0306006366900056,-1.5742154,-0.5887510897525724,-1.3562335119883704,-0.2575883212591947
urn:mavedb:00000394-a-1#4835,c.[3C>T;6T>G;21C>T;23A>G;24C>T;36T>C;42C>G;48C>T;82G>A;120A>G;123T>C;129G>A;132C>T;135C>T;141A>G;165G>A;171T>G;174A>G;177G>A],NA,p.[Asp8Gly;Asp28Asn],-1.5123397851253422,-1.5567545730552954,-1.4632032433739397,0.0414783289701614,-1.6008153,-0.8626397405745575,-1.2974081610268022,-0.5722069848809248
urn:mavedb:00000394-a-1#4836,c.[6T>G;9G>A;12C>T;18C>T;21C>T;23A>G;27G>A;36T>C;48C>T;69T>C;72C>T;75C>T;82G>C;120A>G;123T>C;141A>G;174A>G;183A>G],NA,p.[Asp8Gly;Asp28His],-1.5029902550874188,-1.5506550564921362,-1.3959673249768505,0.0362533707227838,-1.5948515,-0.8385185540688879,-1.2955315023987468,-0.3150422647793389
urn:mavedb:00000394-a-1#4837,c.[3C>T;6T>G;21C>T;23A>G;24C>T;36T>C;42C>G;48C>T;82G>C;83A>G;84C>T;120A>G;123T>C;129G>A;141A>G;165G>A;171T>G;174A>G;177G>A],NA,p.[Asp8Gly;Asp28Arg],-1.651870211939177,-1.794002868598329,-1.5785694206822654,0.033761000667228,-1.712605,-1.0999105113818266,-25.0,-0.5900074762307091
urn:mavedb:00000394-a-1#4838,c.[21C>T;23A>G;24C>T;36T>C;42C>G;54G>A;57T>G;63G>C;78C>T;82G>A;84C>A;120A>G;123T>C;126C>T;129G>A;141A>G;171T>G;174A>G;177G>A;180G>C],NA,p.[Asp8Gly;Asp28Lys],-1.620130695472965,-1.687670575498767,-1.5290883990933306,0.0348710704697993,-1.6458545,-1.6219516636037925,-25.0,-0.6820883468098269
urn:mavedb:00000394-a-1#4839,c.[18C>T;21C>T;23A>G;24C>T;36T>C;42C>G;54G>A;75C>T;82G>A;83A>C;84C>T;120A>G;123T>C;126C>T;141A>G;165G>A;171T>G;174A>G;177G>A;195G>A;207T>C],NA,p.[Asp8Gly;Asp28Thr],-1.589173305956472,-1.6892915273986973,-1.5359691301851348,0.0406756514276044,-1.6196384,-1.5206327253217995,-25.0,-0.898353403422776
urn:mavedb:00000394-a-1#4840,c.[3C>T;6T>G;21C>T;23A>G;24C>T;36T>C;42C>G;54G>A;60T>C;63G>C;78C>T;82G>T;83A>C;84C>T;120A>G;141A>G;165G>A;171T>G;174A>G;177G>A],NA,p.[Asp8Gly;Asp28Ser],-0.0424671433850414,-0.1424634188506834,0.0832273742053964,0.1293298462438604,-1.6240458,2.09845999755318,1.960516462678077,2.270794573359113
urn:mavedb:00000394-a-1#4841,c.[21C>T;23A>G;24C>T;36T>C;42C>G;51C>T;83A>C;84C>G;120A>G;123T>C;129G>A;141A>G;165G>A;171T>G;174A>G;177G>A],NA,p.[Asp8Gly;Asp28Ala],-1.4766006444357818,-1.4968573813309565,-1.4363696279303242,0.0306909896604804,-1.6359091,-0.4719831526771664,-0.5651631196626241,-0.3126700202369513
urn:mavedb:00000394-a-1#4842,c.[12C>T;21C>T;23A>G;24C>T;36T>C;42C>G;54G>A;72C>T;75C>T;83A>G;84C>T;120A>G;141A>G;162G>C;165G>A;168G>A;177G>A],NA,p.[Asp8Gly;Asp28Gly],-1.7923569084411843,-1.860308637112526,-1.7055909430934502,0.0365263095624609,-1.6154332,-15.0,-25.0,-5.0
urn:mavedb:00000394-a-1#4843,c.[3C>T;6T>G;15A>G;23A>G;24C>T;36T>C;42C>G;51C>T;78C>T;82G>A;83A>T;84C>G;120A>G;123T>C;129G>A;141A>G;174A>G;207T>C],NA,p.[Asp8Gly;Asp28Met],-1.368290244430053,-1.454448445215027,-1.3105133684035204,0.0385307891629376,-1.6551995,-0.0382717515081782,-0.3082907522335667,0.1113661239165171
urn:mavedb:00000394-a-1#4844,c.[3C>T;6T>G;21C>T;23A>G;24C>T;36T>C;42C>G;72C>T;75C>T;82G>T;83A>G;120A>G;123T>C;126C>T;129G>A;141A>G;174A>G],NA,p.[Asp8Gly;Asp28Cys],-0.6558862864953034,-0.6878877406134369,-0.6364032272239442,0.0437065784487265,-1.6348171,1.2434452023160232,1.1954533305123152,1.2724599631035571
urn:mavedb:00000394-a-1#4845,c.[21C>T;23A>G;24C>T;36T>C;42C>G;48C>T;72C>T;75C>T;82G>C;83A>T;84C>G;90T>C;102T>C;120A>G;123T>C;129G>A;135C>T;141A>G;165G>A;168G>A;177G>A;180G>C],NA,p.[Asp8Gly;Asp28Leu],-1.060899477453097,-1.082223345597586,-0.9744776947616672,0.0515028271058939,-1.640955,0.5978314993439537,0.5588354953710625,0.7494758353894022
urn:mavedb:00000394-a-1#4846,c.[12C>T;21C>T;23A>G;24C>T;36T>C;42C>G;72C>T;75C>T;83A>T;84C>T;120A>G;141A>G;165G>A;171T>G;174A>G;177G>A],NA,p.[Asp8Gly;Asp28Val],-0.8481658350100485,-0.8814814801138793,-0.754983508924128,0.067630816467998,-1.6266012,0.9341895126128312,0.8803612917410019,1.0806581312758388
urn:mavedb:00000394-a-1#4847,c.[18C>T;23A>G;24C>T;39C>T;42C>G;51C>T;78C>T;82G>A;83A>T;120A>G;123T>C;132C>T;141A>G;165G>A;168G>A;171T>G;174A>G;177G>A],NA,p.[Asp8Gly;Asp28Ile],-0.87092589077172,-0.9428754900518794,-0.8131183302331424,0.0818739078842886,-1.6359458,0.9126121144719812,0.794394326939172,1.0046514794055776
urn:mavedb:00000394-a-1#4848,c.[3C>T;9G>A;12C>T;21C>T;23A>G;24C>T;36T>C;42C>G;51C>T;54G>A;63G>C;69T>C;72C>T;82G>T;83A>G;84C>G;87T>C;120A>G;123T>C;141A>G;174A>G;180G>C;183A>G;186A>G;207T>C],NA,p.[Asp8Gly;Asp28Trp],-0.8193260335730144,-0.8649354003156798,-0.7678575577339395,0.0688748469259742,-1.6640415,1.038902470392836,0.9671481248870172,1.1183883429322117
urn:mavedb:00000394-a-1#4849,c.[3C>T;6T>G;21C>T;23A>G;24C>T;36T>C;42C>G;54G>A;72C>T;75C>T;82G>T;108G>C;123T>C;126C>T;141A>G;165G>A;171T>G;174A>G],NA,p.[Asp8Gly;Asp28Tyr],-1.1719541461300005,-1.2391264183627082,-1.0705751193580535,0.0424524375479839,-1.6432996,0.3905396419121333,0.2490838821660918,0.5845033115851572
urn:mavedb:00000394-a-1#4850,c.[21C>T;23A>G;24C>T;36T>C;42C>G;82G>T;83A>T;120A>G;123T>C;126C>T;141A>G;171T>G;174A>G;177G>A],NA,p.[Asp8Gly;Asp28Phe],-0.92691112598392,-0.9894245593807784,-0.8577159649385968,0.0435067752056363,-1.6573434,0.8563311310021254,0.7519222609404487,0.9679799228852988
urn:mavedb:00000394-a-1#4851,c.[3C>T;6T>G;21C>T;23A>G;24C>T;36T>C;42C>G;48C>T;82G>C;83A>C;84C>G;120A>G;123T>C;141A>G;165G>A;168G>A;174A>G],NA,p.[Asp8Gly;Asp28Pro],-1.6002999492465224,-1.6709274097628009,-1.5301557325662296,0.0347579533922926,-1.6102238,-2.185008140379089,-25.0,-0.9263497879627772
urn:mavedb:00000394-a-1#4852,c.[21C>T;22G>A;23A>T;24C>G;36T>C;39C>T;42C>G;51C>T;69T>C;72C>T;75C>T;82G>C;84C>G;87T>C;120A>G;123T>C;141A>G;165G>A;171T>G;177G>A;183A>G;207T>C],NA,p.[Asp8Met;Asp28Gln],-1.5854404214110174,-1.629468748103536,-1.5264566175365668,0.0402081121939621,-1.6413174,-1.1515713422225615,-2.0809020955356696,-0.6929589256723256
urn:mavedb:00000394-a-1#4853,c.[21C>T;22G>A;23A>T;24C>G;30G>C;42C>G;54G>A;84C>A;87T>C;102T>C;120A>G;123T>C;126C>T;141A>G;177G>A;180G>C],NA,p.[Asp8Met;Asp28Glu],-1.3635191012409145,-1.4154818192690313,-1.3169170336201532,0.0380845253918691,-1.6056824,-0.1695057149710083,-0.347168615174352,-0.0331464264244585
urn:mavedb:00000394-a-1#4854,c.[3C>T;6T>G;21C>T;22G>A;23A>T;24C>G;42C>G;51C>T;60T>C;75C>T;78C>T;82G>A;102T>C;114C>T;120A>G;123T>C;141A>G;156T>C;177G>A],NA,p.[Asp8Met;Asp28Asn],-1.5059802748347906,-1.6765700289636722,-1.4338365240722226,0.03767127525247,-1.6305871,-0.6389130241156311,-25.0,-0.3228366820838892
urn:mavedb:00000394-a-1#4855,c.[3C>T;6T>G;12C>T;18C>T;21C>T;22G>A;23A>T;24C>G;36T>C;42C>G;48C>T;72C>T;75C>T;82G>C;120A>G;123T>C;129G>A;141A>G;165G>A;171T>G],NA,p.[Asp8Met;Asp28His],-1.6109681447256845,-1.71596110025355,-1.497910176656256,0.0379300883626678,-1.625021,-1.9804663805388945,-25.0,-0.6256196094391976
urn:mavedb:00000394-a-1#4856,c.[21C>T;22G>A;23A>T;24C>G;36T>C;42C>G;48C>T;54G>A;82G>C;83A>G;84C>T;120A>G;123T>C;126C>T;141A>G;165G>A;171T>G;174A>G;177G>A;198G>T],NA,p.[Asp8Met;Asp28Arg],-1.640731379790359,-1.6941990277376242,-1.5612464917071052,0.0335856507124906,-1.7325706,-0.8386885136512068,-1.381467117219433,-0.4212881385374066
urn:mavedb:00000394-a-1#4857,c.[12C>T;21C>T;22G>A;23A>T;24C>G;30G>C;36T>C;39C>T;42C>G;82G>A;84C>A;120A>G;141A>G;165G>A;171T>G;174A>G;177G>A],NA,p.[Asp8Met;Asp28Lys],-1.7332258516827783,-1.801967085940965,-1.6780239620418005,0.0418741329973854,-1.672245,-15.0,-25.0,-5.0
urn:mavedb:00000394-a-1#4858,c.[3C>T;6T>G;21C>T;22G>A;23A>T;24C>G;36T>C;42C>G;51C>T;82G>A;83A>C;120A>G;123T>C;129G>A;141A>G;165G>A;168G>A;174A>G;198G>T;207T>C],NA,p.[Asp8Met;Asp28Thr],-1.4395875713721733,-1.481343139871198,-1.3895764175262422,0.0389677383390164,-1.6480808,-0.2807664454277743,-0.440277289520213,-0.1196818603630024
urn:mavedb:00000394-a-1#4859,c.[6T>G;9G>A;21C>T;22G>A;23A>T;24C>G;27G>A;30G>C;36T>C;42C>G;57T>G;60T>C;69T>C;72C>T;78C>T;82G>T;83A>C;84C>T;120A>G;141A>G;165G>A;171T>G;177G>A],NA,p.[Asp8Met;Asp28Ser],-1.4082132916865555,-1.510553557366763,-1.360615479955216,0.0473126459859489,-1.6521602,-0.1639557323459216,-0.5528070194923919,-0.0255380620190794
urn:mavedb:00000394-a-1#4860,c.[21C>T;22G>A;23A>T;24C>G;36T>C;42C>G;51C>T;54G>A;72C>T;75C>T;78C>T;83A>C;84C>G;120A>G;123T>C;141A>G;165G>A;171T>G;177G>A],NA,p.[Asp8Met;Asp28Ala],-1.4416154232487504,-1.478422471673522,-1.3796617798568838,0.046702791328384,-1.6631064,-0.2362986656595369,-0.368197365241297,-0.0478852309145641
urn:mavedb:00000394-a-1#4861,c.[3C>T;21C>T;22G>A;23A>T;24C>G;36T>C;42C>G;83A>G;84C>T;120A>G;123T>C;126C>T;141A>G;165G>A;171T>G;174A>G;177G>A;198G>T;207T>C],NA,p.[Asp8Met;Asp28Gly],-1.5035770618923063,-1.6410572704409772,-1.4260955469918464,0.0459928146673065,-1.6441822,-0.5576275972166462,-2.8597705947653806,-0.2477442535576931
urn:mavedb:00000394-a-1#4862,c.[3C>T;6T>G;21C>T;22G>A;23A>T;24C>G;39C>T;42C>G;51C>T;60T>C;63G>C;75C>T;78C>T;82G>A;83A>T;84C>G;90T>C;120A>G;123T>C;141A>G;165G>A;171T>G;174A>G;177G>A;207T>C],NA,p.[Asp8Met;Asp28Met],0.9412794726634426,0.7633287278993852,1.011701935515565,0.164244351764027,-1.6807971,3.516642334227312,3.272772953334368,3.613807090402645
urn:mavedb:00000394-a-1#4863,c.[21C>T;22G>A;23A>T;24C>G;36T>C;42C>G;51C>T;54G>A;66G>A;69T>C;82G>T;83A>G;120A>G;123T>C;132C>T;141A>G;165G>A;168G>A;177G>A;180G>C],NA,p.[Asp8Met;Asp28Cys],-0.7317114443973358,-0.7438728461877893,-0.7062833118947602,0.0535098878313414,-1.6621013,1.170453385387337,1.152007706412318,1.2088034263772232
urn:mavedb:00000394-a-1#4864,c.[3C>T;6T>G;21C>T;22G>A;23A>T;24C>G;36T>C;42C>G;51C>T;72C>T;75C>T;82G>C;83A>T;84C>G;87T>C;123T>C;141A>G;171T>G;174A>G;177G>A],NA,p.[Asp8Met;Asp28Leu],-0.8186856007066786,-0.8800712240657912,-0.754877922483511,0.0645386007785333,-1.6677475,1.0456703475498752,0.94894744314335,1.143853154586331
urn:mavedb:00000394-a-1#4865,c.[21C>T;22G>A;23A>T;24C>G;36T>C;42C>G;69T>C;72C>T;83A>T;84C>T;120A>G;123T>C;126C>T;141A>G;165G>A;171T>G;174A>G;177G>A],NA,p.[Asp8Met;Asp28Val],-0.9721285042822332,-1.0552988246326946,-0.8814032071885337,0.0768726575361988,-1.6545229,0.7764408582099303,0.6323012993687599,0.9256420804432398
urn:mavedb:00000394-a-1#4866,c.[6T>G;9G>A;12C>T;21C>T;22G>A;23A>T;24C>G;42C>G;51C>T;78C>T;82G>A;83A>T;120A>G;123T>C;141A>G;174A>G],NA,p.[Asp8Met;Asp28Ile],-0.9134960504559562,-0.9746449912669468,-0.8510035607766941,0.0499877032832395,-1.6631408,0.8877040505194564,0.7867064925888857,0.9877872708035512
urn:mavedb:00000394-a-1#4867,c.[21C>T;22G>A;23A>T;24C>G;36T>C;42C>G;51C>T;54G>A;72C>T;75C>T;82G>T;83A>G;84C>G;120A>G;123T>C;135C>T;141A>G;180G>C;195G>A],NA,p.[Asp8Met;Asp28Trp],-0.6739792264461226,-0.6995041588472626,-0.6517347334353037,0.0492105653036881,-1.688859,1.2968174084275983,1.2589387915375658,1.3296348589816456
urn:mavedb:00000394-a-1#4868,c.[15A>G;21C>T;22G>A;23A>T;24C>G;36T>C;42C>G;51C>T;82G>T;84C>T;114C>T;120A>G;123T>C;129G>A;141A>G;171T>G;174A>G;177G>A],NA,p.[Asp8Met;Asp28Tyr],-0.8877388980387653,-0.9141781430399664,-0.8575159622468308,0.0595784739641793,-1.6699009,0.9401332686647452,0.8975634283018534,0.9881744758114148
urn:mavedb:00000394-a-1#4869,c.[12C>T;18C>T;21C>T;22G>A;23A>T;24C>G;36T>C;42C>G;51C>T;82G>T;83A>T;120A>G;123T>C;141A>G;165G>A;171T>G;174A>G;177G>A;198G>T],NA,p.[Asp8Met;Asp28Phe],-0.7092695062082139,-0.7717017047082184,-0.6681021568461996,0.0757410549826213,-1.6827545,1.2352664425957791,1.1410759518917786,1.2964864733791317
urn:mavedb:00000394-a-1#4870,c.[21C>T;22G>A;23A>T;24C>G;36T>C;42C>G;48C>T;54G>A;82G>C;83A>C;84C>G;99G>C;120A>G;123T>C;129G>A;141A>G;165G>A;171T>G;174A>G;177G>A;180G>C;183A>G;189G>A;192C>T;198G>T],NA,p.[Asp8Met;Asp28Pro],-1.4753248485429764,-1.5218056438020215,-1.4224321927788328,0.0321781315363906,-1.6393452,-0.451735884034985,-0.6777185279469287,-0.2517222474533617
urn:mavedb:00000394-a-1#4871,c.[3C>T;6T>G;12C>T;21C>T;22G>T;23A>G;36T>C;42C>G;69T>C;72C>T;82G>C;84C>G;120A>G;129G>A;141A>G;165G>A;171T>G;174A>G;177G>A],NA,p.[Asp8Cys;Asp28Gln],-0.540592210935249,-0.5740561743456439,-0.5280307700964495,0.0483081780149412,-1.6192951,1.390610787187889,1.3416364548070112,1.4089051857844803
urn:mavedb:00000394-a-1#4872,c.[21C>T;22G>T;23A>G;24C>T;36T>C;42C>G;48C>T;84C>A;87T>C;120A>G;123T>C;141A>G],NA,p.[Asp8Cys;Asp28Glu],-0.1468150344790223,-0.1710369190850901,-0.1295915946882451,0.0616826891462434,-1.581728,1.8959269757091544,1.862237459844556,1.9198413159417875
urn:mavedb:00000394-a-1#4873,c.[15A>G;18C>T;21C>T;22G>T;23A>G;36T>C;39C>T;42C>G;51C>T;54G>A;57T>G;66G>A;72C>T;75C>T;82G>A;120A>G;123T>C;141A>G;177G>A],NA,p.[Asp8Cys;Asp28Asn],-0.8092965891004249,-0.859422798697631,-0.780151983590695,0.0477560832361927,-1.6079445,0.9664548422652992,0.8859086781685552,1.0124702718741536
urn:mavedb:00000394-a-1#4874,c.[3C>T;6T>G;21C>T;22G>T;23A>G;36T>C;42C>G;51C>T;82G>C;120A>G;123T>C;141A>G;165G>A;168G>A;177G>A],NA,p.[Asp8Cys;Asp28His],-0.8803071321021059,-0.90601870787371,-0.8519181727860597,0.0392243379677081,-1.6020708,0.8421003009663687,0.7994033063465247,0.8885631776968984
urn:mavedb:00000394-a-1#4875,c.[21C>T;22G>T;23A>G;36T>C;42C>G;51C>T;72C>T;75C>T;82G>C;83A>G;84C>T;120A>G;123T>C;141A>G],NA,p.[Asp8Cys;Asp28Arg],-0.9149828670474014,-0.9839919123011212,-0.7838990267533882,0.0510329946791026,-1.7174702,0.9724851245102712,0.8612980249344299,1.175226208902145
urn:mavedb:00000394-a-1#4876,c.[21C>T;22G>T;23A>G;36T>C;42C>G;82G>A;84C>A;120A>G;129G>A;141A>G;165G>A;168G>A],NA,p.[Asp8Cys;Asp28Lys],-1.0006147803785224,-1.0585483016660242,-0.9537970951685352,0.0353546648572067,-1.652214,0.7240140904280834,0.6223593245102078,0.8033312885555176
urn:mavedb:00000394-a-1#4877,c.[21C>T;22G>T;23A>G;27G>A;48C>T;82G>A;83A>C;120A>G;123T>C;129G>A;141A>G;177G>A],NA,p.[Asp8Cys;Asp28Thr],-0.7800017583146228,-0.8474645676763997,-0.7403568987597834,0.0613984691752419,-1.6264668,1.04165430273756,0.9350981571934768,1.1029714048656591
urn:mavedb:00000394-a-1#4878,c.[21C>T;22G>T;23A>G;36T>C;42C>G;72C>T;75C>T;82G>T;83A>C;84C>T;123T>C;126C>T;129G>A;141A>G;165G>A;171T>G;174A>G;177G>A;198G>T],NA,p.[Asp8Cys;Asp28Ser],-0.8546719815983916,-0.8723529478948242,-0.833893574747495,0.038646134052573,-1.6307983,0.9304836794279002,0.9019930722478452,0.9636700089604048
urn:mavedb:00000394-a-1#4879,c.[3C>T;6T>G;21C>T;22G>T;23A>G;36T>C;42C>G;69T>C;72C>T;75C>T;83A>C;84C>G;87T>C;120A>G;141A>G;168G>A;174A>G;180G>C],NA,p.[Asp8Cys;Asp28Ala],-0.7918772033829984,-0.8412007217078288,-0.7609212200650952,0.039990177045026,-1.6424527,1.048042154367152,0.9705674937844928,1.0959224057632893
urn:mavedb:00000394-a-1#4880,c.[21C>T;22G>T;23A>G;36T>C;42C>G;51C>T;60T>C;72C>T;75C>T;83A>G;84C>T;120A>G;123T>C;132C>T;141A>G;177G>A],NA,p.[Asp8Cys;Asp28Gly],-0.9175509485987025,-0.9386461551586072,-0.8456637000135592,0.0494399340546558,-1.6223307,0.8139550604341291,0.7786305866375488,0.931356251733164
urn:mavedb:00000394-a-1#4881,c.[3C>T;6T>G;21C>T;22G>T;23A>G;36T>C;42C>G;48C>T;69T>C;72C>T;75C>T;78C>T;82G>A;83A>T;84C>G;120A>G;123T>C;141A>G;147G>C;162G>C;165G>A;168G>A;207T>C],NA,p.[Asp8Cys;Asp28Met],-0.3771180291330448,-0.4055609468668488,-0.3309155826797512,0.0669612634213687,-1.661377,1.6849439758968596,1.6447536549139137,1.7499336984292655
urn:mavedb:00000394-a-1#4882,c.[6T>G;9G>A;12C>T;21C>T;22G>T;23A>G;36T>C;42C>G;48C>T;54G>A;82G>T;83A>G;120A>G;123T>C;126C>T;132C>T;141A>G;147G>C;165G>A;168G>A;171T>G;174A>G;177G>A],NA,p.[Asp8Cys;Asp28Cys],-0.681073265835342,-0.7376748353259398,-0.6509754644211013,0.035367400493137,-1.6413803,1.215562135386472,1.1299028296993068,1.2605443011169255
urn:mavedb:00000394-a-1#4883,c.[21C>T;22G>T;23A>G;36T>C;42C>G;82G>C;83A>T;120A>G;123T>C;126C>T;129G>A;141A>G;171T>G;174A>G;177G>A;207T>C],NA,p.[Asp8Cys;Asp28Leu],-0.4648644510027271,-0.4849481467647507,-0.4523897057256377,0.0550417862443427,-1.6474056,1.540506695576918,1.5117233736820008,1.558338472004675
urn:mavedb:00000394-a-1#4884,c.[3C>T;6T>G;21C>T;22G>T;23A>G;36T>C;42C>G;51C>T;63G>C;72C>T;75C>T;83A>T;84C>T;120A>G;123T>C;141A>G;165G>A;171T>G],NA,p.[Asp8Cys;Asp28Val],-0.5409605070668599,-0.5669622612954167,-0.5144654077802924,0.0425471958436473,-1.6333103,1.4104665328446402,1.3725543810333505,1.4488953114163734
urn:mavedb:00000394-a-1#4885,c.[3C>T;6T>G;21C>T;22G>T;23A>G;36T>C;42C>G;72C>T;75C>T;78C>T;82G>A;83A>T;120A>G;123T>C;126C>T;129G>A;141A>G;165G>A;171T>G;174A>G;198G>T],NA,p.[Asp8Cys;Asp28Ile],-0.5662842299401963,-0.5930619269849321,-0.5459779841474213,0.0556338136601132,-1.6424885,1.386938837620237,1.3477590137725624,1.416503305210623
urn:mavedb:00000394-a-1#4886,c.[3C>T;6T>G;21C>T;22G>T;23A>G;36T>C;51C>T;72C>T;75C>T;82G>T;83A>G;84C>G;87T>C;120A>G;123T>C;129G>A;141A>G;165G>A;168G>A;171T>G;174A>G;177G>A],NA,p.[Asp8Cys;Asp28Trp],-0.4774534196425324,-0.5185064753300197,-0.4597095695133917,0.050613880674621,-1.6700387,1.554834090489614,1.4959954625730771,1.5801467899249997
urn:mavedb:00000394-a-1#4887,c.[3C>T;6T>G;21C>T;22G>T;23A>G;36T>C;42C>G;48C>T;72C>T;75C>T;82G>T;120A>G;123T>C;141A>G;165G>A;171T>G;177G>A],NA,p.[Asp8Cys;Asp28Tyr],-0.5801957648389143,-0.6541333390674697,-0.5501395572799763,0.054350455920706,-1.6497078,1.3771601276328256,1.268226378423191,1.420936011157786
urn:mavedb:00000394-a-1#4888,c.[12C>T;21C>T;22G>T;23A>G;36T>C;42C>G;82G>T;83A>T;120A>G;123T>C;126C>T;141A>G;177G>A],NA,p.[Asp8Cys;Asp28Phe],-0.5006606170808642,-0.5531210070623194,-0.453376104210596,0.0825499391490283,-1.6634774,1.5122173364182874,1.4365679360236026,1.579831892167194
urn:mavedb:00000394-a-1#4889,c.[21C>T;22G>T;23A>G;36T>C;42C>G;75C>T;82G>C;83A>C;84C>G;120A>G;129G>A;141A>G;165G>A;171T>G;174A>G;177G>A],NA,p.[Asp8Cys;Asp28Pro],-1.0315936330282716,-1.0939538633129602,-0.9429142000034488,0.0382738712362439,-1.6172056,0.6078884151210802,0.4922919927708376,0.7627609404728293
urn:mavedb:00000394-a-1#4890,c.[21C>T;22G>C;23A>T;24C>G;36T>C;42C>G;63G>C;82G>C;84C>G;99G>C;120A>G;123T>C;126C>T;138T>C;183A>G;195G>A;207T>C],NA,p.[Asp8Leu;Asp28Gln],-1.4752427064687317,-1.4886863776285697,-1.4541942234645278,0.034698655124594,-1.6296763,-0.4934589924145832,-0.5557697143330106,-0.4044050296851631
urn:mavedb:00000394-a-1#4891,c.[6T>G;9G>A;21C>T;22G>C;23A>T;36T>C;42C>G;57T>G;69T>C;72C>T;84C>G;120A>G;141A>G;165G>A;168G>A;171T>G;174A>G],NA,p.[Asp8Leu;Asp28Glu],-1.253480270591849,-1.271005695098007,-1.229167926926799,0.0194863572615748,-1.5929928,0.0987035559772335,0.054786050182483,0.157225219972599
urn:mavedb:00000394-a-1#4892,c.[21C>T;22G>C;23A>T;27G>A;36T>C;42C>G;82G>A;120A>G;123T>C;126C>T;129G>A;141A>G;165G>A;171T>G;174A>G;177G>A;207T>C],NA,p.[Asp8Leu;Asp28Asn],-1.4588485955176251,-1.5587817608249297,-1.360782986402112,0.037869206381058,-1.618609,-0.4700172775932187,-1.109253007889924,-0.1216983706646097
urn:mavedb:00000394-a-1#4893,c.[3C>T;6T>G;21C>T;22G>C;23A>T;24C>G;36T>C;42C>G;51C>T;60T>C;72C>T;75C>T;82G>C;120A>G;123T>C;141A>G;165G>A;171T>G;174A>G],NA,p.[Asp8Leu;Asp28His],-1.1562178226700377,-1.2494047780949575,-1.1036776920430655,0.0523020712240492,-1.6128764,0.3606630107075141,0.1563884515794539,0.465298020006391
urn:mavedb:00000394-a-1#4894,c.[12C>T;21C>T;22G>C;23A>T;24C>G;27G>A;36T>C;42C>G;60T>C;72C>T;75C>T;82G>C;83A>G;84C>T;120A>G;123T>C;126C>T;141A>G;177G>A],NA,p.[Asp8Leu;Asp28Arg],-1.4816538123386591,-1.5350385658670098,-1.416592985423868,0.0473122696480315,-1.7246509,-0.1669227455917567,-0.3494034970120897,0.0186923783790989
urn:mavedb:00000394-a-1#4895,c.[21C>T;22G>C;23A>T;24C>G;36T>C;42C>G;63G>C;69T>C;72C>T;82G>A;84C>A;120A>G;123T>C;126C>T;141A>G;165G>A;168G>A;171T>G;174A>G;177G>A],NA,p.[Asp8Leu;Asp28Lys],-1.5366980249449451,-1.5845615968631246,-1.4910760865562394,0.036999925556015,-1.6616807,-0.6369071411826781,-0.9501498252352708,-0.4242320920708212
urn:mavedb:00000394-a-1#4896,c.[6T>G;9G>A;21C>T;22G>C;23A>T;24C>G;27G>A;36T>C;42C>G;51C>T;60T>C;69T>C;72C>T;82G>A;83A>C;120A>G;123T>C;129G>A;141A>G;165G>A;171T>G;174A>G;177G>A],NA,p.[Asp8Leu;Asp28Thr],-1.4547437409212027,-1.50526175655113,-1.3066469346680585,0.0429044825903103,-1.6366615,-0.3789234780979701,-0.6033676139703977,0.0750857125288324
urn:mavedb:00000394-a-1#4897,c.[9G>A;21C>T;22G>C;23A>T;24C>G;27G>A;36T>C;42C>G;51C>T;63G>C;72C>T;75C>T;82G>T;83A>C;84C>T;114C>T;120A>G;123T>C;132C>T;141A>G;165G>A;171T>G;174A>G;180G>C],NA,p.[Asp8Leu;Asp28Ser],-1.409725055898118,-1.5212223222860333,-1.3204012848185152,0.032679043972228,-1.6408772,-0.2045218934514475,-0.6658964807658596,0.0509145726851365
urn:mavedb:00000394-a-1#4898,c.[21C>T;22G>C;23A>T;24C>G;36T>C;42C>G;51C>T;63G>C;66G>A;69T>C;72C>T;78C>T;83A>C;84C>G;120A>G;123T>C;141A>G;165G>A;171T>G;174A>G;177G>A],NA,p.[Asp8Leu;Asp28Ala],-1.3588527611031722,-1.423749070979081,-1.2724825071867518,0.042230296305181,-1.6522064,-0.0206077296664003,-0.2132830575486745,0.1941356446937656
urn:mavedb:00000394-a-1#4899,c.[9G>A;12C>T;21C>T;22G>C;23A>T;24C>G;36T>C;63G>C;83A>G;84C>T;120A>G;141A>G;144C>T;165G>A;168G>A;177G>A;180G>C],NA,p.[Asp8Leu;Asp28Gly],-1.4920559311026678,-1.581525575046178,-1.397771997892625,0.0436738370488823,-1.6326337,-0.5577582204514214,-1.206561872804084,-0.1925883888552621
urn:mavedb:00000394-a-1#4900,c.[22G>C;23A>T;24C>G;36T>C;42C>G;66G>A;75C>T;78C>T;82G>A;83A>T;84C>G;120A>G;129G>A;141A>G;177G>A;207T>C],NA,p.[Asp8Leu;Asp28Met],-0.8740752002349808,-0.9342182427074966,-0.8375002652361957,0.064675666185771,-1.6705627,0.9629831372674283,0.866012696065263,1.0206908813240072
urn:mavedb:00000394-a-1#4901,c.[21C>T;22G>C;23A>T;24C>G;27G>A;36T>C;42C>G;60T>C;69T>C;72C>T;82G>T;83A>G;102T>C;123T>C;126C>T;141A>G;165G>A;171T>G;174A>G;177G>A;186A>G],NA,p.[Asp8Leu;Asp28Cys],-0.7081501536075834,-0.7626647946184408,-0.6908706314221872,0.0425898067895887,-1.6511645,1.189538196555818,1.106621611813643,1.2155338566727791
urn:mavedb:00000394-a-1#4902,c.[18C>T;21C>T;22G>C;23A>T;24C>G;36T>C;42C>G;48C>T;60T>C;78C>T;82G>C;83A>T;84C>G;120A>G;123T>C;141A>G;165G>A;168G>A;180G>C;207T>C],NA,p.[Asp8Leu;Asp28Leu],-0.9266788656469008,-1.0241125634746309,-0.8820416702184697,0.0577359428614886,-1.6570163,0.8561756388870028,0.6916656483843231,0.9286201032672944
urn:mavedb:00000394-a-1#4903,c.[3C>T;6T>G;22G>C;23A>T;24C>G;36T>C;42C>G;69T>C;72C>T;83A>T;84C>T;120A>G;129G>A;141A>G;174A>G],NA,p.[Asp8Leu;Asp28Val],-0.9584617720074032,-1.0158900393700292,-0.9100662271423312,0.0482464226521934,-1.6433201,0.78059765467095,0.6821215871467402,0.8609657165688492
urn:mavedb:00000394-a-1#4904,c.[9G>A;12C>T;21C>T;22G>C;23A>T;36T>C;42C>G;72C>T;75C>T;78C>T;82G>A;83A>T;120A>G;123T>C;126C>T;129G>A;141A>G;171T>G;174A>G;180G>C],NA,p.[Asp8Leu;Asp28Ile],-0.8955380813644729,-0.9530284827234712,-0.8488544450482512,0.0534800435726041,-1.6522412,0.8991608112991241,0.8046602775849431,0.973947425051022
urn:mavedb:00000394-a-1#4905,c.[3C>T;6T>G;22G>C;23A>T;24C>G;36T>C;42C>G;51C>T;82G>T;83A>G;84C>G;120A>G;123T>C;141A>G;165G>A;168G>A;174A>G;207T>C],NA,p.[Asp8Leu;Asp28Trp],-0.7874840999075352,-0.8062378654552191,-0.7515625381919713,0.0433905064686481,-1.6789474,1.1111471865110247,1.0823064415843209,1.1658891765652983
urn:mavedb:00000394-a-1#4906,c.[22G>C;23A>T;24C>G;36T>C;42C>G;51C>T;72C>T;75C>T;82G>T;120A>G;123T>C;141A>G;165G>A;171T>G;174A>G;177G>A],NA,p.[Asp8Leu;Asp28Tyr],-0.9910646884667992,-1.0738154198805092,-0.8471673765419927,0.0571479470311556,-1.6592503,0.7523752621655506,0.6075531456290386,0.9877038087367032
urn:mavedb:00000394-a-1#4907,c.[3C>T;22G>C;23A>T;24C>G;36T>C;42C>G;48C>T;72C>T;75C>T;78C>T;82G>T;83A>T;120A>G;123T>C;141A>G;165G>A;168G>A;171T>G;174A>G],NA,p.[Asp8Leu;Asp28Phe],-1.015567703980087,-1.0997733037664286,-0.97452315611079,0.0525474484766528,-1.6725979,0.7333265383581474,0.5846756883929716,0.8027503452661597
urn:mavedb:00000394-a-1#4908,c.[6T>G;9G>A;21C>T;22G>C;23A>T;24C>G;36T>C;39C>T;42C>G;63G>C;69T>C;78C>T;82G>C;83A>C;84C>G;87T>C;105C>T;120A>G;123T>C;126C>T;141A>G;153A>G;165G>A;168G>A;174A>G],NA,p.[Asp8Leu;Asp28Pro],-1.364677301455255,-1.4462253278930517,-1.2263216743217338,0.0526766269617153,-1.6276407,-0.1064845047469348,-0.3808849446225092,0.242780428967279
urn:mavedb:00000394-a-1#4909,c.[6T>G;9G>A;12C>T;21C>T;23A>T;24C>T;36T>C;51C>T;72C>T;75C>T;78C>T;82G>C;84C>G;120A>G;123T>C;141A>G;180G>C],NA,p.[Asp8Val;Asp28Gln],-1.5561553914652422,-1.6282589883944163,-1.4666219087224972,0.031988207874269,-1.6170897,-1.0978618497090524,-25.0,-0.5113493187061948
urn:mavedb:00000394-a-1#4910,c.[21C>T;23A>T;24C>T;30G>C;36T>C;39C>T;42C>G;84C>G;120A>G;123T>C;126C>T;132C>T;141A>G;165G>A;171T>G;174A>G;177G>A],NA,p.[Asp8Val;Asp28Glu],-1.1867050988676158,-1.2549005732412857,-1.11225954900006,0.0363478392975351,-1.5793419,0.2234365395129365,0.0610340536732996,0.3819385570400639
urn:mavedb:00000394-a-1#4911,c.[6T>G;9G>A;12C>T;21C>T;23A>T;24C>T;36T>C;42C>G;82G>A;120A>G;141A>G;165G>A;171T>G;174A>G;177G>A],NA,p.[Asp8Val;Asp28Asn],-1.5969282428606335,-1.673368378933263,-1.5633932666682937,0.03889706310015,-1.6056819,-2.2585642622058524,-25.0,-1.3224211444752836
urn:mavedb:00000394-a-1#4912,c.[3C>T;6T>G;21C>T;23A>T;24C>T;36T>C;42C>G;60T>C;72C>T;75C>T;82G>C;120A>G;123T>C;126C>T;141A>G;171T>G;177G>A],NA,p.[Asp8Val;Asp28His],-1.3453755243181635,-1.436751933382768,-1.27588472310356,0.0584644164370438,-1.5997796,-0.1319532391559538,-0.4559554908366436,0.0596416669859058
urn:mavedb:00000394-a-1#4913,c.[3C>T;6T>G;21C>T;23A>T;24C>T;36T>C;42C>G;51C>T;72C>T;75C>T;78C>T;82G>C;83A>G;84C>T;96C>T;105C>T;108G>C;120A>G;123T>C;141A>G;168G>A;180G>C;183A>G;198G>T],NA,p.[Asp8Val;Asp28Arg],-1.4691607236333255,-1.5310972377970196,-1.3890950187526734,0.0457005526865607,-1.7159314,-0.1552277999145727,-0.3676253001955095,0.0670701364181652
urn:mavedb:00000394-a-1#4914,c.[21C>T;23A>T;24C>T;30G>C;36T>C;42C>G;48C>T;54G>A;57T>G;82G>A;84C>A;120A>G;123T>C;141A>G;171T>G;174A>G;177G>A],NA,p.[Asp8Val;Asp28Lys],-1.6342416290939927,-1.713739892068917,-1.483840622638541,0.0446082969113853,-1.650198,-1.905511436300487,-25.0,-0.4418720923073395
urn:mavedb:00000394-a-1#4915,c.[9G>A;21C>T;23A>T;24C>T;36T>C;42C>G;51C>T;54G>A;57T>G;82G>A;83A>C;84C>T;120A>G;141A>G;171T>G;174A>G;177G>A;180G>C],NA,p.[Asp8Val;Asp28Thr],-1.6332063824576637,-1.7261569672518429,-1.5602207199783025,0.0430050989762325,-1.6243,-15.0,-25.0,-1.0665235908594124
urn:mavedb:00000394-a-1#4916,c.[3C>T;6T>G;21C>T;23A>T;24C>T;36T>C;42C>G;54G>A;72C>T;75C>T;82G>T;83A>C;84C>T;123T>C;126C>T;141A>G;171T>G;177G>A],NA,p.[Asp8Val;Asp28Ser],-1.5744610883650938,-1.6666134019464416,-1.477501091023942,0.0426922301721041,-1.6286564,-1.170440440589482,-25.0,-0.5082211606802703
urn:mavedb:00000394-a-1#4917,c.[21C>T;23A>T;24C>T;36T>C;42C>G;51C>T;54G>A;83A>C;84C>G;123T>C;141A>G;177G>A;180G>C],NA,p.[Asp8Val;Asp28Ala],-1.5551228077969002,-1.6016474818709,-1.5148335221142055,0.0434805736556652,-1.640378,-0.8863715947839446,-1.3758147008944768,-0.6339099519358637
urn:mavedb:00000394-a-1#4918,c.[3C>T;6T>G;21C>T;23A>T;24C>T;36T>C;42C>G;48C>T;69T>C;72C>T;83A>G;84C>T;114C>T;120A>G;123T>C;141A>G;165G>A;171T>G;174A>G;177G>A],NA,p.[Asp8Val;Asp28Gly],-1.509317657552694,-1.580322306109288,-1.4250870255028136,0.0555486841041985,-1.620142,-0.7165177792917359,-1.3589885643138058,-0.3290724970859718
urn:mavedb:00000394-a-1#4919,c.[18C>T;23A>T;24C>G;36T>C;42C>G;51C>T;54G>A;69T>C;72C>T;78C>T;82G>A;83A>T;84C>G;90T>C;99G>C;120A>G;123T>C;141A>G;165G>A;168G>A;171T>G;174A>G;180G>C;207T>C],NA,p.[Asp8Val;Asp28Met],-1.2420122047774742,-1.3370532110980258,-1.165263143065728,0.0443226796661406,-1.6594195,0.2779800763868598,0.0557390338862334,0.4359501716029748
urn:mavedb:00000394-a-1#4920,c.[12C>T;21C>T;23A>T;24C>T;36T>C;42C>G;48C>T;69T>C;72C>T;82G>T;83A>G;120A>G;123T>C;141A>G;171T>G;174A>G;177G>A],NA,p.[Asp8Val;Asp28Cys],-0.6952269918593634,-0.7212469878936246,-0.6757616692891414,0.0466279500943417,-1.6392994,1.191143693699834,1.151758018466096,1.2204101496036202
urn:mavedb:00000394-a-1#4921,c.[6T>G;9G>A;21C>T;23A>T;24C>T;36T>C;42C>G;48C>T;60T>C;72C>T;75C>T;82G>C;83A>T;84C>G;90T>C;93C>T;96C>T;123T>C;141A>G;165G>A;171T>G;174A>G;177G>A],NA,p.[Asp8Val;Asp28Leu],-0.7592800863716769,-0.8179787799705247,-0.6989883405876401,0.0706679457247757,-1.645361,1.102912681323081,1.011801188124646,1.194605573700075
urn:mavedb:00000394-a-1#4922,c.[3C>T;6T>G;12C>T;21C>T;23A>T;24C>T;36T>C;42C>G;48C>T;72C>T;75C>T;83A>T;84C>T;102T>C;123T>C;135C>T;138T>C;141A>G;165G>A;171T>G;174A>G;177G>A],NA,p.[Asp8Val;Asp28Val],-1.024747149934118,-1.1267740368980133,-0.928752597911786,0.0622968679334531,-1.6311822,0.6451459164259951,0.4560006950829086,0.8100365151773272
urn:mavedb:00000394-a-1#4923,c.[6T>G;9G>A;12C>T;21C>T;23A>T;24C>G;36T>C;42C>G;51C>T;57T>G;60T>C;78C>T;82G>A;83A>T;102T>C;120A>G;123T>C;141A>G;156T>C;165G>A;171T>G;174A>G;177G>A;198G>T],NA,p.[Asp8Val;Asp28Ile],-0.8002699058000573,-0.8404396780325812,-0.7376207244667792,0.041823817514279,-1.6404133,1.031783948983243,0.9685397113692172,1.1285096153774097
urn:mavedb:00000394-a-1#4924,c.[3C>T;6T>G;21C>T;23A>T;24C>T;36T>C;42C>G;51C>T;54G>A;72C>T;75C>T;82G>T;83A>G;84C>G;120A>G;123T>C;141A>G;165G>A;168G>A;174A>G],NA,p.[Asp8Val;Asp28Trp],-0.8634340156176996,-0.8979031178917097,-0.8319348593186797,0.0339612160732186,-1.6681395,0.976028054964202,0.9209983785841368,1.0256101217527915
urn:mavedb:00000394-a-1#4925,c.[3C>T;6T>G;21C>T;23A>T;24C>T;36T>C;42C>G;48C>T;72C>T;75C>T;82G>T;120A>G;123T>C;141A>G;171T>G;174A>G;177G>A],NA,p.[Asp8Val;Asp28Tyr],-0.888130904268829,-0.9091579822798764,-0.8516019865126233,0.0411898620298327,-1.6476765,0.9037635861647606,0.8695793959759439,0.9623396768478144
urn:mavedb:00000394-a-1#4926,c.[21C>T;23A>T;24C>G;36T>C;42C>G;72C>T;75C>T;82G>T;83A>T;120A>G;123T>C;126C>T;135C>T;177G>A],NA,p.[Asp8Val;Asp28Phe],-0.6946498718258534,-0.7689059610394888,-0.6501824334976631,0.0670475102920465,-1.6615338,1.225405498112421,1.1129442522074608,1.291620793674601
urn:mavedb:00000394-a-1#4927,c.[6T>G;9G>A;12C>T;21C>T;23A>T;24C>T;36T>C;42C>G;72C>T;75C>T;78C>T;82G>C;83A>C;84C>G;120A>G;141A>G;162G>C;165G>A;168G>A],NA,p.[Asp8Val;Asp28Pro],-1.4701075906726235,-1.5140763491298308,-1.4365204051042433,0.0369271588400746,-1.6149898,-0.5372307910637474,-0.777741274167603,-0.3924819381927524
urn:mavedb:00000394-a-1#4928,c.[21C>T;22G>A;23A>T;36T>C;42C>G;51C>T;82G>C;84C>G;120A>G;123T>C;141A>G;162G>C;165G>A;168G>A;177G>A;180G>C],NA,p.[Asp8Ile;Asp28Gln],-1.409375711292998,-1.4865569862757049,-1.338929275970575,0.0372997630619428,-1.6268034,-0.2499733602700247,-0.5593593609331438,-0.0356041675492573
urn:mavedb:00000394-a-1#4929,c.[6T>G;9G>A;21C>T;22G>A;23A>T;42C>G;57T>G;66G>A;84C>G;120A>G;126C>T;141A>G;165G>A;171T>G;174A>G;177G>A],NA,p.[Asp8Ile;Asp28Glu],-1.2712432918029708,-1.3915751144307076,-1.1928170578238548,0.0428497336767117,-1.5898705,0.0461850810492776,-0.3171841551367655,0.2333127365520126
urn:mavedb:00000394-a-1#4930,c.[6T>G;9G>A;12C>T;21C>T;22G>A;23A>T;36T>C;42C>G;48C>T;54G>A;82G>A;84C>T;123T>C;129G>A;141A>G;165G>A;168G>A;171T>G;174A>G],NA,p.[Asp8Ile;Asp28Asn],-1.593900024329472,-1.6552414617602973,-1.5338590061476003,0.038377744210358,-1.6156564,-1.721778086422895,-25.0,-0.9127660503104488
urn:mavedb:00000394-a-1#4931,c.[12C>T;21C>T;22G>A;23A>T;36T>C;42C>G;51C>T;72C>T;75C>T;82G>C;120A>G;123T>C;129G>A;141A>G;165G>A;171T>G;177G>A;180G>C],NA,p.[Asp8Ile;Asp28His],-1.3140030504682958,-1.3806667783362534,-1.275906343913629,0.0454823707183166,-1.6098843,-0.0137457789655207,-0.2107971063309567,0.0849970161419236
urn:mavedb:00000394-a-1#4932,c.[15A>G;21C>T;22G>A;23A>T;36T>C;42C>G;48C>T;63G>C;78C>T;82G>C;83A>G;84C>T;120A>G;123T>C;132C>T;141A>G;165G>A;171T>G;174A>G;177G>A],NA,p.[Asp8Ile;Asp28Arg],-1.63920843586405,-1.7203547440427644,-1.5553444988586504,0.0567237953160452,-1.7226748,-0.899912794670407,-3.0330514594685183,-0.437807877577999
urn:mavedb:00000394-a-1#4933,c.[3C>T;6T>G;21C>T;22G>A;23A>T;36T>C;42C>G;78C>T;82G>A;84C>A;120A>G;123T>C;126C>T;141A>G;165G>A;168G>A;174A>G],NA,p.[Asp8Ile;Asp28Lys],-1.4870213804420405,-1.5901825292103755,-1.41778868175593,0.0395373553044803,-1.6590657,-0.418333134600398,-1.021308672811151,-0.172288080816404
urn:mavedb:00000394-a-1#4934,c.[3C>T;21C>T;22G>A;23A>T;36T>C;42C>G;82G>A;83A>C;105C>T;111G>C;120A>G;123T>C;126C>T;132C>T;141A>G;165G>A;171T>G;174A>G;177G>A],NA,p.[Asp8Ile;Asp28Thr],-1.4952640064808822,-1.55717930127012,-1.450525594045089,0.035741996530393,-1.633841,-0.5674802794608403,-0.9539114627564153,-0.3734853350905314
urn:mavedb:00000394-a-1#4935,c.[12C>T;21C>T;22G>A;23A>T;36T>C;42C>G;82G>T;83A>C;84C>T;123T>C;126C>T;129G>A;141A>G;168G>A;207T>C],NA,p.[Asp8Ile;Asp28Ser],-1.4083351379811777,-1.432066227936,-1.385882480204124,0.0372216669752612,-1.6380897,-0.209054464884772,-0.2894566843711558,-0.1385995885474803
urn:mavedb:00000394-a-1#4936,c.[21C>T;22G>A;23A>T;36T>C;42C>G;54G>A;69T>C;72C>T;78C>T;83A>C;84C>G;120A>G;141A>G;177G>A],NA,p.[Asp8Ile;Asp28Ala],-1.2556462364783711,-1.3207705319262537,-1.2131391764873138,0.0418604113631079,-1.6495099,0.2261697226240106,0.0718791889205434,0.3184611573265253
urn:mavedb:00000394-a-1#4937,c.[12C>T;21C>T;22G>A;23A>T;36T>C;42C>G;72C>T;75C>T;83A>G;84C>T;120A>G;123T>C;126C>T;132C>T;141A>G;165G>A;171T>G;174A>G;177G>A],NA,p.[Asp8Ile;Asp28Gly],-1.6699775630346578,-1.774035399010132,-1.6197975491302556,0.0435299444861126,-1.6297827,-15.0,-25.0,-2.1813974034657
urn:mavedb:00000394-a-1#4938,c.[21C>T;22G>A;23A>T;36T>C;42C>G;48C>T;54G>A;63G>C;72C>T;75C>T;78C>T;82G>A;83A>T;84C>G;120A>G;123T>C;141A>G;165G>A;171T>G;174A>G;177G>A;207T>C],NA,p.[Asp8Ile;Asp28Met],-1.0989283232686151,-1.1375276954012934,-1.0580404532022385,0.059360707441641,-1.668026,0.5778711791433367,0.5060493610078295,0.6514258891757282
urn:mavedb:00000394-a-1#4939,c.[6T>G;9G>A;12C>T;21C>T;22G>A;23A>T;36T>C;42C>G;82G>T;83A>G;84C>T;111G>C;120A>G;138T>C;141A>G;165G>A;171T>G;174A>G;177G>A;180G>C],NA,p.[Asp8Ile;Asp28Cys],-0.4761280395263979,-0.5376946216801227,-0.4242108260376287,0.0608090795748511,-1.6484599,1.525885386064162,1.4371784677884665,1.5999911241649376
urn:mavedb:00000394-a-1#4940,c.[12C>T;21C>T;22G>A;23A>T;36T>C;42C>G;54G>A;69T>C;72C>T;82G>C;83A>T;84C>G;120A>G;123T>C;126C>T;141A>G;177G>A],NA,p.[Asp8Ile;Asp28Leu],-0.9228828534598424,-0.947000280438525,-0.8995024808205404,0.0439297608094762,-1.6543603,0.8580475080373394,0.8182305607494524,0.8961698158524029
urn:mavedb:00000394-a-1#4941,c.[3C>T;6T>G;21C>T;22G>A;23A>T;36T>C;42C>G;48C>T;54G>A;72C>T;75C>T;83A>T;84C>T;123T>C;141A>G;165G>A;171T>G;174A>G;177G>A],NA,p.[Asp8Ile;Asp28Val],-0.9148088358719448,-0.98711412496365,-0.8341988585375346,0.0710188181297735,-1.6405525,0.8486350777009364,0.7271792790633581,0.9786550046304346
urn:mavedb:00000394-a-1#4942,c.[3C>T;6T>G;21C>T;22G>A;23A>T;36T>C;42C>G;48C>T;69T>C;72C>T;78C>T;82G>A;83A>T;84C>T;93C>T;123T>C;141A>G;165G>A;171T>G;174A>G;177G>A;207T>C],NA,p.[Asp8Ile;Asp28Ile],-0.7647967864204318,-0.8156206433885349,-0.6421717527328377,0.0720997832958888,-1.6495457,1.100863501588761,1.0220547950003067,1.2857403451282956
urn:mavedb:00000394-a-1#4943,c.[21C>T;22G>A;23A>T;36T>C;72C>T;75C>T;78C>T;82G>T;83A>G;84C>G;111G>C;141A>G;165G>A;171T>G;174A>G;177G>A],NA,p.[Asp8Ile;Asp28Trp],-0.6940436336578044,-0.7301468712133674,-0.5803460100830967,0.0888629086545707,-1.6764884,1.248651901229423,1.1945332841390088,1.4159291295276448
urn:mavedb:00000394-a-1#4944,c.[3C>T;6T>G;21C>T;22G>A;23A>T;36T>C;42C>G;51C>T;78C>T;82G>T;84C>T;120A>G;141A>G;174A>G],NA,p.[Asp8Ile;Asp28Tyr],-0.9335464332320113,-1.0052249303745624,-0.8574446175891721,0.0583015825016682,-1.6566129,0.8442190704220146,0.7236490132592318,0.9672512043460844
urn:mavedb:00000394-a-1#4945,c.[21C>T;22G>A;23A>T;36T>C;42C>G;48C>T;82G>T;83A>T;120A>G;123T>C;141A>G;165G>A;171T>G;174A>G;177G>A],NA,p.[Asp8Ile;Asp28Phe],-1.078866101184686,-1.169056740551106,-1.018343864979549,0.0577378538723789,-1.6700792,0.6179518799633897,0.4493942406335364,0.7242407199366141
urn:mavedb:00000394-a-1#4946,c.[21C>T;22G>A;23A>T;36T>C;72C>T;75C>T;82G>C;83A>C;84C>G;120A>G;123T>C;126C>T;141A>G;165G>A;168G>A;177G>A],NA,p.[Asp8Ile;Asp28Pro],-1.3771659307602826,-1.4581597914587257,-1.3188306640115055,0.0546214764175708,-1.6247525,-0.1527024126811554,-0.4408813723677326,0.013081360519882
urn:mavedb:00000394-a-1#4947,c.[6T>G;9G>A;21C>T;22G>T;23A>G;24C>G;36T>C;39C>T;42C>G;48C>T;57T>G;63G>C;66G>A;69T>C;72C>T;82G>C;84C>G;93C>T;123T>C;129G>A;141A>G;165G>A;171T>G;174A>G;177G>A],NA,p.[Asp8Trp;Asp28Gln],-1.1884299816337696,-1.25209929185738,-1.1225132361827648,0.0530070609185374,-1.6207838,0.3099818330791146,0.1686112805105701,0.4440314458946942
urn:mavedb:00000394-a-1#4948,c.[21C>T;22G>T;23A>G;24C>G;36T>C;72C>T;75C>T;84C>A;87T>C;141A>G;165G>A;171T>G;174A>G;177G>A],NA,p.[Asp8Trp;Asp28Glu],-1.0722160254943178,-1.1496568164677563,-1.0306812075582046,0.0268189070961457,-1.5833411,0.4690315164779188,0.3128086673767208,0.5476209067029636
urn:mavedb:00000394-a-1#4949,c.[12C>T;21C>T;22G>T;23A>G;24C>G;36T>C;42C>G;51C>T;72C>T;75C>T;82G>A;123T>C;141A>G;165G>A;171T>G;174A>G;177G>A],NA,p.[Asp8Trp;Asp28Asn],-1.308028157114962,-1.3678034044183929,-1.2809600417700622,0.0385467217004776,-1.6094737,0.0011996427677979,-0.1710480879863402,0.0713196961415893
urn:mavedb:00000394-a-1#4950,c.[21C>T;22G>T;23A>G;24C>G;48C>T;60T>C;63G>C;69T>C;72C>T;82G>C;84C>T;120A>G;123T>C;141A>G;177G>A;180G>C],NA,p.[Asp8Trp;Asp28His],0.4489318206837209,0.298996524685831,0.5209283054389294,0.1540897801539727,-1.60362,2.741199373752582,2.5373020844799536,2.839081053330737
urn:mavedb:00000394-a-1#4951,c.[3C>T;6T>G;21C>T;22G>T;23A>G;24C>G;36T>C;42C>G;82G>C;83A>G;84C>T;120A>G;138T>C;141A>G;153A>G;174A>G],NA,p.[Asp8Trp;Asp28Arg],-1.263469027310283,-1.329396528352308,-1.182401639520754,0.0400465795606588,-1.7185073,0.3573055474527013,0.2154679561949909,0.5166266899369313
urn:mavedb:00000394-a-1#4952,c.[3C>T;6T>G;21C>T;22G>T;23A>G;24C>G;36T>C;51C>T;82G>A;84C>A;120A>G;123T>C;141A>G;165G>A;171T>G;174A>G;177G>A;198G>T],NA,p.[Asp8Trp;Asp28Lys],-1.309336156358824,-1.394113471947826,-1.2145140875010074,0.0551807007394615,-1.6535745,0.1102742604163795,-0.1168382812641249,0.3241175660031473
urn:mavedb:00000394-a-1#4953,c.[3C>T;6T>G;21C>T;22G>T;23A>G;24C>G;36T>C;42C>G;54G>A;69T>C;72C>T;82G>A;83A>C;84C>T;120A>G;123T>C;126C>T;129G>A;141A>G;162G>C;165G>A;171T>G;177G>A],NA,p.[Asp8Trp;Asp28Thr],-1.11190696854515,-1.129227465331401,-1.0696876665158206,0.038775070753578,-1.6279297,0.47844955186227,0.4448737981649711,0.5579363010230378
urn:mavedb:00000394-a-1#4954,c.[3C>T;21C>T;22G>T;23A>G;24C>G;36T>C;42C>G;72C>T;75C>T;82G>T;83A>C;84C>T;120A>G;123T>C;126C>T;129G>A;141A>G;165G>A;168G>A;177G>A;207T>C],NA,p.[Asp8Trp;Asp28Ser],-1.3143510765226063,-1.355631575201453,-1.274378006336893,0.0408650251826429,-1.632246,0.044293102139694,-0.0670759802254593,0.1431173194089535
urn:mavedb:00000394-a-1#4955,c.[12C>T;21C>T;22G>T;23A>G;24C>G;36T>C;42C>G;48C>T;54G>A;83A>C;84C>G;120A>G;123T>C;129G>A;141A>G;171T>G;174A>G],NA,p.[Asp8Trp;Asp28Ala],-1.2195590323796417,-1.2585019444223715,-1.187588175505139,0.0360301256727975,-1.6438541,0.2928090700740299,0.2069755099323845,0.3598478685808472
urn:mavedb:00000394-a-1#4956,c.[9G>A;21C>T;22G>T;23A>G;24C>G;36T>C;42C>G;60T>C;83A>G;84C>T;105C>T;120A>G;138T>C;141A>G;147G>C;168G>A;174A>G;180G>C],NA,p.[Asp8Trp;Asp28Gly],-1.1546933471290708,-1.2264897785973925,-1.1081311118893378,0.0536587962693432,-1.6238093,0.3860423958673628,0.2338968913936293,0.4777888222245119
urn:mavedb:00000394-a-1#4957,c.[6T>G;9G>A;12C>T;21C>T;22G>T;23A>G;24C>G;36T>C;42C>G;51C>T;72C>T;75C>T;78C>T;82G>A;83A>T;84C>G;120A>G;123T>C;132C>T;141A>G;156T>C;174A>G;207T>C],NA,p.[Asp8Trp;Asp28Met],-0.9599956130117812,-1.0285815810732548,-0.8601567959934611,0.0707233871911897,-1.6626983,0.8104764519158247,0.693774637672028,0.9726010300957144
urn:mavedb:00000394-a-1#4958,c.[21C>T;22G>T;23A>G;24C>G;36T>C;42C>G;48C>T;63G>C;78C>T;82G>T;83A>G;120A>G;123T>C;132C>T;141A>G;165G>A;171T>G;174A>G;177G>A;195G>A],NA,p.[Asp8Trp;Asp28Cys],-0.6641917147279464,-0.6843678349166774,-0.6105543567045199,0.026113463682607,-1.642786,1.242935357284663,1.2127254894709525,1.3224768404163667
urn:mavedb:00000394-a-1#4959,c.[21C>T;22G>T;23A>G;24C>G;36T>C;42C>G;48C>T;69T>C;72C>T;82G>C;83A>T;84C>G;120A>G;123T>C;141A>G;153A>G;156T>C;165G>A;168G>A;177G>A],NA,p.[Asp8Trp;Asp28Leu],-0.6321965988091238,-0.6776256751044837,-0.6074010510785266,0.045137752417089,-1.648787,1.2993850591330045,1.23182007443334,1.335942560680793
urn:mavedb:00000394-a-1#4960,c.[6T>G;9G>A;21C>T;22G>T;23A>G;24C>G;42C>G;60T>C;69T>C;72C>T;75C>T;83A>T;84C>T;120A>G;141A>G;156T>C;165G>A;168G>A;171T>G;177G>A],NA,p.[Asp8Trp;Asp28Val],-0.8882479366346989,-1.0502466800727317,-0.8333038592382451,0.0855790508854733,-1.6347485,0.8826052583287076,0.6058777775444839,0.9708779292008668
urn:mavedb:00000394-a-1#4961,c.[21C>T;22G>T;23A>G;24C>G;36T>C;42C>G;72C>T;75C>T;78C>T;82G>A;83A>T;84C>T;87T>C;120A>G;123T>C;126C>T;135C>T;141A>G;165G>A;171T>G;174A>G],NA,p.[Asp8Trp;Asp28Ile],-0.6864074680976737,-0.7319306554684131,-0.6613882859185264,0.0540359015683621,-1.6438899,1.211319323197099,1.1424854397413189,1.2487656363484374
urn:mavedb:00000394-a-1#4962,c.[3C>T;21C>T;22G>T;23A>G;24C>G;27G>A;30G>C;39C>T;42C>G;48C>T;51C>T;54G>A;75C>T;82G>T;83A>G;84C>G;90T>C;105C>T;120A>G;123T>C;141A>G;162G>C;165G>A;171T>G;174A>G;177G>A],NA,p.[Asp8Trp;Asp28Trp],-0.583304521039,-0.6021193633828172,-0.5535396547462266,0.0485962468416965,-1.6713214,1.404119120357002,1.376683789569207,1.447310127357646
urn:mavedb:00000394-a-1#4963,c.[9G>A;21C>T;22G>T;23A>G;24C>G;36T>C;42C>G;63G>C;72C>T;75C>T;82G>T;120A>G;141A>G;174A>G],NA,p.[Asp8Trp;Asp28Tyr],-0.7047584483635995,-0.7335112435911723,-0.6580772458143204,0.056596220363795,-1.6510792,1.194522561988784,1.151012395573582,1.2643997625461885
urn:mavedb:00000394-a-1#4964,c.[3C>T;6T>G;21C>T;22G>T;23A>G;24C>G;36T>C;69T>C;72C>T;82G>T;83A>T;120A>G;141A>G;165G>A;171T>G;177G>A;180G>C],NA,p.[Asp8Trp;Asp28Phe],-0.6069844553379037,-0.6419558736560588,-0.5853038540138213,0.0494597756671036,-1.6647902,1.360019603007503,1.3085953845399088,1.391700509779326
urn:mavedb:00000394-a-1#4965,c.[21C>T;22G>T;23A>G;24C>G;36T>C;42C>G;82G>C;83A>C;84C>G;120A>G;123T>C;126C>T;141A>G;156T>C;165G>A;168G>A;171T>G;174A>G;177G>A],NA,p.[Asp8Trp;Asp28Pro],-1.2824639960914743,-1.321249157080158,-1.2221861351209269,0.0364881567816842,-1.6187019,0.0906083116187602,-0.0095069747474394,0.232106132876521
urn:mavedb:00000394-a-1#4966,c.[3C>T;6T>G;21C>T;22G>T;36T>C;42C>G;48C>T;82G>C;84C>A;87T>C;120A>G;123T>C;141A>G;165G>A;168G>A;177G>A;180G>C],NA,p.[Asp8Tyr;Asp28Gln],-1.4894633323736246,-1.53035986325567,-1.473733932236497,0.0320716007619133,-1.6161175,-0.6280256712908016,-0.8826139376402317,-0.5490815254085576
urn:mavedb:00000394-a-1#4967,c.[6T>G;9G>A;15A>G;21C>T;22G>T;36T>C;42C>G;72C>T;75C>T;84C>G;120A>G;129G>A;141A>G;171T>G;174A>G;177G>A],NA,p.[Asp8Tyr;Asp28Glu],-1.1776139402485242,-1.2421167937397846,-1.1568900216764886,0.0339006355950886,-1.57829,0.2413688864127557,0.0904572980522084,0.2866131193033286
urn:mavedb:00000394-a-1#4968,c.[3C>T;6T>G;21C>T;22G>T;36T>C;82G>A;120A>G;123T>C;126C>T;135C>T;141A>G;150C>T;165G>A;171T>G;174A>G;177G>A;198G>T;207T>C],NA,p.[Asp8Tyr;Asp28Asn],-1.4648935867249435,-1.5379229733654034,-1.373485073107097,0.0340265667477209,-1.6046829,-0.5615713642180101,-1.0409164864783125,-0.2043678661141794
urn:mavedb:00000394-a-1#4969,c.[3C>T;6T>G;12C>T;21C>T;22G>T;36T>C;42C>G;54G>A;60T>C;82G>C;120A>G;123T>C;126C>T;141A>G;171T>G;174A>G;177G>A],NA,p.[Asp8Tyr;Asp28His],-1.2896122613261178,-1.3385175432518888,-1.268384589347487,0.0408520639570738,-1.5987682,0.0215992119457971,-0.1144861690980022,0.0760196459295864
urn:mavedb:00000394-a-1#4970,c.[12C>T;21C>T;22G>T;36T>C;42C>G;51C>T;72C>T;75C>T;82G>C;83A>G;84C>T;123T>C;129G>A;141A>G;165G>A;171T>G],NA,p.[Asp8Tyr;Asp28Arg],-1.4796526427760794,-1.5483483434439076,-1.380520674879411,0.0465537019210616,-1.7152519,-0.1902456888112129,-0.4395913080466504,0.086849805381037
urn:mavedb:00000394-a-1#4971,c.[3C>T;6T>G;21C>T;22G>T;36T>C;42C>G;69T>C;72C>T;82G>A;84C>A;120A>G;123T>C;126C>T;141A>G;165G>A;171T>G;174A>G;177G>A],NA,p.[Asp8Tyr;Asp28Lys],-1.5008264724330118,-1.5773010826168452,-1.4165436385224237,0.0486177104482247,-1.6493077,-0.5204650315798766,-0.9934444579549772,-0.1993207491580464
urn:mavedb:00000394-a-1#4972,c.[6T>G;9G>A;21C>T;22G>T;39C>T;42C>G;63G>C;72C>T;75C>T;82G>A;83A>C;84C>T;120A>G;132C>T;141A>G;165G>A;171T>G;177G>A],NA,p.[Asp8Tyr;Asp28Thr],-1.4051101465387577,-1.4996622625649716,-1.3087008945522762,0.0469844171038925,-1.6233444,-0.2472416620859137,-0.6438791613988858,0.0358991520768997
urn:mavedb:00000394-a-1#4973,c.[21C>T;22G>T;36T>C;42C>G;51C>T;82G>T;83A>C;84C>T;120A>G;123T>C;141A>G;156T>C;165G>A;171T>G;174A>G;177G>A;180G>C;198G>T],NA,p.[Asp8Tyr;Asp28Ser],-1.3449364818560583,-1.4187379225021963,-1.230134753731011,0.0586279711114251,-1.6277113,-0.0497465812180749,-0.2790827894089497,0.2344685081270626
urn:mavedb:00000394-a-1#4974,c.[3C>T;6T>G;21C>T;22G>T;36T>C;42C>G;51C>T;54G>A;83A>C;84C>G;120A>G;123T>C;141A>G;165G>A;171T>G;174A>G;177G>A;198G>T],NA,p.[Asp8Tyr;Asp28Ala],-1.321698894718757,-1.3702099367761569,-1.2564521037109533,0.0568540360287641,-1.639462,0.0439523943523599,-0.088152862198686,0.2016481722233524
urn:mavedb:00000394-a-1#4975,c.[21C>T;22G>T;27G>A;39C>T;42C>G;72C>T;75C>T;78C>T;83A>G;84C>T;105C>T;120A>G;141A>G;165G>A;171T>G;177G>A;180G>C;183A>G;198G>T],NA,p.[Asp8Tyr;Asp28Gly],-1.4802582416664445,-1.5380778058791034,-1.4112404919733774,0.0398420519778604,-1.6191764,-0.5658121395141426,-0.9182240281260456,-0.2827161896668165
urn:mavedb:00000394-a-1#4976,c.[6T>G;9G>A;12C>T;21C>T;22G>T;36T>C;42C>G;48C>T;78C>T;82G>A;83A>T;84C>G;87T>C;120A>G;123T>C;141A>G;165G>A;168G>A;171T>G;174A>G;177G>A;180G>C;198G>T],NA,p.[Asp8Tyr;Asp28Met],-0.984377715078888,-1.0266823129672424,-0.9325249111869516,0.0518862794221428,-1.658555,0.7625485532749349,0.6898690408269021,0.8490972266319757
urn:mavedb:00000394-a-1#4977,c.[6T>G;9G>A;21C>T;22G>T;36T>C;42C>G;60T>C;66G>A;82G>T;83A>G;99G>C;111G>C;120A>G;123T>C;126C>T;129G>A;141A>G;165G>A;171T>G;174A>G;177G>A],NA,p.[Asp8Tyr;Asp28Cys],-0.7419742283063882,-0.7663200797343862,-0.6583564114409138,0.039411790253188,-1.6383805,1.1187476804489922,1.0813328297659577,1.2450739708362484
urn:mavedb:00000394-a-1#4978,c.[3C>T;6T>G;21C>T;22G>T;36T>C;42C>G;48C>T;54G>A;82G>C;83A>T;84C>G;120A>G;123T>C;141A>G;168G>A;171T>G;174A>G;177G>A;198G>T],NA,p.[Asp8Tyr;Asp28Leu],-0.78914414459897,-0.845558801716535,-0.7074698901390442,0.0716444244063892,-1.6444573,1.05540373460793,0.9668299394845143,1.180445766266142
urn:mavedb:00000394-a-1#4979,c.[6T>G;9G>A;12C>T;21C>T;22G>T;36T>C;42C>G;51C>T;83A>T;84C>T;120A>G;123T>C;141A>G;165G>A;168G>A;177G>A;180G>C],NA,p.[Asp8Tyr;Asp28Val],-1.1501392648843938,-1.279859590322341,-1.0683043209023522,0.0487695350594195,-1.6302433,0.4081202224749357,0.1251882115026313,0.5647502735271627
urn:mavedb:00000394-a-1#4980,c.[3C>T;6T>G;15A>G;18C>T;21C>T;22G>T;36T>C;51C>T;57T>G;75C>T;78C>T;82G>A;83A>T;120A>G;123T>C;132C>T;141A>G;168G>A;171T>G;174A>G;177G>A;180G>C],NA,p.[Asp8Tyr;Asp28Ile],-0.8896215698238499,-0.916317700924832,-0.8655711795545692,0.061176845967424,-1.6394982,0.8880934064358889,0.8444155456483999,0.9269476328641326
urn:mavedb:00000394-a-1#4981,c.[6T>G;9G>A;15A>G;21C>T;22G>T;36T>C;42C>G;72C>T;75C>T;82G>T;83A>G;84C>G;120A>G;129G>A;141A>G;165G>A;171T>G;174A>G;177G>A],NA,p.[Asp8Tyr;Asp28Trp],-0.7261292244198732,-0.8243077955159348,-0.6785100552658837,0.073204240134759,-1.6672997,1.186743463623836,1.036212560672521,1.2581158795208092
urn:mavedb:00000394-a-1#4982,c.[21C>T;22G>T;30G>C;42C>G;78C>T;82G>T;120A>G;129G>A;141A>G;165G>A;171T>G;174A>G;177G>A],NA,p.[Asp8Tyr;Asp28Tyr],-0.8799323306890106,-0.9297094330795752,-0.8312304582075802,0.0746009157281794,-1.6467795,0.9155522174693652,0.8343279849943845,0.9931821344373384
urn:mavedb:00000394-a-1#4983,c.[3C>T;6T>G;21C>T;22G>T;36T>C;42C>G;48C>T;72C>T;75C>T;82G>T;83A>T;120A>G;123T>C;141A>G;165G>A;171T>G;174A>G;177G>A],NA,p.[Asp8Tyr;Asp28Phe],-0.7401835723723158,-0.8889994493494752,-0.6529672832619599,0.0729636447675655,-1.6606755,1.155447184317405,0.9233181326734494,1.2862251451182771
urn:mavedb:00000394-a-1#4984,c.[21C>T;22G>T;36T>C;42C>G;51C>T;60T>C;72C>T;75C>T;78C>T;82G>C;83A>C;84C>G;120A>G;123T>C;141A>G;177G>A],NA,p.[Asp8Tyr;Asp28Pro],-1.4462615017524678,-1.545897670864249,-1.330323137580247,0.044755731907006,-1.6140122,-0.4360392198453937,-1.0283387447532035,-0.0471951838648135
urn:mavedb:00000394-a-1#4985,c.[21C>T;22G>T;23A>T;36T>C;39C>T;42C>G;82G>C;84C>G;123T>C;126C>T;141A>G;165G>A;171T>G;174A>G;177G>A],NA,p.[Asp8Phe;Asp28Gln],-1.3467809905424093,-1.4425392282632297,-1.2886876224915305,0.0345679176537125,-1.6224298,-0.0698152027971234,-0.3868684718363586,0.0844071731742776
urn:mavedb:00000394-a-1#4986,c.[21C>T;22G>T;23A>T;36T>C;42C>G;72C>T;75C>T;84C>G;120A>G;123T>C;126C>T;141A>G;171T>G;174A>G;177G>A],NA,p.[Asp8Phe;Asp28Glu],-1.2950816719649505,-1.357694432064159,-1.1967115968252675,0.0295428355948276,-1.585124,-0.0296359791202598,-0.2166328799354103,0.2139217533360866
urn:mavedb:00000394-a-1#4987,c.[12C>T;21C>T;22G>T;23A>T;36T>C;42C>G;72C>T;75C>T;82G>A;102T>C;120A>G;123T>C;126C>T;141A>G;165G>A;171T>G;174A>G;183A>G],NA,p.[Asp8Phe;Asp28Asn],-1.2908835306548463,-1.4003895004565037,-1.2260508824768095,0.0396303632611904,-1.6111636,0.0504194793258825,-0.2728044227603588,0.2064396464877457
urn:mavedb:00000394-a-1#4988,c.[9G>A;15A>G;21C>T;22G>T;23A>T;36T>C;42C>G;51C>T;60T>C;82G>C;120A>G;123T>C;141A>G;162G>C;165G>A;168G>A;183A>G;189G>A],NA,p.[Asp8Phe;Asp28His],-1.2665618755268178,-1.3041426059560908,-1.2377121620909692,0.0456270672351375,-1.6053314,0.096869762401002,0.0005151310388957,0.1661258211448491
urn:mavedb:00000394-a-1#4989,c.[6T>G;9G>A;12C>T;21C>T;22G>T;23A>T;36T>C;42C>G;48C>T;72C>T;75C>T;78C>T;82G>C;83A>G;84C>T;120A>G;123T>C;141A>G;165G>A;171T>G;174A>G;177G>A;207T>C],NA,p.[Asp8Phe;Asp28Arg],-1.4604417339739195,-1.4984440459014865,-1.404026904242443,0.0513419310966063,-1.7196503,-0.1175986550514876,-0.2372590673199379,0.038417639992893
urn:mavedb:00000394-a-1#4990,c.[21C>T;22G>T;23A>T;36T>C;42C>G;48C>T;82G>A;84C>A;120A>G;123T>C;129G>A;141A>G;165G>A;171T>G;174A>G;198G>T],NA,p.[Asp8Phe;Asp28Lys],-1.4646492147837775,-1.5374447589497426,-1.4274079683121377,0.0431986840243127,-1.655077,-0.346320970285706,-0.6771986254137493,-0.2158606473123969
urn:mavedb:00000394-a-1#4991,c.[3C>T;21C>T;22G>T;23A>T;36T>C;72C>T;75C>T;82G>A;83A>C;84C>T;120A>G;123T>C;126C>T;135C>T;141A>G;165G>A;168G>A;171T>G;177G>A;180G>C],NA,p.[Asp8Phe;Asp28Thr],-1.3515811659800847,-1.411576735786706,-1.308486416250369,0.0349091784628243,-1.6295462,-0.0632529867713059,-0.2481384352791405,0.0524101823474561
urn:mavedb:00000394-a-1#4992,c.[3C>T;6T>G;21C>T;22G>T;23A>T;36T>C;42C>G;51C>T;72C>T;75C>T;82G>T;83A>C;84C>T;120A>G;123T>C;141A>G;165G>A;171T>G;174A>G;177G>A],NA,p.[Asp8Phe;Asp28Ser],-1.5055907388301684,-1.6239876692246555,-1.4413630272342584,0.0495651088474799,-1.6338439,-0.6196313674710967,-2.189021488241196,-0.3386263807480623
urn:mavedb:00000394-a-1#4993,c.[21C>T;22G>T;23A>T;36T>C;48C>T;83A>C;84C>G;120A>G;123T>C;141A>G;162G>C;165G>A;168G>A;177G>A],NA,p.[Asp8Phe;Asp28Ala],-1.3018062714615848,-1.368261290103487,-1.2328705300570026,0.0319895230986043,-1.645401,0.1087044930798323,-0.0655901559302222,0.2673985452267223
urn:mavedb:00000394-a-1#4994,c.[21C>T;22G>T;23A>T;36T>C;42C>G;83A>G;84C>T;120A>G;129G>A;141A>G;165G>A;171T>G;174A>G;177G>A],NA,p.[Asp8Phe;Asp28Gly],-1.631647311941067,-1.713971707625468,-1.5567144025425157,0.0391150449664836,-1.6254425,-15.0,-25.0,-1.0227183783827114
urn:mavedb:00000394-a-1#4995,c.[21C>T;22G>T;23A>T;36T>C;42C>G;48C>T;72C>T;75C>T;78C>T;82G>A;83A>T;84C>G;87T>C;120A>G;123T>C;129G>A;141A>G;165G>A;171T>G;174A>G;177G>A],NA,p.[Asp8Phe;Asp28Met],-1.0853155478312169,-1.1378252408290614,-1.0092675917656653,0.0513979854505357,-1.6641564,0.5956206282819635,0.4981418558139374,0.7296588212065375
urn:mavedb:00000394-a-1#4996,c.[9G>A;12C>T;21C>T;22G>T;23A>T;36T>C;42C>G;51C>T;57T>G;69T>C;72C>T;82G>T;83A>G;96C>T;120A>G;138T>C;141A>G;165G>A;171T>G;174A>G;177G>A;198G>T;207T>C],NA,p.[Asp8Phe;Asp28Cys],-0.5976431563485447,-0.6277294937680296,-0.545876705596161,0.047189715002012,-1.6443381,1.3437473036479837,1.29941638748199,1.4193350542356715
urn:mavedb:00000394-a-1#4997,c.[3C>T;6T>G;21C>T;22G>T;23A>T;36T>C;42C>G;82G>C;83A>T;102T>C;120A>G;123T>C;126C>T;129G>A;132C>T;141A>G;147G>C;165G>A;171T>G;174A>G;177G>A;180G>C;198G>T],NA,p.[Asp8Phe;Asp28Leu],-0.840401878369038,-0.9259610830976815,-0.8085196571570075,0.0496720873990257,-1.6503115,0.9842749823938196,0.8463369662071576,1.034350996564354
urn:mavedb:00000394-a-1#4998,c.[6T>G;9G>A;21C>T;22G>T;23A>T;36T>C;63G>C;72C>T;75C>T;83A>T;84C>T;120A>G;141A>G;171T>G;177G>A],NA,p.[Asp8Phe;Asp28Val],-0.8731710355045563,-0.9841967604513648,-0.74424407497791,0.1083215273035385,-1.6363354,0.9096174479649038,0.7249481919455733,1.1121406976981358
urn:mavedb:00000394-a-1#4999,c.[3C>T;6T>G;21C>T;22G>T;23A>T;36T>C;42C>G;48C>T;51C>T;57T>G;63G>C;66G>A;69T>C;72C>T;78C>T;82G>A;83A>T;102T>C;111G>C;120A>G;123T>C;132C>T;141A>G;168G>A;171T>G;177G>A;180G>C],NA,p.[Asp8Phe;Asp28Ile],-0.7030984148665687,-0.7296332315751654,-0.6398383753995254,0.0746447691716605,-1.6454372,1.1885239773186485,1.1483348897540628,1.283112846907633
urn:mavedb:00000394-a-1#5000,c.[9G>A;15A>G;21C>T;22G>T;23A>T;36T>C;42C>G;48C>T;82G>T;83A>G;84C>G;120A>G;123T>C;141A>G],NA,p.[Asp8Phe;Asp28Trp],-0.6633477575990836,-0.6876862544652261,-0.6204902082692701,0.0503410972816206,-1.6727366,1.2887039779588636,1.2525402156749288,1.3518639024919628
urn:mavedb:00000394-a-1#5001,c.[21C>T;22G>T;23A>T;36T>C;42C>G;48C>T;82G>T;120A>G;123T>C;141A>G;165G>A;171T>G;174A>G;177G>A],NA,p.[Asp8Phe;Asp28Tyr],-1.0486312285767336,-1.0922541551751563,-0.9841761473005286,0.0501953952460241,-1.6525927,0.6407425686556151,0.5617949655351454,0.7527709674604168
urn:mavedb:00000394-a-1#5002,c.[21C>T;22G>T;23A>T;36T>C;42C>G;78C>T;82G>T;83A>T;120A>G;141A>G;177G>A],NA,p.[Asp8Phe;Asp28Phe],-0.6921305907578236,-0.7533812343866317,-0.655833113270494,0.0750502085749006,-1.6662378,1.2362105943221977,1.1438344716520523,1.2902145677435557
urn:mavedb:00000394-a-1#5003,c.[21C>T;22G>T;23A>T;36T>C;51C>T;69T>C;72C>T;82G>C;83A>C;84C>G;120A>G;123T>C;129G>A;141A>G;165G>A;171T>G;174A>G;177G>A],NA,p.[Asp8Phe;Asp28Pro],-1.319256562785037,-1.3610896929593883,-1.234265177338419,0.0281267674904422,-1.6203566,0.0002750094322244,-0.1174089843684149,0.208658708006092
urn:mavedb:00000394-a-1#5004,c.[6T>G;9G>A;15A>G;21C>T;22G>C;23A>C;24C>G;42C>G;69T>C;72C>T;82G>C;84C>G;141A>G;168G>A;177G>A],NA,p.[Asp8Pro;Asp28Gln],-1.491706408846308,-1.5128925918336829,-1.4699573201623977,0.038698674288876,-1.5902324,-0.7932803367334752,-0.9483320025888736,-0.6624578525188242
urn:mavedb:00000394-a-1#5005,c.[21C>T;22G>C;23A>C;24C>G;36T>C;42C>G;84C>A;87T>C;120A>G;123T>C;126C>T;141A>G;165G>A;168G>A;171T>G;174A>G],NA,p.[Asp8Pro;Asp28Glu],-1.3826938564819762,-1.4740808855650318,-1.338865696250081,0.0272154834410913,-1.5504293,-0.436092458423914,-0.9564911478281174,-0.2700551035160828
urn:mavedb:00000394-a-1#5006,c.[9G>A;21C>T;22G>C;23A>C;24C>G;36T>C;42C>G;48C>T;60T>C;82G>A;120A>G;123T>C;141A>G;165G>A;168G>A;174A>G],NA,p.[Asp8Pro;Asp28Asn],-1.5690508651609765,-1.6257091759236346,-1.4965180088973296,0.0427551384052983,-1.5781627,-2.2350617265285333,-25.0,-0.9139501759145842
urn:mavedb:00000394-a-1#5007,c.[21C>T;22G>C;23A>C;24C>G;36T>C;42C>G;69T>C;72C>T;82G>C;120A>G;126C>T;129G>A;141A>G;144C>T;168G>A;177G>A;207T>C],NA,p.[Asp8Pro;Asp28His],-1.435461163968725,-1.5200211213625103,-1.380964463753251,0.0475973055628907,-1.5719333,-0.5778284541579807,-1.196953279819342,-0.3442743732504842
urn:mavedb:00000394-a-1#5008,c.[3C>T;6T>G;21C>T;22G>C;23A>C;24C>G;27G>A;30G>C;36T>C;42C>G;51C>T;82G>C;83A>G;84C>T;123T>C;141A>G;174A>G;207T>C],NA,p.[Asp8Pro;Asp28Arg],-1.6227686529011591,-1.7174655075450698,-1.467455338706416,0.0391563156022165,-1.6967978,-0.9759944072317688,-25.0,-0.2104041463440474
urn:mavedb:00000394-a-1#5009,c.[6T>G;9G>A;12C>T;21C>T;22G>C;23A>C;24C>G;36T>C;42C>G;51C>T;82G>A;84C>A;123T>C;129G>A;141A>G;165G>A;171T>G;174A>G;177G>A],NA,p.[Asp8Pro;Asp28Lys],-1.8255087875365463,-1.896553023652992,-1.696525228031904,0.0343507363464147,-1.6254959,-15.0,-25.0,-5.0
urn:mavedb:00000394-a-1#5010,c.[6T>G;9G>A;21C>T;22G>C;23A>C;24C>G;36T>C;42C>G;57T>G;72C>T;75C>T;82G>A;83A>C;105C>T;120A>G;123T>C;126C>T;141A>G;165G>A;171T>G;174A>G;177G>A;207T>C],NA,p.[Asp8Pro;Asp28Thr],-1.3860069251569982,-1.4996212562553874,-1.3161741939434692,0.0485252648264883,-1.5978813,-0.2689880876867824,-0.7950333790558345,-0.0527246866438751
urn:mavedb:00000394-a-1#5011,c.[6T>G;9G>A;12C>T;21C>T;22G>C;23A>C;24C>G;36T>C;42C>G;51C>T;72C>T;75C>T;82G>T;83A>C;84C>T;120A>G;123T>C;141A>G;165G>A;171T>G;177G>A],NA,p.[Asp8Pro;Asp28Ser],-1.5550800586820204,-1.675652772506265,-1.4807196078956066,0.0572298750637599,-1.60251,-1.2523814636374788,-25.0,-0.6541389764746429
urn:mavedb:00000394-a-1#5012,c.[3C>T;6T>G;9G>A;15A>G;18C>T;21C>T;22G>C;23A>C;24C>G;36T>C;42C>G;51C>T;54G>A;66G>A;69T>C;72C>T;83A>C;84C>G;108G>C;111G>C;120A>G;129G>A;132C>T;141A>G;165G>A;168G>A;174A>G;183A>G;198G>T],NA,p.[Asp8Pro;Asp28Ala],0.1835920935221673,0.0831556354879961,0.5881257553229784,0.1530962494501456,-1.6149964,2.3955232462556992,2.25836650417054,2.945772154388409
urn:mavedb:00000394-a-1#5013,c.[12C>T;21C>T;22G>C;23A>C;24C>G;30G>C;36T>C;42C>G;51C>T;72C>T;75C>T;83A>G;84C>T;141A>G;165G>A;168G>A;177G>A],NA,p.[Asp8Pro;Asp28Gly],-1.6089001658071913,-1.700019373314267,-1.5580301135312655,0.0513372405475278,-1.5934682,-15.0,-25.0,-1.429567286033174
urn:mavedb:00000394-a-1#5014,c.[21C>T;22G>C;23A>C;24C>G;36T>C;42C>G;51C>T;69T>C;72C>T;78C>T;82G>A;83A>T;84C>G;123T>C;141A>G;165G>A;171T>G;174A>G;177G>A;207T>C],NA,p.[Asp8Pro;Asp28Met],-1.3638407969565836,-1.483231158606505,-1.2685837255123271,0.0390010566389375,-1.6353865,-0.0815423766960294,-0.5036908049799613,0.1642078338880321
urn:mavedb:00000394-a-1#5015,c.[21C>T;22G>C;23A>C;24C>G;42C>G;72C>T;75C>T;82G>T;83A>G;84C>T;120A>G;123T>C;126C>T;141A>G;165G>A;171T>G;174A>G;177G>A],NA,p.[Asp8Pro;Asp28Cys],-0.7027550482746708,-0.7540952850872478,-0.666118632535942,0.0532490764585479,-1.6138449,1.1411857755762405,1.062308812835381,1.1966723973287394
urn:mavedb:00000394-a-1#5016,c.[3C>T;6T>G;21C>T;22G>C;23A>C;24C>G;36T>C;42C>G;48C>T;82G>C;83A>T;84C>G;120A>G;123T>C;129G>A;141A>G;165G>A;171T>G;174A>G;177G>A],NA,p.[Asp8Pro;Asp28Leu],-1.234168756351637,-1.3247729207792005,-1.1451930435811906,0.0431492832292619,-1.6203194,0.2087930175130716,-0.0146532805363962,0.3981557892501451
urn:mavedb:00000394-a-1#5017,c.[9G>A;21C>T;22G>C;23A>C;24C>G;36T>C;42C>G;57T>G;83A>T;84C>T;120A>G;141A>G;165G>A;168G>A;171T>G;174A>G;177G>A],NA,p.[Asp8Pro;Asp28Val],-1.1737807384845669,-1.2278945176952043,-1.1156244364898171,0.0496604701604236,-1.6051974,0.3079995215238791,0.1885879435357826,0.4269343557583224
urn:mavedb:00000394-a-1#5018,c.[3C>T;21C>T;22G>C;23A>C;24C>G;36T>C;42C>G;48C>T;51C>T;66G>A;78C>T;82G>A;83A>T;84C>T;108G>C;120A>G;135C>T;141A>G;165G>A;171T>G;174A>G;177G>A;198G>T],NA,p.[Asp8Pro;Asp28Ile],-0.6360084105907553,-0.6793816484484347,-0.5875525157957753,0.0626674433943795,-1.6150355,1.2436078417609076,1.1784556208294628,1.3155064702779808
urn:mavedb:00000394-a-1#5019,c.[15A>G;21C>T;22G>C;23A>C;24C>G;36T>C;42C>G;66G>A;72C>T;75C>T;78C>T;82G>T;83A>G;84C>G;90T>C;120A>G;123T>C;126C>T;141A>G;165G>A;171T>G;174A>G;177G>A],NA,p.[Asp8Pro;Asp28Trp],-0.9633635862497474,-0.9886735457449796,-0.9264655090720644,0.0523167033810352,-1.6447711,0.7747806940954942,0.7317399439986856,0.8363706298496414
urn:mavedb:00000394-a-1#5020,c.[15A>G;21C>T;22G>C;23A>C;24C>G;36T>C;42C>G;51C>T;82G>T;123T>C;141A>G;165G>A;171T>G;174A>G;177G>A;198G>T;207T>C],NA,p.[Asp8Pro;Asp28Tyr],-1.0338621244575943,-1.1160763365890634,-0.9704730937512206,0.0363984417278253,-1.6227956,0.6138711126403149,0.4604915894570546,0.725270216964989
urn:mavedb:00000394-a-1#5021,c.[3C>T;21C>T;22G>C;23A>C;24C>G;36T>C;39C>T;42C>G;51C>T;72C>T;75C>T;78C>T;82G>T;83A>T;108G>C;120A>G;123T>C;129G>A;141A>G;168G>A;177G>A],NA,p.[Asp8Pro;Asp28Phe],-0.842502186776985,-0.8732820129924893,-0.769855261732431,0.056559553960165,-1.6376595,0.960886737247152,0.9115747137379108,1.0747596578910028
urn:mavedb:00000394-a-1#5022,c.[21C>T;22G>C;23A>C;24C>G;36T>C;42C>G;48C>T;72C>T;75C>T;82G>C;83A>C;84C>G;120A>G;123T>C;129G>A;141A>G;177G>A],NA,p.[Asp8Pro;Asp28Pro],-1.6303155809383305,-1.663542364644074,-1.586757113855206,0.0284684357409517,-1.5880075,-15.0,-25.0,-3.3922741955591
